#   66.000  -0.144   1.197 ;Mean Elev.(m), Avg Gradient(m/km), RMS Gradient(m/km) - SRTM1     
#   64.218   0.013   1.883 ;Mean Elev.(m), Avg Gradient(m/km), RMS Gradient(m/km) - ASTER GDEM
#   66.166  -0.171   1.346 ;Mean Elev.(m), Avg Gradient(m/km), RMS Gradient(m/km) - GMTED2010 
   1 270.159095  35.744839    71.759    71.718  3 54660.04250075 38.462
   2 270.157021  35.743834    69.473    69.393  3 54669.95814632 32.946
   3 270.155745  35.744926    69.905    69.892  3 54679.87378994 36.036
   4 270.158537  35.744251    68.435    68.415  3 54689.78943329 31.093
   5 270.161698  35.745362    66.188    65.729  3 54699.70507426 36.610
   6 270.162632  35.744355    66.678    66.678  2 54709.62071948 27.202
   7 270.157931  35.744534    66.720    66.711  3 54719.53637063 31.335
   8 270.153744  35.742216    70.162    70.157  3 54729.45201957 42.685
   9 270.150575  35.741324    67.627    67.635  3 54739.36766657 41.872
  10 270.150241  35.740476    65.907    65.858  3 54749.28331362 53.035
  11 270.150091  35.741702    65.427    65.526  4 54759.19895998 37.578
  12 270.151296  35.741828    65.137    65.121  3 54769.11460434 38.385
  13 270.152054  35.742127    65.952    66.180  3 54779.03024531 30.318
  14 270.152128  35.742569    65.662    65.994  3 54788.94588385 31.118
  15 270.152428  35.743389    65.025    65.135  3 54798.86152157 41.143
  16 270.154677  35.744383    66.203    66.203  3 54808.77715970 28.334
  17 270.159244  35.744276    69.560    69.524  3 54818.69279786 45.721
  18 270.158386  35.744390    70.165    70.093  3 54828.60844993 51.817
  19 270.155448  35.744030    73.429    73.089  4 54838.52408896 27.900
  20 270.152748  35.741999    71.780    71.659  3 54848.43973854 39.335
  21 270.150474  35.742195    66.802    66.845  3 54858.35538699 29.226
  22 270.150127  35.742540    69.968    69.922  3 54868.27103556 25.231
  23 270.151251  35.741495    71.125    71.128  3 54878.18668364 42.405
  24 270.150816  35.742804    70.599    70.491  3 54888.10232803 40.555
  25 270.149333  35.742163    69.794    69.659  3 54898.01796941 30.383
  26 270.148220  35.740475    71.394    71.427  3 54907.93360866 32.318
  27 270.147753  35.741591    72.131    70.513  3 54917.84924638 31.478
  28 270.149871  35.742410    72.398    72.282  3 54927.76488439 31.751
  29 270.152760  35.743640    72.276    72.214  3 54937.68052178 36.092
  30 270.156398  35.743364    72.538    72.650  3 54947.59615777 34.764
  31 270.157958  35.744736    74.684    74.698  4 54957.51179279 36.782
  32 270.155967  35.743615    75.702    75.718  3 54967.42744145 47.529
  33 270.154333  35.743596    74.894    74.880  4 54977.34308867 45.449
  34 270.153508  35.744108    71.241    71.129  3 54987.25873576 50.927
  35 270.154035  35.743955    69.961    69.971  3 54997.17438318 32.791
  36 270.154564  35.743497    71.999    71.955  3 55007.09002893 53.016
  37 270.154395  35.743449    76.011    76.158  3 55017.00567248 31.110
  38 270.153523  35.744083    67.835    67.793  3 55026.92131455 43.257
  39 270.154192  35.743435    67.581    67.585  3 55036.83695673 34.171
  40 270.155507  35.744461    70.845    68.890  3 55046.75259781 28.339
  41 270.157704  35.745350    67.555    67.643  3 55056.66823721 43.027
  42 270.158819  35.745679    66.990    67.082  3 55066.58387427 43.622
  43 270.155582  35.743637    67.281    67.285  4 55076.49952449 34.948
  44 270.151522  35.743009    66.273    66.303  3 55086.41517202 47.651
  45 270.150323  35.741494    65.370    65.322  3 55096.33081816 35.024
  46 270.150752  35.741144    69.138    69.193  3 55106.24646378 19.543
  47 270.150959  35.742030    69.347    69.352  3 55116.16210871 42.773
  48 270.151025  35.742427    69.731    69.732  3 55126.07775138 51.870
  49 270.151481  35.741841    71.288    71.397  3 55135.99339188 34.529
  50 270.151629  35.742754    72.513    72.472  3 55145.90903021 39.694
  51 270.153566  35.743004    70.370    70.394  4 55155.82466836 32.697
  52 270.155558  35.744049    70.083    69.454  3 55165.74030667 29.400
  53 270.158191  35.744731    69.982    69.961  3 55175.65594493 34.219
  54 270.159473  35.744728    71.788    71.780  3 55185.57158666 34.831
  55 270.156692  35.744071    72.168    72.081  3 55195.48723794 35.372
  56 270.154337  35.742686    69.892    69.354  3 55205.40288794 30.076
  57 270.153504  35.741910    69.260    67.653  3 55215.31853715 30.742
  58 270.152436  35.742514    73.402    73.428  3 55225.23418540 36.704
  59 270.151548  35.742242    73.883    73.801  3 55235.14983175 37.338
  60 270.150915  35.741394    71.949    71.822  3 55245.06547493 33.355
  61 270.149073  35.741168    70.008    70.052  4 55254.98111512 34.717
  62 270.148419  35.740809    68.832    68.648  4 55264.89675404 37.918
  63 270.149325  35.742379    72.593    72.597  3 55274.81239203 32.139
  64 270.152409  35.743266    74.088    74.087  3 55284.72802978 38.528
  65 270.155874  35.743167    74.525    74.225  3 55294.64366609 33.958
  66 270.156116  35.743566    70.456    70.433  3 55304.55930460 40.740
  67 270.153406  35.742410    69.203    69.250  3 55314.47495214 40.728
  68 270.151698  35.743376    74.978    75.017  3 55324.39059729 36.112
  69 270.153030  35.742988    74.433    74.439  3 55334.30624147 43.701
  70 270.154394  35.742993    73.680    73.727  3 55344.22188522 35.445
  71 270.154701  35.743404    70.343    70.347  3 55354.13752810 52.670
  72 270.155120  35.743138    72.570    70.958  3 55364.05316907 35.007
  73 270.155153  35.744106    71.726    71.727  3 55373.96880813 29.392
  74 270.157019  35.744344    71.774    71.716  4 55383.88444645 42.126
  75 270.159445  35.744557    71.843    70.850  4 55393.80008415 31.374
  76 270.162067  35.745134    71.123    71.137  3 55403.71572167 35.327
  77 270.158962  35.744529    70.163    70.152  4 55413.63137349 39.146
  78 270.155362  35.742966    69.524    69.519  3 55423.54702251 25.622
  79 270.151645  35.742672    69.804    69.787  3 55433.46266854 31.950
  80 270.149846  35.742373    68.020    68.002  3 55443.37831285 48.762
  81 270.150653  35.741996    67.244    67.223  4 55453.29395585 52.109
  82 270.152916  35.742482    67.802    67.783  3 55463.20959792 49.384
  83 270.153972  35.744270    68.667    68.708  3 55473.12523748 42.265
  84 270.154834  35.744044    68.166    68.093  3 55483.04087462 38.738
  85 270.154947  35.743782    67.532    67.684  3 55492.95650967 37.237
  86 270.156863  35.744297    67.044    67.039  4 55502.87214350 41.575
  87 270.157525  35.744009    67.210    67.189  3 55512.78779035 31.271
  88 270.157418  35.744571    67.022    66.964  3 55522.70344013 31.412
  89 270.156409  35.744503    68.815    68.895  4 55532.61908853 37.876
  90 270.155124  35.742803    69.277    69.317  3 55542.53473548 26.422
  91 270.153375  35.742399    67.647    67.634  3 55552.45038002 32.121
  92 270.152749  35.742594    70.823    68.161  3 55562.36602305 31.637
  93 270.154312  35.743212    69.604    69.608  4 55572.28166536 37.464
  94 270.156371  35.743202    67.389    67.317  3 55582.19730650 34.783
  95 270.156328  35.744503    66.810    66.795  4 55592.11294393 42.427
  96 270.156487  35.744409    68.984    68.945  4 55602.02857837 38.660
  97 270.156565  35.745167    67.148    67.241  3 55611.94421069 35.259
  98 270.158662  35.745252    73.166    73.164  3 55621.85984482 38.444
  99 270.157646  35.743785    75.252    75.247  3 55631.77549826 38.252
 100 270.156323  35.745046    76.127    76.187  3 55641.69114905 35.672
 101 270.156009  35.743733    75.032    74.810  3 55651.60679763 38.600
 102 270.153543  35.743423    72.108    72.100  3 55661.52244187 26.486
 103 270.151876  35.742488    75.173    75.176  4 55671.43808292 34.987
 104 270.152256  35.742723    76.753    76.754  3 55681.35372210 36.050
 105 270.155902  35.743825    78.626    78.644  4 55691.26935950 41.044
 106 270.160095  35.745345    76.993    76.976  3 55701.18499516 42.225
 107 270.162420  35.744608    74.747    74.732  3 55711.10063609 51.626
 108 270.158928  35.744397    73.184    73.135  3 55721.01628539 40.562
 109 270.155495  35.744470    72.557    71.405  3 55730.93193263 33.098
 110 270.155159  35.742843    73.477    72.526  3 55740.84757938 33.312
 111 270.154810  35.743742    72.149    72.080  3 55750.76322453 34.114
 112 270.155615  35.744095    70.587    70.602  4 55760.67886761 39.933
 113 270.156469  35.743265    69.436    69.442  3 55770.59450805 35.592
 114 270.155157  35.744157    69.436    69.408  3 55780.51014453 31.882
 115 270.155653  35.744028    68.716    68.741  4 55790.42577859 47.212
 116 270.158483  35.744298    67.963    67.984  3 55800.34141140 47.160
 117 270.158174  35.744537    67.162    67.155  4 55810.25705925 38.671
 118 270.159042  35.743995    67.854    67.801  3 55820.17270788 46.528
 119 270.159218  35.744670    69.080    67.293  4 55830.08835161 39.830
 120 270.158085  35.745459    67.072    66.953  3 55840.00399073 49.663
 121 270.157507  35.744774    66.329    65.788  3 55849.91962731 49.862
 122 270.159610  35.743968    66.866    66.864  3 55859.83526242 26.298
 123 270.158098  35.745466    67.110    67.028  3 55869.75091246 38.564
 124 270.158849  35.745250    66.817    66.835  3 55879.66656398 24.312
 125 270.159880  35.744490    70.080    70.090  3 55889.58220894 43.091
 126 270.160083  35.744360    72.238    72.299  3 55899.49784782 28.581
 127 270.160953  35.744917    73.715    73.662  3 55909.41348162 44.065
 128 270.157514  35.744633    72.103    72.101  3 55919.32913219 52.094
 129 270.155380  35.744502    71.980    71.979  3 55929.24478458 49.717
 130 270.154512  35.744543    72.834    73.025  3 55939.16043333 25.831
 131 270.154251  35.742464    70.339    70.421  3 55949.07607775 29.621
 132 270.152581  35.742845    72.839    72.839  3 55958.99171723 52.513
 133 270.152953  35.742113    72.407    72.204  3 55968.90735495 29.296
 134 270.154453  35.743512    68.517    68.543  4 55978.82299166 30.418
 135 270.157777  35.744688    73.239    72.925  3 55988.73862799 21.219
 136 270.159957  35.744311    75.151    75.161  3 55998.65427010 25.773
 137 270.156960  35.744601    71.097    71.108  4 56008.56992123 48.313
 138 270.154093  35.744239    69.836    69.828  3 56018.48556821 41.568
 139 270.152633  35.742520    67.837    67.827  3 56028.40121243 46.169
 140 270.152616  35.742162    67.872    67.856  3 56038.31685455 34.240
 141 270.154496  35.743772    67.214    67.221  4 56048.23249440 43.645
 142 270.158262  35.744499    70.538    70.486  4 56058.14813179 50.690
 143 270.162897  35.744997    69.307    69.286  3 56068.06376495 39.578
 144 270.160287  35.743750    66.479    65.969  3 56077.97941539 46.107
 145 270.156152  35.744437    67.174    67.191  4 56087.89506347 36.638
 146 270.154616  35.744294    66.703    67.271  3 56097.81070962 30.396
 147 270.155327  35.743252    65.509    64.992  3 56107.72635403 38.205
 148 270.155282  35.744543    65.673    65.197  3 56117.64198356 31.349
 149 270.156234  35.744966    66.480    66.368  3 56127.55762123 25.029
 150 270.157528  35.744671    65.103    64.951  4 56137.47325527 38.534
 151 270.155948  35.744072    64.519    64.005  4 56147.38890076 38.302
 152 270.154853  35.743882    65.982    66.059  4 56157.30454964 27.212
 153 270.154992  35.743818    65.718    65.807  3 56167.22019757 26.860
 154 270.155044  35.744053    64.456    64.469  3 56177.13584285 43.734
 155 270.155562  35.743890    63.760    63.833  4 56187.05148351 45.386
 156 270.155965  35.743800    65.212    65.257  4 56196.96712059 27.409
 157 270.156811  35.745314    65.572    65.513  3 56206.88275465 23.885
 158 270.160698  35.744881    72.009    73.852  3 56216.79838806 18.786
 159 270.162698  35.745078    69.260    69.260  2 56226.71403022 24.958
 160 270.160742  35.745002    65.974    65.995  3 56236.62968528 27.383
 161 270.158218  35.744919    65.298    65.144  3 56246.54533639 32.130
 162 270.156778  35.743930    64.778    64.618  3 56256.46098261 39.339
 163 270.156274  35.743837    63.968    63.976  3 56266.37662489 41.729
 164 270.156810  35.743629    67.572    67.594  3 56276.29226547 30.859
 165 270.155456  35.744367    67.829    67.791  3 56286.20791171 37.463
 166 270.153416  35.743996    69.604    69.612  3 56296.12356139 50.648
 167 270.152259  35.741801    75.520    75.885  3 56306.03920747 33.793
 168 270.150506  35.742409    72.350    72.394  3 56315.95484986 33.328
 169 270.151449  35.742182    73.224    73.178  4 56325.87049113 28.158
 170 270.153805  35.743020    71.774    71.662  3 56335.78613158 33.883
 171 270.156152  35.744371    75.347    75.163  4 56345.70177079 29.402
 172 270.158221  35.744562    69.224    69.242  4 56355.61740781 26.829
 173 270.156226  35.743131    70.940    70.922  3 56365.53305451 34.520
 174 270.153301  35.742204    73.390    73.315  3 56375.44870343 52.968
 176 270.152782  35.743418    69.169    69.138  3 56395.27999248 39.177
 177 270.155291  35.743399    73.538    73.543  3 56405.19563412 49.364
 178 270.157409  35.744332    75.137    75.113  4 56415.11127230 51.111
 179 270.160851  35.743888    75.579    75.582  3 56425.02690610 51.938
 180 270.158292  35.744394    74.667    74.934  3 56434.94255304 30.348
 181 270.154601  35.743825    75.718    76.059  3 56444.85820485 30.705
 182 270.153012  35.743740    73.337    73.310  3 56454.77385440 33.665
 183 270.152626  35.742924    72.410    72.349  4 56464.68950139 34.139
 184 270.152390  35.742201    70.832    70.848  4 56474.60514477 46.862
 185 270.151699  35.742874    73.308    73.318  3 56484.52078438 51.842
 186 270.152662  35.742865    71.774    71.766  4 56494.43642097 36.299
 187 270.155688  35.744073    68.783    68.791  3 56504.35205527 35.840
 188 270.161781  35.744600    66.922    66.922  2 56514.26768825 31.076
 189 270.161531  35.744309    68.948    69.034  3 56524.18333926 46.192
 190 270.158176  35.744865    66.985    66.974  3 56534.09898990 40.244
 192 270.152972  35.743050    65.254    64.656  3 56553.93028152 41.485
 193 270.154079  35.742615    65.766    65.382  3 56563.84592449 36.919
 194 270.156521  35.743582    69.525    66.762  3 56573.76156618 27.203
 195 270.159052  35.745485    67.015    66.959  3 56583.67720534 35.745
 196 270.163113  35.744837    66.239    66.256  3 56593.59284055 27.932
 197 270.158482  35.744496    66.150    66.141  4 56603.50849330 34.788
 198 270.154906  35.744177    66.335    66.331  3 56613.42414198 22.757
 199 270.154857  35.743545    67.159    67.136  3 56623.33978675 33.531
 200 270.155973  35.743584    66.945    66.944  3 56633.25542851 29.568
 201 270.158589  35.744110    73.630    75.070  3 56643.17106560 24.294
 202 270.155580  35.743868    71.354    71.418  4 56653.08671619 35.479
 203 270.152717  35.742361    71.484    71.573  3 56663.00236530 26.755
 204 270.150535  35.742096    69.877    70.018  3 56672.91801167 49.426
 205 270.150657  35.742929    70.465    70.498  3 56682.83365681 22.911
 206 270.153599  35.742853    72.590    74.059  3 56692.74930043 28.215
 207 270.156722  35.744304    71.163    71.157  3 56702.66493969 32.778
 208 270.158437  35.745659    69.517    69.491  3 56712.58057370 31.605
 209 270.155388  35.743762    71.411    71.422  4 56722.49622106 33.190
 210 270.151597  35.741938    69.180    69.167  3 56732.41187237 47.271
 211 270.151431  35.741488    68.925    68.895  3 56742.32751996 37.140
 212 270.154146  35.742400    68.931    68.963  3 56752.24316306 47.099
 213 270.157486  35.744960    74.918    75.084  4 56762.15880061 34.985
 214 270.162140  35.744540    72.588    72.588  2 56772.07443200 22.743
 215 270.155864  35.743905    72.081    71.927  3 56781.99008840 27.146
 216 270.151222  35.742267    75.379    75.721  4 56791.90574262 29.585
 217 270.149287  35.740122    71.798    71.779  3 56801.82139443 52.361
 218 270.149678  35.741502    69.300    69.082  4 56811.73703850 29.542
 219 270.151885  35.741514    72.229    70.939  3 56821.65267886 31.122
 220 270.153249  35.742607    73.530    74.179  4 56831.56831472 25.571
 221 270.154948  35.743486    70.633    70.701  3 56841.48394723 46.248
 222 270.156142  35.743528    71.821    70.078  3 56851.39958471 33.440
 223 270.153371  35.744062    69.726    69.727  3 56861.31523844 43.403
 224 270.153391  35.743521    67.608    67.609  3 56871.23089188 49.971
 225 270.153537  35.743075    67.282    67.364  4 56881.14654238 41.841
 226 270.152378  35.742742    67.105    67.058  3 56891.06218908 45.072
 227 270.149898  35.742230    67.221    67.164  3 56900.97783285 30.744
 228 270.149121  35.740822    67.587    67.616  3 56910.89347513 30.039
 229 270.150145  35.742392    69.156    69.142  3 56920.80911560 33.687
 230 270.154802  35.743235    67.416    67.385  3 56930.72475453 41.994
 231 270.159805  35.744545    68.685    68.682  3 56940.64038850 44.243
 232 270.161910  35.744033    71.016    71.030  3 56950.55602825 32.902
 233 270.156043  35.745082    67.899    67.977  3 56960.47167950 39.264
 234 270.153852  35.742581    67.073    66.831  3 56970.38732657 45.166
 235 270.153445  35.743276    67.266    67.264  3 56980.30296907 32.726
 236 270.156243  35.743772    70.078    67.440  3 56990.21860737 35.409
 237 270.160695  35.745000    68.552    68.523  3 57000.13423933 49.068
 238 270.157456  35.744097    68.546    68.554  3 57010.04989348 39.134
 239 270.154005  35.742906    67.741    67.737  3 57019.96554547 48.359
 240 270.151757  35.742497    70.630    69.366  4 57029.88119467 22.149
 241 270.151563  35.742468    69.891    68.172  4 57039.79684247 26.467
 242 270.153373  35.742400    69.273    67.502  3 57049.71248834 36.087
 243 270.155422  35.743602    67.394    67.344  3 57059.62812998 35.940
 244 270.157490  35.744113    67.482    67.402  3 57069.54376603 46.702
 245 270.158974  35.744632    69.211    69.083  3 57079.45939758 48.135
 246 270.159844  35.744162    70.777    70.794  3 57089.37503541 35.604
 247 270.156588  35.743241    74.430    74.436  3 57099.29069327 42.399
 248 270.154737  35.744557    74.726    74.724  3 57109.20634772 54.155
 249 270.155645  35.744035    70.971    70.952  4 57119.12199740 43.342
 250 270.155692  35.743300    73.937    73.190  3 57129.03764110 35.812
 251 270.155525  35.742825    73.725    73.719  3 57138.95327932 34.776
 252 270.156104  35.743975    69.173    69.170  4 57148.86891379 38.092
 253 270.160145  35.743589    68.361    68.365  3 57158.78454630 39.349
 254 270.158727  35.744534    73.695    75.056  4 57168.70019554 25.782
 255 270.155321  35.744488    70.043    70.019  3 57178.61585149 36.909
 256 270.152979  35.742975    70.293    70.238  4 57188.53150370 37.276
 257 270.151516  35.742222    73.184    73.234  4 57198.44715173 33.027
 258 270.150956  35.742708    74.295    74.240  3 57208.36278569 34.819
 259 270.152622  35.742145    75.012    75.089  3 57218.27843005 42.455
 260 270.154319  35.742594    74.989    74.990  3 57228.19407316 53.937
 261 270.155761  35.743429    70.594    70.613  3 57238.10971402 32.662
 262 270.157188  35.744230    68.863    68.805  4 57248.02535164 45.790
 263 270.158642  35.745017    67.727    67.603  3 57257.94098687 39.339
 264 270.161648  35.744373    66.081    66.103  3 57267.85662150 44.565
 265 270.160704  35.745401    66.798    66.790  3 57277.77226933 29.235
 266 270.159009  35.744820    66.549    66.563  3 57287.68792584 31.582
 267 270.156244  35.745138    66.651    66.670  3 57297.60357924 32.093
 268 270.154707  35.743483    66.849    66.870  4 57307.51922948 39.356
 269 270.152701  35.742212    64.311    64.310  3 57317.43487578 42.377
 270 270.151464  35.741609    66.163    66.090  3 57327.35051856 37.399
 271 270.152437  35.741989    66.113    66.094  3 57337.26615911 32.585
 272 270.152036  35.742299    68.597    68.626  4 57347.18180645 48.143
 273 270.151901  35.741596    69.623    69.660  3 57357.09745309 40.243
 274 270.150855  35.742906    72.124    72.128  3 57367.01309582 37.288
 275 270.152203  35.742143    70.876    70.849  3 57376.92873622 30.967
 276 270.154350  35.743449    74.634    74.551  4 57386.84437472 38.519
 277 270.157433  35.744927    76.595    76.589  3 57396.76001275 40.587
 278 270.161309  35.744922    74.215    74.190  3 57406.67565001 35.457
 279 270.158970  35.744561    70.254    70.331  3 57416.59130115 53.729
 280 270.155817  35.743910    73.580    73.485  4 57426.50695242 30.007
 281 270.153797  35.742889    70.279    70.283  3 57436.42260079 48.873
 282 270.153359  35.743423    72.910    72.879  3 57446.33824718 37.969
 283 270.154518  35.743645    72.957    72.961  4 57456.25389274 34.429
 284 270.156502  35.743269    74.006    74.107  3 57466.16953617 28.531
 285 270.157438  35.744558    69.902    69.759  4 57476.08517531 50.693
 286 270.158346  35.744431    71.666    70.672  4 57486.00081143 32.793
 287 270.159767  35.744393    69.998    69.994  3 57495.91644524 30.568
 288 270.162845  35.744044    68.278    68.174  3 57505.83208029 40.793
 289 270.158823  35.744619    72.016    71.894  4 57515.74773644 25.459
 290 270.156615  35.743881    72.266    72.256  3 57525.66339052 41.433
 291 270.154026  35.743261    74.784    75.501  3 57535.57904212 30.477
 292 270.151232  35.743103    69.986    70.028  3 57545.49469071 33.291
 293 270.150398  35.742824    68.317    68.340  3 57555.41033726 35.096
 294 270.152071  35.742636    68.206    68.219  3 57565.32598235 46.397
 295 270.153889  35.743322    67.852    67.834  4 57575.24162650 38.456
 296 270.154958  35.743578    71.424    69.514  3 57585.15726991 31.163
 297 270.155227  35.743317    67.457    67.457  3 57595.07291127 44.925
