#  170.018  -1.839   9.625 ;Mean Elev.(m), Avg Gradient(m/km), RMS Gradient(m/km) - SRTM1     
#  167.681  -1.541   9.664 ;Mean Elev.(m), Avg Gradient(m/km), RMS Gradient(m/km) - ASTER GDEM
#  171.102  -1.805   9.755 ;Mean Elev.(m), Avg Gradient(m/km), RMS Gradient(m/km) - GMTED2010 
   1 269.601730  41.572248   174.204   174.242  5 54667.59547385 31.619
   2 269.597741  41.569942   174.041   173.960  5 54677.51111738 29.973
   3 269.595748  41.569095   214.230   215.936  5 54687.42675995 15.139
   4 269.597834  41.569926   173.464   173.949  5 54697.34240133 38.983
   5 269.603225  41.572628   227.787   229.773  5 54707.25804340 18.929
   6 269.603254  41.572591   174.392   174.318  4 54717.17369517 35.800
   7 269.602435  41.572166   227.365   227.303  5 54727.08934440 21.448
   8 269.598425  41.570705   174.009   173.975  5 54737.00499169 32.912
   9 269.588587  41.563112   174.000   173.935  9 54746.92063700 30.302
  10 269.584736  41.561585   171.658   171.695  7 54756.83628364 37.707
  11 269.585882  41.561904   172.568   172.534  8 54766.75192924 25.942
  12 269.595076  41.569130   175.821   173.712  5 54776.66757367 27.773
  13 269.599294  41.570606   174.086   174.122  5 54786.58321403 29.284
  14 269.600758  41.571272   174.105   174.173  4 54796.49885261 41.241
  15 269.601279  41.571789   174.114   174.121  4 54806.41449050 34.579
  16 269.603004  41.572392   174.221   174.246  4 54816.33012786 43.307
  17 269.600496  41.570968   174.394   174.490  5 54826.24577508 32.092
  18 269.596329  41.569050   173.732   173.786  4 54836.16141351 25.467
  19 269.585960  41.560588   170.923   170.958  9 54846.07706052 47.453
  20 269.584246  41.562526   170.811   170.819  7 54855.99270979 44.102
  21 269.582109  41.562755   172.583   171.394  5 54865.90835875 28.096
  22 269.581141  41.561925   171.641   171.807  5 54875.82400720 33.616
  23 269.582666  41.561459   170.794   170.787  6 54885.73965304 40.829
  24 269.584878  41.561635   178.012   174.921  8 54895.65529556 25.323
  25 269.585799  41.561463   172.294   172.296  8 54905.57093506 34.484
  26 269.586378  41.561497   176.150   177.822  8 54915.48657321 28.421
  27 269.587257  41.561952   172.620   172.572  9 54925.40221103 35.985
  28 269.593981  41.567987   173.521   173.554  5 54935.31784971 31.641
  29 269.600851  41.571260   174.143   173.995  5 54945.23348594 42.885
  30 269.609237  41.574389   173.982   173.947  3 54955.14911987 51.486
  31 269.608760  41.574293   174.203   174.096  3 54965.06476659 32.035
  32 269.604515  41.572423   174.030   173.936  4 54974.98041394 34.334
  33 269.600835  41.571806   174.214   174.154  5 54984.89606139 30.242
  34 269.597116  41.569291   218.630   218.175  5 54994.81170845 14.266
  35 269.596018  41.569380   173.972   173.956  5 55004.72735484 29.774
  36 269.593767  41.568064   172.965   173.567  4 55014.64299861 28.989
  37 269.588535  41.562827   172.123   172.284  9 55024.55863988 34.643
  38 269.586087  41.561369   171.795   171.878  9 55034.47428139 32.547
  39 269.588216  41.562970   172.230   172.563  9 55044.38992310 27.515
  40 269.597586  41.569867   173.445   174.006  5 55054.30556475 36.657
  41 269.606134  41.574572   173.997   174.029  3 55064.22120369 33.517
  42 269.604329  41.572587   174.238   174.301  4 55074.13684942 44.143
  43 269.599821  41.570808   174.103   173.957  4 55084.05249669 38.561
  44 269.594793  41.568789   173.679   173.763  5 55093.96814250 29.252
  45 269.588478  41.562829   171.939   172.254  9 55103.88378743 28.747
  46 269.588173  41.562702   172.465   172.557  9 55113.79943381 29.344
  47 269.594210  41.568437   174.125   174.229  4 55123.71507941 25.712
  48 269.597239  41.569830   174.558   174.709  5 55133.63072101 28.044
  49 269.598346  41.569794   173.847   173.901  5 55143.54635989 39.300
  50 269.598561  41.570319   178.628   178.217  5 55153.46199798 27.821
  51 269.598653  41.569975   174.316   174.290  5 55163.37763615 39.385
  52 269.601189  41.571281   174.010   174.057  5 55173.29327454 39.112
  53 269.606214  41.574375   174.199   174.231  3 55183.20891286 47.671
  54 269.600557  41.571671   173.918   173.913  5 55193.12456298 32.833
  55 269.590433  41.564875   171.714   171.120  7 55203.04021080 37.823
  56 269.584671  41.562352   170.709   170.694  7 55212.95585932 41.748
  57 269.582632  41.561093   171.455   171.413  6 55222.87150804 29.735
  58 269.583988  41.561118   178.861   178.939  7 55232.78715592 24.107
  59 269.588657  41.563201   172.153   172.464  8 55242.70280124 25.749
  60 269.592683  41.567185   172.409   173.094  6 55252.61844345 39.844
  61 269.587465  41.561948   171.409   170.759  9 55262.53408067 39.725
  62 269.586144  41.561363   172.583   172.601  8 55272.44971798 32.727
  63 269.590663  41.564771   172.884   173.096  7 55282.36535630 35.120
  64 269.599509  41.570374   174.039   174.139  5 55292.28099420 41.301
  65 269.608169  41.574879   173.925   173.925  2 55302.19663059 37.871
  66 269.607201  41.574733   174.235   174.192  3 55312.11227796 27.713
  67 269.602840  41.572204   174.024   174.037  5 55322.02792243 29.621
  68 269.598357  41.570262   173.905   173.913  5 55331.94356598 30.899
  69 269.595180  41.568768   173.699   173.748  4 55341.85920977 29.424
  70 269.595896  41.569332   174.326   174.592  5 55351.77485411 28.885
  71 269.597677  41.570082   174.473   174.105  5 55361.69049636 31.171
  72 269.597799  41.570038   174.199   174.108  5 55371.60613613 31.908
  73 269.597519  41.570297   174.003   174.058  5 55381.52177435 29.487
  74 269.596922  41.569428   173.722   173.750  5 55391.43741149 40.984
  75 269.601644  41.571573   174.186   174.243  4 55401.35304833 31.785
  76 269.604264  41.573037   174.235   174.229  4 55411.26869817 45.410
  77 269.606216  41.574427   174.285   174.325  3 55421.18434821 47.060
  78 269.604177  41.573099   174.261   174.257  4 55431.09999456 36.305
  79 269.597661  41.569695   174.017   174.054  5 55441.01563804 37.558
  80 269.591540  41.565971   175.548   175.935  7 55450.93128016 26.152
  81 269.590961  41.565397   176.843   174.499  7 55460.84692283 25.560
  82 269.597762  41.570164   173.806   173.821  5 55470.76256599 29.871
  83 269.603522  41.572433   173.838   173.862  4 55480.67820556 33.663
  84 269.608104  41.574858   173.963   173.963  2 55490.59384245 34.862
  85 269.609296  41.575367   174.044   174.065  3 55500.50947640 33.729
  86 269.605731  41.574504   174.071   173.979  3 55510.42511804 43.770
  87 269.598861  41.570625   174.075   174.078  4 55520.34076628 41.061
  88 269.596536  41.569687   174.366   174.676  5 55530.25641443 29.138
  89 269.595965  41.569297   173.817   173.851  5 55540.17206124 33.316
  90 269.594907  41.568801   172.645   172.414  5 55550.08770591 35.981
  91 269.587141  41.561741   216.422   216.618 10 55560.00334726 15.986
  92 269.585406  41.561583   173.977   172.428  9 55569.91898973 27.342
  93 269.586441  41.561439   173.787   172.389  8 55579.83463153 25.907
  94 269.596881  41.569390   174.038   173.997  5 55589.75027299 25.784
  95 269.607152  41.575030   174.320   174.332  3 55599.66591084 32.752
  96 269.610648  41.574766   174.060   174.065  3 55609.58154444 31.360
  97 269.611816  41.575362   174.568   174.556  3 55619.49717626 48.148
  98 269.604818  41.573480   174.072   174.091  5 55629.41282458 33.389
  99 269.600358  41.571268   174.089   174.133  4 55639.32847443 38.547
 100 269.601279  41.571294   173.931   173.919  5 55649.24412287 34.904
 101 269.604591  41.573192   173.621   173.583  5 55659.15976873 36.898
 102 269.605920  41.574715   174.398   174.430  3 55669.07541072 39.328
 103 269.602730  41.572655   174.391   174.415  5 55678.99104954 31.741
 104 269.600251  41.570897   173.779   173.834  4 55688.90668668 30.831
 105 269.601444  41.571505   174.385   174.099  5 55698.82232319 27.142
 106 269.604668  41.572459   174.274   174.281  4 55708.73796104 34.736
 107 269.603146  41.572550   174.138   174.101  4 55718.65361177 31.493
 108 269.599122  41.570464   174.210   174.150  5 55728.56925925 29.642
 109 269.595479  41.568799   173.770   173.830  4 55738.48490522 38.807
 110 269.592497  41.567123   173.046   173.218  6 55748.40054992 35.609
 111 269.592696  41.566478   174.737   173.905  6 55758.31619278 26.820
 112 269.599055  41.570534   174.040   174.064  4 55768.23183436 41.751
 113 269.606722  41.575044   174.257   174.378  3 55778.14747310 47.912
 114 269.610444  41.575802   173.904   173.847  3 55788.06310837 39.706
 115 269.611554  41.575892   173.935   173.935  2 55797.97874209 33.474
 116 269.608582  41.575624   174.241   174.244  3 55807.89438612 41.091
 117 269.603701  41.572490   174.060   174.059  4 55817.81003440 32.630
 118 269.606793  41.574910   174.082   174.114  3 55827.72568065 37.135
 119 269.609245  41.575015   173.907   173.900  3 55837.64132198 45.358
 120 269.610993  41.575542   174.063   174.063  2 55847.55696010 33.380
 121 269.610982  41.575699   174.111   174.111  2 55857.47259550 54.144
 122 269.606442  41.574522   174.060   174.044  3 55867.38823987 35.231
 123 269.599933  41.571325   174.063   174.021  5 55877.30389053 43.147
 124 269.598525  41.570200   173.960   174.037  4 55887.21953571 29.244
 125 269.600683  41.571006   173.874   173.848  5 55897.13517596 30.416
 126 269.605635  41.573702   173.895   173.876  4 55907.05081185 51.422
 127 269.602448  41.572292   173.996   174.042  5 55916.96645729 32.905
 128 269.596536  41.569739   174.454   173.991  5 55926.88210995 29.371
 129 269.594528  41.568767   172.061   171.869  5 55936.79775993 37.840
 130 269.595916  41.569081   172.731   172.965  5 55946.71340549 39.496
 131 269.599205  41.570573   173.994   174.030  4 55956.62904683 29.912
 132 269.602038  41.572379   173.971   174.003  5 55966.54468544 37.806
 133 269.602167  41.572231   174.236   174.162  4 55976.46032224 42.130
 134 269.603284  41.572135   173.945   173.944  5 55986.37595827 34.317
 135 269.608824  41.575648   173.878   173.835  3 55996.29159592 35.492
 136 269.607269  41.575027   173.874   173.854  3 56006.20724701 32.199
 137 269.605222  41.573354   174.216   174.050  4 56016.12289388 26.845
 138 269.601913  41.572201   174.048   174.094  5 56026.03853794 29.427
 139 269.597406  41.569937   173.652   173.613  4 56035.95418015 31.112
 140 269.596561  41.569654   178.226   177.490  4 56045.86982111 21.826
 141 269.597799  41.569533   176.206   174.841  5 56055.78545948 25.526
 142 269.603520  41.572244   174.169   174.069  5 56065.70109469 31.903
 143 269.602440  41.572102   173.895   173.827  5 56075.61674070 28.570
 144 269.597245  41.569755   173.893   173.915  5 56085.53238900 40.329
 145 269.594730  41.568447   173.968   174.068  5 56095.44803522 27.184
 146 269.595541  41.568643   173.786   173.773  5 56105.36367984 37.614
 147 269.599573  41.570790   173.954   173.986  4 56115.27931062 41.846
 148 269.605582  41.574548   174.648   174.466  3 56125.19494974 45.430
 149 269.608759  41.574365   174.171   174.211  3 56135.11058397 49.111
 150 269.608629  41.574762   174.019   174.019  2 56145.02622544 36.654
 151 269.603851  41.572840   174.038   174.054  4 56154.94187485 31.225
 152 269.599961  41.570730   174.019   174.041  5 56164.85752332 29.342
 153 269.599762  41.570886   173.256   173.958  4 56174.77317039 38.313
 154 269.602184  41.571968   174.140   174.046  4 56184.68881273 33.345
 155 269.604835  41.573433   174.156   174.168  4 56194.60445128 32.538
 156 269.605208  41.573346   174.061   173.847  5 56204.52008630 35.159
 157 269.607261  41.575243   174.533   174.471  3 56214.43572015 49.522
 158 269.607818  41.574548   174.141   174.085  3 56224.35135585 53.591
 159 269.602999  41.572252   174.126   174.155  4 56234.26701063 28.616
 160 269.600543  41.571407   174.156   174.198  5 56244.18266200 30.616
 161 269.597508  41.569577   173.857   173.871  5 56254.09830836 28.499
 162 269.595815  41.569093   173.032   173.728  4 56264.01395099 40.075
 163 269.595101  41.568704   173.469   173.924  5 56273.92959206 27.264
 164 269.596471  41.569378   173.848   173.869  4 56283.84523665 32.517
 165 269.596900  41.569508   173.840   173.868  4 56293.76088838 36.292
 166 269.598422  41.570696   174.078   174.125  5 56303.67653602 34.398
 167 269.597280  41.569902   173.890   173.876  4 56313.59217888 27.777
 168 269.595305  41.568922   173.393   173.610  5 56323.50781931 26.702
 169 269.595503  41.569361   173.836   173.838  5 56333.42345940 36.184
 170 269.598567  41.570262   173.458   173.893  5 56343.33909923 38.312
 171 269.605405  41.573668   174.462   174.441  4 56353.25473757 46.368
 172 269.608486  41.575729   174.281   174.297  3 56363.17038043 29.818
 173 269.602126  41.571775   174.154   174.068  5 56373.08602804 39.474
 175 269.585778  41.560651   178.289   178.976  9 56392.91731517 26.618
 176 269.587295  41.561954   173.462   173.134  9 56402.83295827 33.418
 177 269.595163  41.568600   173.514   173.465  5 56412.74860010 29.807
 178 269.602570  41.572234   173.956   173.967  4 56422.66423627 34.991
 179 269.602407  41.571975   174.015   173.943  4 56432.57987835 30.294
 180 269.594308  41.568116   174.217   174.114  4 56442.49552924 28.007
 181 269.585873  41.561392   172.502   172.429  8 56452.41117691 29.602
 182 269.587135  41.562234   172.772   172.780  9 56462.32682433 32.144
 183 269.594949  41.568767   173.674   173.802  4 56472.24247013 29.929
 184 269.599787  41.570680   174.116   174.116  5 56482.15811137 39.646
 185 269.602311  41.572014   173.964   173.944  5 56492.07374878 32.125
 186 269.603826  41.572865   173.986   174.002  4 56501.98938372 34.147
 187 269.607751  41.574947   174.318   174.213  3 56511.90501770 38.919
 188 269.607656  41.574912   174.118   174.090  3 56521.82066443 36.495
 189 269.606392  41.574893   173.935   173.980  3 56531.73631739 32.356
 191 269.600567  41.571217   174.218   174.277  5 56551.56761049 28.113
 192 269.595360  41.568892   173.715   173.773  4 56561.48325225 29.881
 193 269.588566  41.562843   174.988   172.571  9 56571.39889190 27.372
 194 269.592223  41.566266   175.292   175.390  6 56581.31453266 25.491
 195 269.602714  41.572748   174.019   174.112  5 56591.23017041 31.313
 196 269.603767  41.573194   174.259   174.444  5 56601.14581900 49.823
 197 269.598755  41.570016   174.025   173.971  5 56611.06146793 29.069
 198 269.594705  41.568598   173.646   173.598  5 56620.97711283 29.689
 199 269.589875  41.564126   172.677   173.151  7 56630.89275415 28.555
 200 269.597040  41.569696   173.686   173.646  5 56640.80839472 26.873
 201 269.601098  41.571599   225.656   227.057  5 56650.72404307 19.998
 202 269.601513  41.571936   174.131   174.258  5 56660.63969392 41.677
 203 269.598988  41.570984   173.545   174.459  5 56670.55534067 37.526
 204 269.592845  41.567099   171.518   171.184  6 56680.47098423 42.637
 205 269.588831  41.563157   171.020   170.669  8 56690.38662605 33.025
 206 269.596060  41.569161   216.960   218.403  4 56700.30226744 11.083
 207 269.604623  41.573328   174.420   174.788  5 56710.21790390 45.456
 208 269.606908  41.575037   174.553   174.566  3 56720.13354625 42.670
 209 269.598448  41.570243   222.935   222.994  4 56730.04919663 19.397
 210 269.586066  41.560824   172.968   171.978  9 56739.96484206 28.263
 211 269.584735  41.562487   172.295   171.852  7 56749.88048659 27.073
 212 269.586179  41.561517   175.986   175.539  8 56759.79612604 25.630
 213 269.599501  41.570995   174.229   174.117  5 56769.71176213 27.733
 214 269.598936  41.570923   175.960   174.041  5 56779.62741275 27.437
 215 269.590890  41.565335   173.081   173.237  7 56789.54306631 31.015
 216 269.583422  41.561519   172.677   172.626  6 56799.45871677 32.454
 217 269.582331  41.562574   172.389   172.369  5 56809.37436231 29.467
 218 269.584262  41.562094   178.373   179.169  7 56819.29000247 25.242
 219 269.594259  41.568062   173.424   173.422  4 56829.20564083 35.619
 220 269.604587  41.573153   217.647   217.075  4 56839.12127595 17.417
 221 269.610075  41.575054   173.984   173.984  2 56849.03690904 40.853
 222 269.601792  41.571642   174.091   174.081  4 56858.95256232 31.179
 223 269.594398  41.568111   174.092   173.945  4 56868.86821477 26.472
 224 269.588599  41.563164   174.479   172.894  9 56878.78386494 25.653
 225 269.588140  41.562690   174.355   172.653  9 56888.69951304 26.468
 226 269.588369  41.563025   176.107   175.037  9 56898.61515855 26.768
 227 269.586085  41.562385   172.386   172.407  8 56908.53080106 32.036
 228 269.583387  41.561239   172.219   172.250  7 56918.44644137 33.690
 229 269.583748  41.561182   171.889   171.981  7 56928.36208005 33.417
 230 269.590907  41.565409   172.051   172.670  7 56938.27771595 32.762
 231 269.601656  41.571620   174.144   174.135  4 56948.19335132 29.656
 232 269.599970  41.571261   174.037   174.067  5 56958.10900433 29.696
 233 269.596876  41.569738   173.613   174.066  5 56968.02465184 30.785
 234 269.594567  41.568505   173.641   173.650  5 56977.94029566 27.582
 235 269.595106  41.568473   173.662   173.735  4 56987.85593556 31.074
 236 269.602145  41.571736   173.953   173.928  5 56997.77157063 31.117
 237 269.604053  41.572955   173.934   173.895  4 57007.68721932 31.077
 238 269.601596  41.571634   173.943   173.966  4 57017.60287251 29.898
 239 269.598806  41.570870   214.970   209.557  5 57027.51852217 14.861
 240 269.593063  41.566929   173.268   173.944  6 57037.43416900 25.604
 241 269.590724  41.565203   172.339   172.658  7 57047.34981392 37.477
 242 269.594920  41.568668   172.967   173.759  4 57057.26545670 32.751
 243 269.600566  41.571620   174.190   174.280  5 57067.18109409 27.297
 244 269.604789  41.573469   174.423   174.405  4 57077.09672693 37.575
 245 269.608165  41.574761   174.315   174.315  2 57087.01235856 42.787
 246 269.597295  41.569512   173.973   173.699  5 57096.92801557 29.871
 247 269.585870  41.560624   175.963   176.592  9 57106.84366902 26.871
 248 269.585587  41.561220   174.749   172.953  8 57116.75932043 25.494
 249 269.588105  41.562754   172.519   172.667  9 57126.67496596 35.832
 250 269.593016  41.566815   172.844   173.170  6 57136.59060666 31.572
 251 269.598208  41.570220   174.874   174.811  4 57146.50624300 29.346
 252 269.602859  41.571941   173.973   174.010  5 57156.42187644 32.160
 253 269.604558  41.573051   174.111   174.019  4 57166.33751946 50.104
 254 269.600419  41.571365   174.027   174.031  4 57176.25317495 43.149
 255 269.598618  41.570485   174.500   174.343  5 57186.16882697 29.798
 256 269.597290  41.569349   175.968   174.496  5 57196.08447498 27.883
 257 269.596249  41.569349   173.696   173.726  5 57206.00010978 33.076
 258 269.594099  41.568179   173.941   173.619  5 57215.91575469 29.244
 259 269.594270  41.568133   173.803   173.868  4 57225.83139882 28.986
 260 269.596583  41.569189   173.873   173.835  5 57235.74704134 27.910
 261 269.599740  41.570747   174.424   174.294  4 57245.66268054 30.817
 262 269.601429  41.571195   173.978   173.949  5 57255.57831670 31.405
 263 269.603037  41.572625   174.468   174.447  4 57265.49395164 41.936
 264 269.601197  41.571204   174.142   174.105  5 57275.40959366 40.047
 265 269.597131  41.569726   173.811   173.728  5 57285.32524986 40.983
 266 269.595121  41.568512   175.663   177.331  5 57295.24090341 25.805
 267 269.594702  41.568746   172.038   171.957  4 57305.15655381 35.156
 268 269.589800  41.564245   176.302   176.170  7 57315.07219919 25.732
 269 269.585687  41.561331   173.512   172.446  8 57324.98784189 27.553
 270 269.586240  41.561744   175.887   176.054  9 57334.90348383 26.078
 271 269.594542  41.568855   175.134   175.381  5 57344.81912584 26.085
 272 269.588404  41.562714   173.771   173.050  9 57354.73477875 29.740
 273 269.594375  41.568625   173.562   173.546  5 57364.65042451 36.358
 274 269.596242  41.569415   173.882   173.908  4 57374.56606539 28.790
 275 269.597547  41.570087   177.033   178.179  5 57384.48170416 24.438
 276 269.599606  41.570548   173.912   173.977  5 57394.39734238 42.883
 277 269.604639  41.573094   173.929   173.929  5 57404.31298030 32.171
 278 269.605239  41.573371   174.053   174.083  5 57414.22862696 33.516
 279 269.600584  41.570799   174.169   174.116  5 57424.14427735 41.171
 280 269.594663  41.568573   172.462   172.387  5 57434.05992494 32.581
 281 269.585849  41.562106   174.343   172.506  8 57443.97556982 26.363
 282 269.584021  41.561438   175.513   175.205  7 57453.89121584 26.677
 283 269.585672  41.561526   175.926   175.376  9 57463.80686056 26.529
 284 269.596177  41.568974   173.702   173.551  5 57473.72250378 30.804
 286 269.604724  41.572489   173.983   173.961  4 57493.55377627 31.742
 287 269.608620  41.575537   174.105   174.096  3 57503.46940901 36.730
 288 269.602861  41.572797   174.193   174.274  5 57513.38506074 45.879
 289 269.600002  41.571081   173.985   173.887  4 57523.30071456 29.775
 290 269.600386  41.571026   174.006   174.008  5 57533.21636671 40.835
 291 269.599995  41.570709   173.971   173.984  5 57543.13201562 35.555
 292 269.598034  41.570251   174.094   174.065  5 57553.04766182 30.072
 293 269.594753  41.568792   173.847   173.931  4 57562.96330639 27.009
 294 269.590799  41.565116   175.472   175.864  7 57572.87895014 25.870
 295 269.592687  41.566564   173.065   173.500  6 57582.79459524 28.652
 296 269.596801  41.569460   173.947   173.905  5 57592.71023892 29.440
 297 269.597976  41.569775   173.783   173.727  5 57602.62587931 37.765
