-264277.035   146.609     0.00   14.14
-263988.078   146.259    -1.21   14.45
-263699.102   147.530     4.40   13.95
-263410.107   149.243     5.92   13.60
-263121.094   149.960     2.48   12.57
-262832.062   151.605     5.69   11.35
-262543.011   152.948     4.64   11.22
-262253.942   154.027     3.73   11.14
-261964.854   153.640    -1.34   12.23
-261675.747   153.800     0.55   12.72
-261386.621   151.375    -8.39   14.57
-261097.477   147.833   -12.25   16.19
-260808.314   144.250   -12.39   16.29
-260519.133   139.581   -16.14   17.69
-260229.933   133.640   -20.54   19.53
-259940.714   128.645   -17.27   19.26
-259651.476   124.311   -14.98   18.63
-259362.220   120.628   -12.73   17.08
-259072.945   118.595    -7.03   17.82
-258783.651   115.027   -12.33   18.61
-258494.339   112.680    -8.11   20.00
-258205.007   114.194     5.23   21.19
-257915.657   114.229     0.12   22.11
-257626.289   110.743   -12.04   24.26
-257336.901   103.395   -25.39   28.51
-257047.495    97.280   -21.12   30.05
-256758.070    92.160   -17.69   30.63
-256468.626    85.080   -24.46   29.61
-256179.164    77.920   -24.73   24.83
-255889.683    73.778   -14.31   19.39
-255600.183    77.653    13.38   19.49
-255310.664    83.197    19.15   21.17
-255021.126    91.568    28.90   23.98
-254731.570   100.365    30.37   24.38
-254441.995   110.208    33.98   22.55
-254152.401   116.613    22.11   21.23
-253862.789   124.325    26.62   17.30
-253573.157   129.693    18.53   15.42
-253283.507   133.446    12.95   14.73
-252993.838   134.184     2.55   14.88
-252704.150   135.375     4.11   14.01
-252414.443   137.000     5.61   13.13
-252124.718   137.653     2.25   12.98
-251834.974   135.987    -5.75   13.72
-251545.211   132.840   -10.86   14.04
-251255.429   127.895   -17.06   16.65
-250965.628   123.145   -16.39   17.20
-250675.808   119.360   -13.06   17.41
-250386.026   115.714   -12.58   18.20
-250100.172   112.514   -11.19   18.56
-249814.300   109.882    -9.21   19.48
-249528.410   107.151    -9.55   20.13
-249242.502   104.608    -8.89   20.43
-248956.575   100.519   -14.30   21.14
-248670.631    97.432   -10.79   20.42
-248384.668    94.662    -9.68   20.45
-248098.686    91.267   -11.87   20.80
-247812.687    86.707   -15.94   21.46
-247526.669    80.797   -20.66   22.39
-247240.633    76.247   -15.91   23.90
-246954.579    71.833   -15.42   22.53
-246668.507    67.757   -14.25   21.02
-246382.416    66.446    -4.58   19.12
-246096.307    68.526     7.27   19.79
-245810.180    71.618    10.80   20.82
-245524.035    78.459    23.90   21.49
-245237.871    87.831    32.74   20.28
-244951.689    93.827    20.95   18.63
-244665.489    96.405     9.01   16.75
-244379.270    99.733    11.62   16.12
-244093.033   101.863     7.44   15.00
-243806.778   101.044    -2.86   16.78
-243520.505    95.219   -20.34   20.55
-243234.213    91.824   -11.86   20.96
-242947.903    90.041    -6.23   19.76
-242661.575    91.733     5.91   19.64
-242375.228    91.833     0.35   18.80
-242088.863    95.187    11.71   18.89
-241802.480   101.513    22.09   17.79
-241516.079   109.947    29.44   15.77
-241229.659   116.689    23.54   13.97
-240943.221   122.095    18.87   14.35
-240656.764   126.042    13.78   13.99
-240370.289   128.861     9.84   12.19
-240083.796   131.479     9.14   10.32
-239797.285   132.387     3.17    8.89
-239510.755   130.120    -7.91   11.76
-239224.206   127.234   -10.07   12.65
-238937.640   123.892   -11.66   14.21
-238651.055   120.227   -12.79   14.74
-238364.452   115.880   -15.16   14.57
-238077.830   113.726    -7.51   13.59
-237791.190   109.921   -13.27   13.41
-237504.532   108.389    -5.34   12.60
-237217.855   105.500   -10.08   12.26
-236931.160   102.333   -11.04   12.51
-236644.446    99.092   -11.30   12.45
-236357.714    96.714    -8.29   11.80
-236070.964    92.973   -13.04   11.90
-235784.195    90.397    -8.98   12.56
-235497.408    88.105    -7.99   13.39
-235210.603    84.387   -12.96   14.12
-234923.779    79.699   -16.34   15.39
-234636.937    76.351   -11.67   15.67
-234350.076    73.605    -9.57   14.97
-234063.197    71.722    -6.56   14.09
-233776.299    70.920    -2.80   13.65
-233489.383    70.039    -3.07   13.38
-233202.449    70.868     2.89   13.69
-232915.496    72.827     6.82   13.57
-232628.525    75.782    10.30   13.20
-232341.535    77.908     7.41   11.89
-232054.527    77.160    -2.61   11.37
-231767.500    74.169   -10.42   12.80
-231480.455    70.375   -13.21   14.67
-231193.392    67.211   -11.02   14.68
-230906.310    64.192   -10.51   14.64
-230619.209    64.622     1.50   16.00
-230332.090    68.400    13.16   19.20
-230044.953    74.932    22.75   20.73
-229757.797    81.299    22.17   19.84
-229470.623    87.813    22.68   17.52
-229183.430    90.107     7.98   16.59
-228896.218    88.356    -6.09   18.98
-228608.989    86.630    -6.01   21.41
-228321.740    83.847    -9.69   22.41
-228034.473    81.392    -8.55   20.53
-227747.188    81.189    -0.71   19.52
-227459.884    77.480   -12.91   19.13
-227172.562    76.355    -3.91   18.40
-226885.221    76.227    -0.45   18.15
-226597.862    76.027    -0.70   16.34
-226310.484    76.797     2.68   16.68
-226023.087    80.560    13.09   16.68
-225735.672    85.707    17.90   17.36
-225448.239    90.630    17.13   15.56
-225160.787    94.817    14.56   15.50
-224873.316    99.616    16.69   16.16
-224585.827   105.320    19.84   15.44
-224298.319   107.440     7.37   13.91
-224010.793   108.493     3.66   12.97
-223723.248   109.403     3.16   12.52
-223435.685   108.573    -2.88   12.96
-223148.103   103.419   -17.92   16.50
-222860.502    99.257   -14.47   16.36
-222572.883    96.466    -9.70   15.57
-222285.246    96.474     0.03   15.69
-221997.589    94.808    -5.79   15.76
-221709.915    94.173    -2.21   14.74
-221422.221    94.587     1.44   14.38
-221134.509    95.865     4.44   12.67
-220846.778    97.273     4.89   12.62
-220559.029    99.120     6.42   13.62
-220271.261   100.855     6.03   14.42
-219983.475   104.095    11.25   14.25
-219695.670   106.534     8.48   12.99
-219407.846   108.694     7.50   12.33
-219120.004   112.716    13.97   10.82
-218832.143   116.757    14.03   10.54
-218544.263   119.507     9.55   10.01
-218256.365   122.260     9.56    9.62
-217968.448   125.733    12.06   10.24
-217680.513   129.093    11.67    9.89
-217392.559   131.880     9.68   10.33
-217104.586   134.699     9.79   10.60
-216816.594   138.813    14.28   11.74
-216528.584   143.149    15.05   10.34
-216240.555   146.153    10.43    8.36
-215952.508   147.603     5.03    6.91
-215664.442   147.842     0.83    6.20
-215376.357   147.013    -2.88    5.83
-215088.254   145.733    -4.44    6.06
-214800.131   143.821    -6.64    5.43
-214511.991   142.320    -5.21    5.57
-214223.831   140.440    -6.52    5.42
-213935.653   139.471    -3.36    5.27
-213647.456   138.918    -1.92    5.49
-213359.240   138.105    -2.82    6.31
-213071.006   137.575    -1.84    6.28
-212782.753   136.960    -2.13    6.18
-212494.481   136.671    -1.00    5.65
-212206.191   136.213    -1.59    5.33
-211917.881   134.494    -5.96    5.55
-211629.554   132.838    -5.74    5.87
-211341.207   130.743    -7.26    6.82
-211052.841   128.253    -8.63    7.54
-210764.457   126.194    -7.14    7.90
-210476.054   125.264    -3.23    7.86
-210187.633   123.257    -6.96    7.92
-209899.192   123.066    -0.66    8.09
-209610.733   123.553     1.69    8.22
-209322.255   125.120     5.43    8.25
-209033.759   127.347     7.72    7.67
-208745.243   129.053     5.91    7.52
-208456.709   131.213     7.49    7.06
-208168.156   133.438     7.71    5.92
-207879.584   134.553     3.86    4.94
-207590.994   135.351     2.77    3.83
-207302.384   135.068    -0.98    4.03
-207013.756   133.773    -4.49    4.56
-206725.109   132.211    -5.41    4.85
-206436.444   130.468    -6.04    4.73
-206147.759   128.467    -6.93    4.61
-205859.056   125.513   -10.23    6.23
-205570.334   122.378   -10.86    6.94
-205281.593   119.973    -8.33    7.30
-204992.833   117.361    -9.04    8.47
-204704.054   114.849    -8.70    8.65
-204415.257   113.413    -4.97    8.38
-204126.440   112.373    -3.60    8.71
-203837.605   111.880    -1.71    8.80
-203548.751   111.013    -3.00    8.91
-203259.879   111.920     3.14    9.24
-202970.987   112.560     2.21    9.52
-202682.076   112.301    -0.90    9.93
-202393.147   111.452    -2.94    9.39
-202104.199   109.303    -7.44   10.28
-201815.232   106.781    -8.73   11.54
-201526.246   104.040    -9.48   12.32
-201237.241   102.093    -6.73   11.80
-200948.217    99.533    -8.86   10.84
-200659.175    97.403    -7.37   10.52
-200370.113    94.053   -11.58   11.01
-200081.033    91.013   -10.51   10.41
-199791.934    89.730    -4.44    9.51
-199502.815    89.644    -0.30    9.15
-199213.678    91.028     4.79   10.40
-198924.522    92.905     6.49   11.35
-198635.348    94.270     4.72   11.70
-198346.154    96.078     6.25   11.41
-198056.941    97.213     3.93   10.36
-197767.709    96.038    -4.06   10.93
-197478.459    93.434    -9.00   11.00
-197189.189    90.653    -9.61    9.86
-196899.901    89.973    -2.35   10.04
-196610.594    89.293    -2.35    9.92
-196321.267    88.645    -2.24   10.11
-196031.922    87.958    -2.37   10.19
-195742.558    89.316     4.69   11.55
-195453.175    90.813     5.17   11.58
-195163.773    92.584     6.12   12.29
-194874.352    95.026     8.44   13.72
-194584.912    99.053    13.91   13.72
-194295.453   103.608    15.73   10.99
-194005.975   106.760    10.89    7.11
-193716.478   107.361     2.08    5.60
-193426.962   106.438    -3.19    6.15
-193137.427   105.108    -4.59    6.38
-192847.873   103.092    -6.96    6.51
-192558.300   100.434    -9.18    8.14
-192268.708    95.658   -16.49   12.21
-191979.097    89.513   -21.21   14.46
-191689.467    84.800   -16.27   14.40
-191399.818    81.000   -13.12   13.54
-191110.150    79.444    -5.37   12.45
-190820.463    79.724     0.96   12.00
-190530.757    83.270    12.24   13.49
-190241.032    90.276    24.18   13.49
-189951.288    96.092    20.07   10.88
-189661.525   100.303    14.53    9.10
-189371.743   103.855    12.26    8.27
-189081.942   106.316     8.49    7.53
-188792.121   107.514     4.13    7.38
-188502.282   106.987    -1.82    9.22
-188214.029   106.395    -2.05    9.76
-187928.203   106.389    -0.02    9.58
-187642.359   106.658     0.94    9.62
-187356.497   107.440     2.74    9.06
-187070.616   108.853     4.94    8.48
-186784.716   110.400     5.41    7.82
-186498.798   112.429     7.09    7.76
-186212.862   113.421     3.47    7.39
-185926.907   114.145     2.53    7.10
-185640.934   113.500    -2.25    7.77
-185354.943   111.082    -8.45    9.21
-185068.933   108.500    -9.03   10.15
-184782.904   105.095   -11.90   10.32
-184496.857   101.082   -14.02    9.98
-184210.792    97.162   -13.70   10.81
-183924.708    93.197   -13.86   10.74
-183638.606    89.351   -13.44   10.96
-183352.485    86.227   -10.92   11.51
-183066.346    84.442    -6.24   11.75
-182780.188    84.250    -0.67   13.05
-182494.012    85.253     3.51   14.23
-182207.817    85.781     1.84   14.68
-181921.604    86.753     3.40   14.15
-181635.373    88.211     5.09   12.31
-181349.123    86.257    -6.82   12.23
-181062.854    82.575   -12.86   13.09
-180776.567    76.493   -21.24   14.23
-180490.261    71.237   -18.36   13.84
-180203.937    67.935   -11.53   12.40
-179917.594    68.320     1.34   12.62
-179631.233    68.766     1.56   12.86
-179344.854    69.974     4.22   12.60
-179058.455    69.920    -0.19   12.08
-178772.039    69.542    -1.32   12.34
-178485.603    66.375   -11.05   14.89
-178199.150    62.158   -14.72   15.60
-177912.677    56.730   -18.95   13.26
-177626.186    52.427   -15.02   11.85
-177339.677    49.104   -11.60   12.29
-177053.149    46.600    -8.74   13.20
-176766.602    44.156    -8.53   14.58
-176480.037    41.733    -8.45   15.10
-176193.454    38.453   -11.44   14.36
-175906.851    35.680    -9.68   13.35
-175620.231    33.730    -6.80   11.09
-175333.591    33.301    -1.49   10.15
-175046.933    34.630     4.63   11.49
-174760.257    36.068     5.01   13.50
-174473.562    40.840    16.64   16.95
-174186.848    47.187    22.13   20.88
-173900.116    54.115    24.16   22.80
-173613.365    61.184    24.65   23.98
-173326.595    67.221    21.05   22.30
-173039.807    72.787    19.40   22.05
-172753.000    78.707    20.64   21.07
-172466.175    84.093    18.78   20.05
-172179.331    86.726     9.18   19.18
-171892.468    89.361     9.18   15.49
-171605.587    89.301    -0.21   14.20
-171318.687    89.147    -0.54   15.37
-171031.769    87.093    -7.16   19.24
-170744.832    88.867     6.18   20.32
-170457.876    87.961    -3.16   20.80
-170170.901    87.211    -2.61   19.53
-169883.908    85.307    -6.63   18.50
-169596.896    85.227    -0.28   17.44
-169309.866    83.315    -6.66   16.39
-169022.817    80.197   -10.86   16.12
-168735.749    75.703   -15.65   16.68
-168448.663    70.767   -17.19   19.28
-168161.558    64.080   -23.29   21.74
-167874.434    56.342   -26.95   21.05
-167587.292    49.487   -23.87   18.20
-167300.130    46.320   -11.03   15.74
-167012.951    44.636    -5.86   14.03
-166725.752    43.487    -4.00   13.46
-166438.535    46.053     8.93   14.81
-166151.299    48.819     9.63   13.62
-165864.044    51.819    10.44   13.14
-165576.771    49.711    -7.34   12.83
-165289.479    46.797   -10.14   13.76
-165002.168    43.750   -10.60   14.27
-164714.839    40.909    -9.89   15.05
-164427.490    37.720   -11.10   15.65
-164140.123    34.897    -9.82   15.10
-163852.738    30.697   -14.61   11.82
-163565.333    27.803   -10.07    7.89
-163277.910    26.243    -5.42    5.38
-162990.468    24.878    -4.75    3.22
-162703.008    24.458    -1.46    2.70
-162415.528    23.945    -1.78    3.04
-162128.030    23.427    -1.80    3.06
-161840.513    22.816    -2.12    2.86
-161552.977    23.727     3.17    7.16
-161265.423    29.065    18.56   17.34
-160977.849    34.526    18.99   20.84
-160690.257    39.592    17.61   22.46
-160402.646    44.895    18.43   22.37
-160115.017    49.851    17.23   21.26
-159827.368    52.737    10.03   19.55
-159539.701    53.289     1.92   18.71
-159252.015    49.797   -12.14   17.59
-158964.310    47.107    -9.35   15.41
-158676.587    45.197    -6.63   14.54
-158388.844    45.133    -0.22   14.54
-158101.083    47.351     7.70   15.62
-157813.303    46.750    -2.09   15.98
-157525.504    45.671    -3.75   15.65
-157237.686    46.297     2.18   15.49
-156949.850    48.671     8.25   16.39
-156661.994    48.528    -0.50   15.69
-156374.120    46.973    -5.40   15.19
-156086.227    45.600    -4.77   13.99
-155798.315    45.000    -2.08   13.67
-155510.384    44.539    -1.60   12.49
-155222.435    44.718     0.62   11.88
-154934.466    44.560    -0.55   10.32
-154646.479    47.377     9.78   12.76
-154358.472    52.355    17.28   15.22
-154070.447    58.000    19.60   15.48
-153782.403    62.658    16.17   14.07
-153494.340    64.833     7.55   12.82
-153206.259    66.301     5.10   11.11
-152918.158    66.587     0.99    9.30
-152630.038    66.276    -1.08    7.95
-152341.900    67.218     3.27    6.93
-152053.743    68.724     5.22    6.12
-151765.566    70.260     5.33    5.85
-151477.371    71.442     4.10    5.55
-151189.157    71.667     0.78    5.95
-150900.924    72.479     2.82    6.27
-150612.672    73.479     3.47    6.13
-150324.401    74.539     3.68    5.89
-150036.112    75.189     2.25    5.93
-149747.803    74.382    -2.80    5.65
-149459.475    72.403    -6.86    9.15
-149171.129    69.658    -9.52   12.16
-148882.763    65.936   -12.91   14.26
-148594.379    62.474   -12.00   14.84
-148305.975    59.132   -11.59   14.86
-148017.553    57.293    -6.37   14.52
-147729.111    57.541     0.86   14.90
-147440.651    59.904     8.19   15.35
-147152.172    63.904    13.86   15.75
-146863.673    67.026    10.82   15.18
-146575.156    70.737    12.86   14.16
-146286.620    74.013    11.35   12.41
-145998.065    74.221     0.72   12.84
-145709.490    73.250    -3.36   13.33
-145420.897    72.200    -3.64   13.45
-145132.285    71.616    -2.02   13.15
-144843.654    71.986     1.28   12.70
-144555.003    72.724     2.55   12.41
-144266.334    72.243    -1.66   11.19
-143977.646    74.013     6.13   10.15
-143688.939    75.342     4.60   10.22
-143400.212    75.500     0.55   10.47
-143111.467    76.385     3.06   10.87
-142822.703    77.579     4.14   10.86
-142533.919    79.947     8.20   10.93
-142245.117    81.824     6.50   10.04
-141956.295    81.737    -0.30    9.93
-141667.455    82.306     1.97   10.55
-141378.595    83.890     5.49   10.91
-141089.716    83.622    -0.93   11.60
-140800.819    82.658    -3.34   12.29
-140511.902    81.744    -3.16   12.12
-140222.966    81.853     0.38   12.18
-139934.011    82.740     3.07   11.85
-139645.037    83.286     1.89   11.81
-139356.044    85.622     8.08   12.20
-139067.032    88.278     9.19   12.21
-138778.000    91.000     9.42   12.55
-138488.950    93.816     9.74   11.70
-138199.881    96.947    10.83   10.19
-137910.792    98.724     6.15   10.55
-137621.684   100.282     5.39   10.47
-137332.558   101.623     4.64   10.59
-137043.412   101.675     0.18   10.85
-136754.247   101.513    -0.56   11.29
-136465.062   101.622     0.38   11.25
-136175.859   101.211    -1.42   11.78
-135886.637   100.747    -1.60   11.81
-135597.395   100.616    -0.45   11.22
-135308.135   100.733     0.40   10.57
-135018.855   102.211     5.11    9.86
-134729.556   104.545     8.07    9.10
-134440.238   105.447     3.12    7.93
-134150.900   106.052     2.09    7.77
-133861.544   106.276     0.78    8.00
-133572.168   107.811     5.30    8.06
-133282.773   108.542     2.53    7.79
-132993.359   109.625     3.74    7.34
-132703.926   110.747     3.87    7.32
-132414.474   112.716     6.80    6.36
-132125.002   114.649     6.68    5.70
-131835.512   115.474     2.85    5.74
-131546.002   116.038     1.95    5.96
-131256.473   116.645     2.09    6.21
-130966.924   117.276     2.18    6.45
-130677.357   118.452     4.06    6.20
-130387.770   117.878    -1.98    5.97
-130098.164   116.303    -5.44    7.10
-129808.539   114.932    -4.73    7.29
-129518.895   114.934     0.01    7.38
-129229.231   114.675    -0.89    7.14
-128939.548   113.893    -2.70    6.83
-128649.846   114.192     1.03    6.47
-128360.125   115.224     3.56    6.38
-128070.384   115.818     2.05    6.22
-127780.624   116.867     3.62    5.77
-127490.845   116.840    -0.09    5.72
-127201.047   117.110     0.93    5.36
-126911.229   117.162     0.18    5.53
-126621.393   117.816     2.25    5.56
-126331.536   118.273     1.58    5.51
-126044.814   118.566     1.02    5.46
-125759.010   118.909     1.20    5.29
-125473.187   119.250     1.19    5.15
-125187.345   119.440     0.66    5.08
-124901.485   120.301     3.01    4.75
-124615.606   121.081     2.73    4.52
-124329.708   121.618     1.88    4.42
-124043.792   121.566    -0.18    3.89
-123757.858   121.726     0.56    3.40
-123471.904   122.395     2.34    3.44
-123185.932   122.579     0.64    3.38
-122899.941   122.987     1.43    3.37
-122613.932   123.909     3.22    3.33
-122327.904   124.645     2.57    2.81
-122041.857   125.039     1.38    2.53
-121755.792   124.805    -0.82    2.59
-121469.708   124.919     0.40    2.60
-121183.605   124.662    -0.90    2.57
-120897.484   124.493    -0.59    2.57
-120611.344   124.171    -1.13    2.45
-120325.185   123.959    -0.74    2.71
-120039.008   123.701    -0.90    2.78
-119752.812   123.286    -1.45    2.91
-119466.597   122.882    -1.41    2.82
-119180.364   122.286    -2.08    2.67
-118894.112   121.368    -3.20    2.72
-118607.841   120.455    -3.19    3.29
-118321.551   119.253    -4.20    3.39
-118035.243   118.947    -1.07    4.00
-117748.916   118.836    -0.39    4.04
-117462.571   118.903     0.23    3.98
-117176.206   119.693     2.76    4.05
-116889.823   120.554     3.01    3.18
-116603.421   120.961     1.42    2.86
-116317.001   120.792    -0.59    2.96
-116030.561   120.782    -0.04    2.97
-115744.103   120.842     0.21    2.94
-115457.626   120.961     0.42    2.71
-115171.131   121.421     1.61    2.37
-114884.616   121.747     1.14    1.97
-114598.083   121.526    -0.77    1.93
-114311.531   121.730     0.71    2.02
-114024.961   121.838     0.38    2.14
-113738.371   121.986     0.52    2.40
-113451.763   121.987     0.00    2.57
-113165.136   121.895    -0.32    2.67
-112878.491   121.618    -0.96    2.95
-112591.826   121.091    -1.84    3.11
-112305.143   120.145    -3.30    3.55
-112018.441   119.066    -3.76    3.73
-111731.720   117.934    -3.95    3.58
-111444.980   116.603    -4.64    3.20
-111158.222   115.707    -3.12    2.85
-110871.444   115.026    -2.37    2.99
-110584.648   114.753    -0.95    2.56
-110297.833   114.946     0.67    1.90
-110010.999   114.547    -1.39    1.80
-109724.147   114.382    -0.58    1.80
-109437.275   114.052    -1.15    2.15
-109150.385   113.776    -0.96    2.30
-108863.476   113.299    -1.66    2.23
-108576.548   113.130    -0.59    2.23
-108289.601   113.107    -0.08    2.15
-108002.636   112.905    -0.70    2.22
-107715.651   112.389    -1.80    2.30
-107428.648   111.776    -2.13    2.15
-107141.625   111.419    -1.25    2.14
-106854.584   110.855    -1.96    2.08
-106567.524   110.571    -0.99    2.03
-106280.446   110.065    -1.76    1.83
-105993.348   109.766    -1.04    1.69
-105706.231   109.526    -0.84    1.59
-105419.096   109.118    -1.42    1.71
-105131.941   108.851    -0.93    1.76
-104844.768   108.320    -1.85    1.99
-104557.576   107.589    -2.54    1.96
-104270.365   106.986    -2.10    2.14
-103983.135   106.297    -2.40    2.27
-103695.886   105.693    -2.10    2.21
-103408.618   105.026    -2.32    2.59
-103121.331   104.066    -3.34    2.61
-102834.025   103.740    -1.13    2.58
-102546.701   103.132    -2.12    2.45
-102259.357   102.909    -0.77    2.43
-101971.995   102.539    -1.29    2.54
-101684.613   101.649    -3.10    2.89
-101397.213   100.961    -2.39    3.46
-101109.794   100.566    -1.37    3.57
-100822.355    99.230    -4.65    3.87
-100534.898    98.040    -4.14    3.74
-100247.422    97.342    -2.43    3.53
 -99959.927    96.750    -2.06    3.57
 -99672.413    97.104     1.23    4.21
 -99384.879    97.579     1.65    4.37
 -99097.327    97.987     1.42    4.29
 -98809.756    98.973     3.43    3.51
 -98522.166    99.459     1.69    2.75
 -98234.557    99.716     0.89    2.36
 -97946.929    99.151    -1.97    2.45
 -97659.282    98.320    -2.89    2.43
 -97371.616    97.507    -2.83    2.56
 -97083.931    96.842    -2.31    2.46
 -96796.227    96.321    -1.81    2.31
 -96508.504    95.744    -2.00    2.32
 -96220.762    94.857    -3.08    2.76
 -95933.001    94.104    -2.62    3.01
 -95645.220    92.829    -4.43    3.89
 -95357.421    91.203    -5.65    4.51
 -95069.603    89.513    -5.87    4.70
 -94781.766    88.384    -3.92    4.61
 -94493.909    88.122    -0.91    4.27
 -94206.034    88.333     0.74    4.34
 -93918.140    89.091     2.63    4.68
 -93630.226    90.519     4.96    4.62
 -93342.294    91.526     3.50    4.04
 -93054.342    92.090     1.96    3.30
 -92766.371    92.494     1.40    1.88
 -92478.382    92.378    -0.40    1.83
 -92190.373    92.270    -0.38    1.71
 -91902.345    92.139    -0.46    1.59
 -91614.298    92.053    -0.30    1.63
 -91326.232    91.960    -0.32    1.98
 -91038.147    91.480    -1.67    2.27
 -90750.043    90.947    -1.85    2.61
 -90461.919    89.974    -3.38    3.01
 -90173.777    88.936    -3.60    3.15
 -89885.615    87.610    -4.60    2.97
 -89597.434    86.494    -3.88    2.75
 -89309.235    85.160    -4.63    3.09
 -89021.016    83.342    -6.31    4.67
 -88732.778    80.803    -8.81    6.28
 -88444.520    79.243    -5.41    6.58
 -88156.244    77.716    -5.30    6.69
 -87867.949    77.118    -2.07    6.72
 -87579.634    75.961    -4.02    6.75
 -87291.300    75.052    -3.15    7.19
 -87002.947    75.273     0.77    7.38
 -86714.575    74.701    -1.98    7.20
 -86426.184    74.688    -0.05    7.18
 -86137.774    74.573    -0.40    7.47
 -85849.344    73.892    -2.36    7.48
 -85560.895    72.987    -3.14    8.35
 -85272.427    71.263    -5.97    9.41
 -84983.940    68.440    -9.79   10.19
 -84695.434    64.987   -11.97   11.01
 -84406.908    61.974   -10.44   10.27
 -84118.364    59.897    -7.20    8.73
 -83829.800    58.675    -4.23    7.64
 -83541.217    58.693     0.06    7.74
 -83252.615    60.132     4.98    8.68
 -82963.993    61.747     5.60    8.80
 -82675.352    63.447     5.89    7.71
 -82386.692    65.575     7.37    7.49
 -82098.013    68.541    10.27    6.77
 -81809.315    71.467    10.13    6.75
 -81520.597    73.519     7.11    6.18
 -81231.861    74.962     4.99    5.17
 -80943.104    75.658     2.41    4.80
 -80654.329    75.610    -0.16    6.02
 -80365.535    74.182    -4.95    7.81
 -80076.721    71.514    -9.24    9.45
 -79787.888    68.795    -9.41   10.10
 -79499.035    65.889   -10.06   10.81
 -79210.164    64.547    -4.65   11.08
 -78921.273    63.200    -4.66   10.87
 -78632.363    61.079    -7.34   11.78
 -78343.433    58.221    -9.89   12.09
 -78054.485    56.701    -5.26   11.63
 -77765.517    54.263    -8.44   11.71
 -77476.529    51.701    -8.86   11.05
 -77187.523    50.256    -5.00   10.87
 -76898.497    50.662     1.40   11.03
 -76609.452    55.197    15.69   11.47
 -76320.387    59.573    15.14   11.17
 -76031.303    63.270    12.79   10.59
 -75742.200    66.922    12.63    9.30
 -75453.078    69.566     9.14    7.35
 -75163.936    71.641     7.18    5.71
 -74874.775    71.740     0.34    5.32
 -74585.595    71.481    -0.90    5.43
 -74296.395    71.133    -1.20    5.29
 -74007.176    70.373    -2.63    4.97
 -73717.937    69.658    -2.47    4.60
 -73428.679    68.737    -3.18    4.64
 -73139.402    68.095    -2.22    5.02
 -72850.106    66.921    -4.06    6.18
 -72560.790    63.628   -11.38    8.98
 -72271.455    58.372   -18.17   12.50
 -71982.100    54.597   -13.04   12.97
 -71692.726    50.961   -12.57   12.62
 -71403.333    48.667    -7.93   11.92
 -71113.920    48.338    -1.14   11.37
 -70824.488    49.753     4.89   11.70
 -70535.036    53.658    13.49   11.80
 -70245.566    57.440    13.06   10.14
 -69956.075    58.935     5.16    9.71
 -69666.565    57.803    -3.91   11.74
 -69377.036    55.218    -8.93   13.27
 -69087.488    53.513    -5.89   13.84
 -68797.920    52.091    -4.91   13.95
 -68508.332    50.974    -3.86   14.23
 -68218.726    51.635     2.28   14.84
 -67929.099    54.632    10.35   14.44
 -67639.454    59.395    16.44   14.27
 -67349.789    62.486    10.67   13.49
 -67060.104    65.390    10.02   12.17
 -66770.400    68.526    10.82   10.08
 -66480.677    71.171     9.13    6.98
 -66190.934    72.597     4.92    5.34
 -65901.171    73.558     3.32    4.05
 -65611.390    72.948    -2.11    4.98
 -65321.588    72.080    -3.00    5.97
 -65031.768    72.027    -0.18    5.19
 -64741.927    72.556     1.82    4.76
 -64452.068    73.257     2.42    4.89
 -64162.785    74.216     3.32    4.66
 -63877.039    75.286     3.74    4.63
 -63591.274    76.494     4.23    4.04
 -63305.491    77.539     3.66    3.24
 -63019.689    78.295     2.64    2.81
 -62733.868    78.078    -0.76    3.40
 -62448.028    78.065    -0.05    3.50
 -62162.169    78.039    -0.09    3.84
 -61876.292    77.919    -0.42    3.91
 -61590.396    78.289     1.30    3.88
 -61304.481    78.737     1.56    3.72
 -61018.547    79.162     1.49    3.22
 -60732.594    79.293     0.46    2.84
 -60446.623    79.520     0.79    2.46
 -60160.632    79.701     0.63    2.28
 -59874.623    79.423    -0.97    2.45
 -59588.595    79.145    -0.97    2.53
 -59302.548    78.923    -0.77    2.60
 -59016.482    78.390    -1.86    2.56
 -58730.397    77.653    -2.57    2.66
 -58444.294    76.743    -3.18    2.91
 -58158.171    76.452    -1.02    2.96
 -57872.030    75.895    -1.95    2.78
 -57585.870    75.842    -0.18    2.66
 -57299.690    75.693    -0.52    2.76
 -57013.493    75.987     1.03    2.77
 -56727.276    76.481     1.72    2.76
 -56441.040    76.831     1.22    2.78
 -56154.785    77.234     1.41    2.50
 -55868.512    77.143    -0.32    2.67
 -55582.219    76.844    -1.04    2.78
 -55295.908    76.184    -2.30    2.91
 -55009.577    75.267    -3.20    3.04
 -54723.228    74.541    -2.54    3.26
 -54436.860    73.944    -2.08    3.13
 -54150.473    73.040    -3.16    2.99
 -53864.067    72.257    -2.73    2.78
 -53577.642    71.792    -1.62    3.05
 -53291.198    70.675    -3.90    3.92
 -53004.735    69.526    -4.01    4.20
 -52718.253    68.722    -2.81    4.34
 -52431.752    68.429    -1.02    4.38
 -52145.233    67.636    -2.76    4.68
 -51858.694    67.803     0.58    4.86
 -51572.136    67.600    -0.71    4.53
 -51285.559    67.711     0.39    4.62
 -50998.964    67.736     0.09    4.69
 -50712.349    66.987    -2.61    5.83
 -50425.716    64.932    -7.17    7.27
 -50139.063    62.653    -7.95    8.08
 -49852.391    60.808    -6.44    7.74
 -49565.701    60.436    -1.30    7.49
 -49278.991    60.338    -0.34    7.45
 -48992.263    61.538     4.19    7.52
 -48705.515    62.882     4.68    6.30
 -48418.749    62.468    -1.44    8.02
 -48131.963    61.905    -1.96    8.65
 -47845.158    61.720    -0.65   10.08
 -47558.335    62.500     2.72   10.16
 -47271.492    62.581     0.28    9.22
 -46984.630    62.627     0.16    9.01
 -46697.749    60.377    -7.84   12.23
 -46410.850    57.224   -10.99   15.20
 -46123.931    53.584   -12.68   16.08
 -45836.993    51.416    -7.56   15.35
 -45550.036    49.474    -6.76   15.02
 -45263.060    49.844     1.29   15.05
 -44976.065    50.240     1.38   15.21
 -44689.051    51.703     5.10   16.76
 -44402.018    56.560    16.92   14.55
 -44114.965    60.301    13.03   12.50
 -43827.894    62.373     7.22   11.27
 -43540.803    62.816     1.54   11.77
 -43253.694    61.260    -5.42   13.45
 -42966.565    58.823    -8.49   14.72
 -42679.418    57.128    -5.90   14.96
 -42392.251    57.436     1.07   14.47
 -42105.065    57.026    -1.43   14.15
 -41817.860    58.013     3.44   13.09
 -41530.636    60.263     7.83   11.35
 -41243.392    61.895     5.68    9.32
 -40956.130    61.276    -2.15    9.96
 -40668.848    60.068    -4.20   11.59
 -40381.548    57.689    -8.28   13.78
 -40094.228    53.080   -16.04   16.67
 -39806.889    45.195   -27.44   19.69
 -39519.531    38.103   -24.68   19.27
 -39232.154    32.842   -18.30   19.29
 -38944.757    29.051   -13.19   17.26
 -38657.342    28.662    -1.35   17.33
 -38369.907    32.453    13.19   19.93
 -38082.453    40.840    29.17   22.33
 -37794.981    47.500    23.17   21.33
 -37507.488    54.263    23.52   17.53
 -37219.977    58.118    13.41   12.20
 -36932.447    59.118     3.48    8.32
 -36644.897    57.701    -4.93    8.51
 -36357.328    55.143    -8.90    8.77
 -36069.740    53.026    -7.36    9.36
 -35782.133    51.679    -4.68    9.84
 -35494.506    51.873     0.67    9.22
 -35206.860    53.442     5.45    8.01
 -34919.196    53.132    -1.08    6.75
 -34631.511    52.763    -1.28    6.41
 -34343.808    53.630     3.01    5.35
 -34056.086    54.533     3.14    4.68
 -33768.344    55.000     1.62    4.61
 -33480.583    55.645     2.24    4.11
 -33192.803    56.333     2.39    3.47
 -32905.003    56.474     0.49    3.67
 -32617.185    56.416    -0.20    3.56
 -32329.347    55.141    -4.43    6.21
 -32041.489    52.390    -9.56    9.35
 -31753.613    49.947    -8.48   10.26
 -31465.717    47.453    -8.66   10.49
 -31177.802    45.267    -7.59   10.61
 -30889.868    42.276   -10.39   10.89
 -30601.915    39.280   -10.41   10.43
 -30313.942    38.935    -1.20   10.02
 -30025.950    39.623     2.39   10.07
 -29737.938    40.731     3.84    9.92
 -29449.908    42.114     4.80    9.28
 -29161.858    44.256     7.44    7.88
 -28873.789    46.571     8.04    6.12
 -28585.700    48.078     5.23    5.16
 -28297.592    49.080     3.48    4.39
 -28009.465    49.355     0.96    4.72
 -27721.319    49.392     0.13    5.54
 -27433.153    49.243    -0.52    5.71
 -27144.968    48.133    -3.85    5.99
 -26856.763    46.831    -4.52    6.03
 -26568.540    45.410    -4.93    5.85
 -26280.297    43.474    -6.72    6.70
 -25992.034    40.897    -8.94    8.69
 -25703.752    37.390   -12.17   10.27
 -25415.451    34.013   -11.71   11.11
 -25127.131    29.947   -14.10   10.65
 -24838.791    28.541    -4.88    9.61
 -24550.432    27.816    -2.51    9.26
 -24262.053    28.893     3.74    9.92
 -23973.655    31.870    10.32    9.66
 -23685.238    33.859     6.90    8.80
 -23396.802    33.974     0.40    8.71
 -23108.345    31.101    -9.96   10.29
 -22819.870    28.753    -8.14   11.02
 -22531.375    26.115    -9.14   10.39
 -22242.861    24.571    -5.35    9.48
 -21954.327    24.467    -0.36    9.09
 -21665.774    26.276     6.27    9.42
 -21377.202    29.946    12.72    9.83
 -21088.610    33.526    12.41    8.23
 -20799.999    36.091     8.89    6.51
 -20511.368    37.299     4.18    6.03
 -20222.718    38.115     2.83    5.99
 -19934.049    38.494     1.31    5.75
 -19645.360    37.654    -2.91    6.75
 -19356.652    34.247   -11.80    9.61
 -19067.924    29.347   -16.97   12.27
 -18779.176    24.473   -16.88   13.55
 -18490.410    19.474   -17.31   13.03
 -18201.624    15.219   -14.73   11.22
 -17912.818    11.653   -12.35    7.98
 -17623.993     9.553    -7.27    5.97
 -17335.148     8.805    -2.59    5.35
 -17046.284     8.897     0.32    5.43
 -16757.401     9.857     3.32    5.90
 -16468.498    10.364     1.75    6.01
 -16179.575    11.197     2.89    6.19
 -15890.634    12.307     3.84    6.28
 -15601.672    13.068     2.63    6.45
 -15312.691    13.487     1.45    6.36
 -15023.691    14.987     5.19    7.80
 -14734.671    18.467    12.04   10.10
 -14445.631    22.321    13.33   11.17
 -14156.573    25.442    10.80   10.64
 -13867.494    29.179    12.93   10.24
 -13578.396    31.936     9.53    8.37
 -13289.279    34.577     9.13    6.87
 -13000.142    34.558    -0.06    6.51
 -12710.985    35.160     2.08    5.55
 -12421.809    35.671     1.77    5.26
 -12132.613    35.865     0.67    5.55
 -11843.398    35.658    -0.72    5.41
 -11554.163    34.701    -3.31    5.61
 -11264.909    33.013    -5.84    7.13
 -10975.635    29.744   -11.30   10.00
 -10686.342    26.385   -11.61   11.26
 -10397.029    24.684    -5.88   11.08
 -10107.696    23.935    -2.59   10.43
  -9818.344    23.600    -1.16    9.66
  -9528.972    25.622     6.99   10.06
  -9239.581    27.829     7.63   10.16
  -8950.170    30.685     9.87    7.85
  -8660.739    32.907     7.68    6.02
  -8371.289    35.026     7.32    5.12
  -8081.820    35.779     2.60    4.82
  -7792.330    36.295     1.78    5.02
  -7502.821    37.321     3.54    4.56
  -7213.293    38.299     3.38    3.80
  -6923.745    39.118     2.83    3.59
  -6634.177    39.560     1.52    4.17
  -6344.590    39.689     0.45    4.14
  -6054.982    39.368    -1.11    4.70
  -5765.356    38.373    -3.44    5.28
  -5475.709    36.987    -4.79    5.88
  -5186.043    34.795    -7.57    9.01
  -4896.358    31.628   -10.93   11.28
  -4606.653    27.127   -15.54   13.68
  -4316.928    22.936   -14.46   13.21
  -4027.183    18.831   -14.17   12.01
  -3737.419    16.800    -7.01   11.49
  -3447.635    18.187     4.79   12.05
  -3157.831    21.171    10.30   12.57
  -2868.008    24.680    12.11   11.48
  -2578.165    27.052     8.18   10.61
  -2288.302    26.883    -0.58   12.53
  -2000.504    24.667    -7.70   14.54
  -1714.775    22.658    -7.03   15.75
  -1429.028    17.870   -16.76   16.56
  -1143.262    13.662   -14.72   15.77
   -857.477     9.872   -13.26   14.53
   -571.673     6.187   -12.89   11.95
   -285.849     3.053   -10.96    9.15
     -0.007     1.480    -5.50    6.81
    285.854     0.542    -3.28    3.69
    571.735     1.360     2.86    4.25
    857.634     2.987     5.69    4.73
   1143.552     4.039     3.68    5.01
   1429.490     5.077     3.63    5.12
   1715.446     5.359     0.99    5.30
   2001.421     5.590     0.81    5.45
   2287.416     5.456    -0.47    5.63
   2573.429     6.039     2.04    5.68
   2859.462     5.423    -2.15    6.34
   3145.514     3.934    -5.20    7.27
   3431.584     1.711    -7.77    7.37
   3717.674     0.333    -4.81    7.42
   4003.783    -1.587    -6.71    6.73
   4289.911    -2.973    -4.85    6.08
   4576.058    -4.413    -5.03    4.61
   4862.224    -5.829    -4.95    1.64
   5148.409    -6.221    -1.37    1.35
   5434.613    -6.208     0.05    1.47
   5720.837    -6.195     0.05    1.41
   6007.079    -6.141     0.19    1.39
   6293.341    -6.195    -0.19    1.33
   6579.622    -6.052     0.50    1.21
   6865.921    -6.118    -0.23    1.14
   7152.240    -6.176    -0.20    1.11
   7438.578    -6.487    -1.09    1.15
   7724.935    -6.724    -0.83    1.13
   8011.312    -6.960    -0.83    1.14
   8297.707    -7.128    -0.59    1.13
   8584.122    -7.403    -0.96    1.05
   8870.555    -7.494    -0.32    1.10
   9157.008    -7.462     0.11    1.12
   9443.480    -7.346     0.40    1.28
   9729.971    -7.385    -0.13    1.29
  10016.481    -7.623    -0.83    1.09
  10303.011    -7.507     0.41    1.19
  10589.559    -7.440     0.23    1.19
  10876.127    -7.413     0.09    1.20
  11162.714    -7.408     0.02    1.29
  11449.320    -7.237     0.60    1.23
  11735.946    -7.133     0.36    1.31
  12022.590    -7.026     0.38    1.36
  12309.254    -6.949     0.27    1.39
  12595.937    -6.662     1.00    1.49
  12882.639    -5.951     2.48    2.33
  13169.360    -3.859     7.30    8.04
  13456.100    -1.089     9.66   12.10
  13742.860     2.449    12.34   15.59
  14029.639     7.600    17.96   19.81
  14316.437    13.539    20.71   22.82
  14603.255    19.096    19.37   24.24
  14890.091    23.671    15.95   24.56
  15176.947    27.757    14.24   23.72
  15463.822    33.133    18.74   21.59
  15750.716    36.506    11.76   18.28
  16037.630    38.241     6.04   15.75
  16324.563    38.205    -0.12   13.65
  16611.515    38.910     2.46   10.55
  16898.486    39.260     1.22    9.30
  17185.477    40.237     3.40    8.48
  17472.486    41.158     3.21    7.39
  17759.515    41.360     0.70    7.38
  18046.564    43.066     5.94    6.26
  18333.631    44.882     6.33    4.99
  18620.718    45.733     2.97    4.75
  18907.825    46.359     2.18    5.00
  19194.950    46.935     2.01    4.43
  19482.095    47.872     3.26    5.10
  19769.259    49.231     4.73    6.01
  20056.442    51.364     7.43    6.93
  20343.645    53.430     7.20    7.63
  20630.867    54.766     4.65    7.66
  20918.108    54.160    -2.11    8.56
  21205.369    53.587    -2.00    9.23
  21492.649    52.280    -4.55    8.78
  21779.948    51.280    -3.48    8.39
  22067.267    50.987    -1.02    7.94
  22354.605    51.720     2.55    7.97
  22641.962    54.654    10.21    8.94
  22929.339    57.937    11.42    8.55
  23216.735    60.182     7.81    7.62
  23504.150    61.620     5.00    6.21
  23791.585    61.987     1.28    6.03
  24079.039    62.141     0.54    6.37
  24366.513    62.197     0.20    6.72
  24654.006    62.162    -0.12    6.54
  24941.518    61.382    -2.72    7.15
  25229.049    60.316    -3.71    8.14
  25516.600    59.533    -2.72    8.47
  25804.171    58.000    -5.33    8.19
  26091.761    56.487    -5.26    6.99
  26379.370    55.312    -4.09    5.73
  26666.998    54.351    -3.34    4.22
  26954.646    54.077    -0.95    3.27
  27242.314    54.577     1.74    3.02
  27530.000    55.474     3.12    2.63
  27817.707    55.986     1.78    2.48
  28105.432    56.053     0.23    2.14
  28393.177    56.250     0.68    1.87
  28680.942    56.240    -0.03    1.86
  28968.726    55.880    -1.25    1.93
  29256.529    55.145    -2.55    2.10
  29544.352    54.260    -3.07    1.98
  29832.194    53.756    -1.75    1.92
  30120.056    53.351    -1.41    1.82
  30407.937    53.114    -0.82    1.89
  30695.838    53.195     0.28    1.91
  30983.758    53.641     1.55    1.84
  31271.697    54.000     1.25    1.65
  31559.656    54.173     0.60    1.49
  31847.635    54.132    -0.14    1.48
  32135.633    53.880    -0.87    1.64
  32423.650    53.442    -1.52    1.58
  32711.687    52.974    -1.62    1.74
  32999.744    52.679    -1.02    1.63
  33287.820    52.582    -0.34    1.52
  33575.915    52.269    -1.09    1.48
  33864.030    51.810    -1.59    1.67
  34152.164    51.372    -1.52    1.70
  34440.318    51.039    -1.15    1.76
  34728.492    50.579    -1.60    1.89
  35016.685    50.276    -1.05    1.76
  35304.898    50.211    -0.23    1.73
  35593.130    50.413     0.70    1.85
  35881.381    50.737     1.12    1.73
  36169.652    51.000     0.91    1.67
  36457.943    51.192     0.67    1.35
  36746.253    51.462     0.93    1.10
  37034.583    51.628     0.58    0.98
  37322.933    51.727     0.34    1.03
  37611.302    51.720    -0.03    1.09
  37899.690    51.627    -0.32    1.34
  38188.098    51.474    -0.53    1.69
  38476.526    51.447    -0.09    1.75
  38764.973    51.105    -1.19    2.16
  39053.440    51.053    -0.18    2.26
  39341.927    50.872    -0.63    2.30
  39630.433    50.532    -1.18    2.39
  39918.958    50.936     1.40    2.27
  40207.503    51.154     0.76    2.56
  40496.068    51.897     2.58    2.44
  40784.653    52.603     2.44    2.50
  41073.257    53.184     2.02    2.34
  41361.880    54.013     2.87    2.21
  41650.524    54.829     2.83    2.06
  41939.187    55.733     3.13    2.23
  42227.869    56.632     3.11    2.39
  42516.571    57.641     3.50    2.62
  42805.293    58.795     4.00    2.60
  43094.035    59.582     2.73    2.36
  43382.796    60.701     3.88    2.16
  43671.577    61.350     2.25    1.90
  43960.377    62.090     2.56    1.65
  44249.197    62.613     1.81    1.56
  44538.037    63.171     1.93    1.61
  44826.896    63.569     1.38    1.62
  45115.776    63.855     0.99    1.41
  45404.674    63.893     0.13    1.35
  45693.593    63.857    -0.13    1.22
  45982.531    63.551    -1.06    1.35
  46271.489    63.308    -0.84    1.41
  46560.466    62.808    -1.73    1.44
  46849.464    62.390    -1.45    1.30
  47138.481    62.065    -1.12    1.02
  47427.517    61.671    -1.36    0.99
  47716.574    61.263    -1.41    1.36
  48005.650    60.947    -1.09    1.48
  48294.746    60.560    -1.34    1.56
  48583.861    60.135    -1.47    1.55
  48872.997    59.842    -1.01    1.52
  49162.152    59.795    -0.16    1.49
  49451.326    59.821     0.09    1.59
  49740.521    59.859     0.13    1.62
  50029.735    59.623    -0.81    1.54
  50318.969    59.532    -0.31    1.48
  50608.223    59.553     0.07    1.39
  50897.497    59.773     0.76    1.36
  51186.790    60.171     1.37    1.23
  51476.103    60.553     1.32    1.43
  51765.436    61.027     1.64    1.70
  52054.789    61.462     1.50    1.68
  52344.161    61.948     1.68    1.69
  52633.553    62.494     1.89    1.51
  52922.965    62.772     0.96    1.30
  53212.397    63.000     0.79    1.12
  53501.849    63.038     0.13    1.19
  53791.320    62.880    -0.55    1.11
  54080.811    62.921     0.14    1.15
  54370.322    62.895    -0.09    1.13
  54659.853    62.827    -0.24    1.14
  54949.404    62.724    -0.36    1.24
  55238.975    62.338    -1.33    1.41
  55528.565    61.911    -1.47    1.66
  55818.175    61.423    -1.69    1.76
  56107.805    61.063    -1.24    1.72
  56397.455    61.025    -0.13    1.81
  56687.125    60.896    -0.44    1.75
  56976.814    60.707    -0.65    1.67
  57266.524    60.500    -0.71    1.79
  57556.253    60.473    -0.09    1.62
  57846.002    60.053    -1.45    1.67
  58135.771    59.247    -2.78    1.99
  58425.560    58.234    -3.50    2.63
  58715.369    57.410    -2.84    2.71
  59005.198    56.346    -3.67    3.05
  59295.046    55.013    -4.60    3.53
  59584.915    53.936    -3.71    3.66
  59874.803    52.680    -4.33    3.49
  60161.094    51.733    -3.31    3.16
  60446.791    50.421    -4.59    3.96
  60732.507    48.974    -5.07    4.38
  61018.242    47.453    -5.32    4.88
  61303.996    46.324    -3.95    4.93
  61589.770    45.221    -3.86    4.72
  61875.563    44.449    -2.70    4.28
  62161.374    43.557    -3.12    4.13
  62447.206    42.526    -3.61    4.31
  62733.056    41.580    -3.31    4.48
  63018.926    40.679    -3.15    4.37
  63304.814    40.038    -2.24    4.41
  63590.722    39.772    -0.93    4.41
  63876.650    39.120    -2.28    4.58
  64162.596    38.526    -2.08    5.07
  64448.562    37.842    -2.39    5.61
  64734.547    37.895     0.18    5.72
  65020.551    37.303    -2.07    6.27
  65306.574    37.276    -0.09    6.67
  65592.617    37.299     0.08    7.28
  65878.679    37.269    -0.10    7.98
  66164.760    37.821     1.93    8.43
  66450.861    37.846     0.09    8.88
  66736.980    37.795    -0.18    9.37
  67023.119    37.935     0.49    9.10
  67309.278    37.679    -0.89    9.13
  67595.455    38.197     1.81    8.91
  67881.652    38.355     0.55    8.72
  68167.868    38.842     1.70    8.43
  68454.104    40.658     6.34    6.94
  68740.358    42.693     7.11    4.37
  69026.632    43.592     3.14    3.95
  69312.926    44.215     2.18    3.00
  69599.238    44.025    -0.66    2.96
  69885.570    43.975    -0.18    4.57
  70171.922    43.325    -2.27    6.75
  70458.292    41.975    -4.71    8.56
  70744.682    39.923    -7.16   11.14
  71031.091    37.551    -8.28   13.74
  71317.520    35.693    -6.49   15.43
  71603.968    34.440    -4.38   17.12
  71890.435    32.684    -6.13   18.46
  72176.922    30.270    -8.43   19.10
  72463.428    30.280     0.03   20.27
  72749.953    29.360    -3.21   20.44
  73036.498    27.872    -5.19   20.24
  73323.062    26.438    -5.01   19.63
  73609.645    23.823    -9.12   18.13
  73896.248    21.513    -8.06   15.42
  74182.870    17.595   -13.67   10.18
  74469.512    17.130    -1.62    8.54
  74756.173    15.872    -4.39    4.25
  75042.853    15.513    -1.25    3.26
  75329.553    15.800     1.00    3.32
  75616.272    16.145     1.20    3.19
  75903.011    16.467     1.12    3.20
  76189.769    16.718     0.88    3.64
  76476.546    16.895     0.62    3.50
  76763.343    17.260     1.27    3.52
  77050.159    17.500     0.84    3.21
  77336.995    17.679     0.63    3.40
  77623.850    17.863     0.64    3.46
  77910.724    17.722    -0.49    3.23
  78197.618    17.500    -0.77    3.31
  78484.532    17.645     0.50    3.33
  78771.464    17.680     0.12    3.18
  79058.417    17.896     0.75    3.35
  79345.388    17.747    -0.52    3.16
  79632.380    18.013     0.93    3.34
  79919.390    18.573     1.95    3.37
  80206.420    18.434    -0.48    3.08
  80493.470    18.333    -0.35    3.11
  80780.539    18.405     0.25    3.01
  81067.627    18.633     0.79    2.94
  81354.736    18.738     0.36    2.74
  81641.863    18.636    -0.35    2.25
  81929.010    18.886     0.87    2.38
  82216.177    19.063     0.62    2.33
  82503.363    19.227     0.57    2.50
  82790.568    19.632     1.41    2.43
  83077.793    20.132     1.74    2.14
  83365.038    20.195     0.22    2.34
  83652.302    20.342     0.51    2.30
  83939.585    20.636     1.02    1.97
  84226.888    20.844     0.72    1.92
  84514.211    20.936     0.32    1.78
  84801.553    21.167     0.80    1.75
  85088.915    21.785     2.15    2.38
  85376.296    22.897     3.87    3.48
  85663.697    24.000     3.84    4.08
  85951.117    25.395     4.85    4.53
  86238.557    26.395     3.48    4.37
  86526.017    26.987     2.06    4.17
  86813.496    26.829    -0.55    4.01
  87100.995    26.316    -1.79    3.76
  87388.513    25.766    -1.91    3.73
  87676.051    25.278    -1.70    3.48
  87963.608    24.886    -1.36    3.86
  88251.185    25.538     2.27    7.38
  88538.781    27.162     5.65   10.31
  88826.398    29.103     6.75   13.10
  89114.033    30.633     5.32   14.65
  89401.689    31.962     4.62   15.54
  89689.364    33.147     4.12   16.39
  89977.058    35.263     7.36   16.79
  90264.772    37.355     7.27   16.81
  90552.506    38.351     3.46   16.54
  90840.260    38.532     0.63   15.88
  91128.033    38.538     0.02   16.06
  91415.825    39.286     2.60   16.15
  91703.638    39.256    -0.10   16.01
  91991.470    39.756     1.74   15.49
  92279.321    39.835     0.27   14.75
  92567.193    39.462    -1.30   14.22
  92855.084    40.187     2.52   14.01
  93142.994    41.853     5.79   13.88
  93430.925    43.182     4.61   13.48
  93718.874    45.197     7.00   12.41
  94006.844    46.733     5.33   11.49
  94294.833    49.347     9.08    9.79
  94582.842    51.013     5.79    8.87
  94870.871    50.090    -3.21    9.79
  95158.919    49.329    -2.64    9.86
  95446.987    50.844     5.26    8.72
  95735.075    51.949     3.84    8.01
  96023.183    53.718     6.14    6.02
  96311.310    54.654     3.25    5.45
  96599.457    55.766     3.86    4.41
  96887.623    55.427    -1.18    4.41
  97175.810    54.132    -4.49    6.85
  97464.016    50.440   -12.81   10.87
  97752.242    45.632   -16.68   13.43
  98040.487    44.551    -3.75   12.91
  98328.752    45.038     1.69   12.79
  98617.037    46.203     4.04   13.22
  98905.342    48.405     7.64   12.87
  99193.667    51.338    10.17   11.99
  99482.011    55.641    14.93    7.91
  99770.375    58.077     8.45    2.92
 100058.759    58.907     2.88    2.61
 100347.162    59.026     0.41    2.81
 100635.586    59.307     0.97    3.27
 100924.029    59.091    -0.75    3.47
 101212.492    59.152     0.21    3.37
 101500.974    59.103    -0.17    2.97
 101789.477    59.090    -0.04    2.77
 102077.999    58.701    -1.35    2.63
 102366.541    57.692    -3.50    3.44
 102655.103    56.397    -4.49    3.69
 102943.685    55.013    -4.80    3.95
 103232.286    53.838    -4.07    3.88
 103520.908    53.413    -1.47    4.07
 103809.549    53.421     0.03    3.90
 104098.210    53.237    -0.64    5.98
 104386.891    51.934    -4.51    8.32
 104675.591    51.250    -2.37    9.06
 104964.312    51.256     0.02    9.34
 105253.052    50.430    -2.86    9.99
 105541.812    48.718    -5.93   10.46
 105830.592    48.731     0.04   10.24
 106119.392    49.974     4.31   10.00
 106408.212    52.421     8.47    9.32
 106697.051    53.763     4.65    9.42
 106985.911    55.618     6.42    8.48
 107274.790    57.289     5.79    7.04
 107563.690    59.118     6.33    4.63
 107852.609    60.776     5.74    2.68
 108141.548    61.051     0.95    2.81
 108430.507    61.185     0.47    2.67
 108719.486    61.244     0.20    2.80
 109008.484    60.924    -1.11    2.86
 109297.503    60.359    -1.96    2.98
 109586.541    60.000    -1.24    3.19
 109875.600    59.649    -1.21    3.34
 110164.678    59.351    -1.03    3.24
 110453.777    58.908    -1.53    3.13
 110742.895    58.329    -2.00    3.10
 111032.033    57.671    -2.28    3.10
 111321.191    56.797    -3.02    3.35
 111610.369    56.064    -2.54    3.36
 111899.567    54.372    -5.85    4.89
 112188.785    52.976    -4.83    5.55
 112478.023    51.500    -5.10    6.10
 112767.281    51.244    -0.89    6.26
 113056.559    50.762    -1.66    6.80
 113345.856    51.039     0.96    7.01
 113635.174    52.382     4.64    6.31
 113924.512    54.658     7.87    5.70
 114213.870    56.118     5.05    3.83
 114503.247    54.769    -4.66    5.93
 114792.645    51.397   -11.65   10.48
 115082.063    47.063   -14.98   13.35
 115371.500    41.506   -19.20   15.08
 115660.958    36.962   -15.70   14.32
 115950.436    31.873   -17.58   11.57
 116239.934    28.266   -12.46    8.83
 116529.451    25.867    -8.29    5.80
 116818.989    25.368    -1.72    5.60
 117108.547    25.224    -0.50    5.61
 117398.125    26.286     3.67    6.46
 117687.723    28.430     7.41    8.33
 117977.340    30.911     8.57    9.21
 118266.978    32.179     4.38    9.11
 118556.636    33.636     5.03    8.48
 118846.314    34.846     4.18    7.75
 119136.013    36.137     4.46    7.03
 119425.731    37.013     3.02    6.71
 119715.469    36.855    -0.54    6.36
 120005.227    36.368    -1.68    6.52
 120295.006    36.753     1.33    6.05
 120584.804    36.558    -0.67    6.26
 120874.623    35.763    -2.74    6.50
 121164.461    34.961    -2.77    6.63
 121454.320    33.899    -3.67    6.60
 121744.199    32.474    -4.91    6.24
 122033.244    31.450    -3.54    5.62
 122318.905    30.487    -3.37    4.99
 122604.586    30.385    -0.36    4.94
 122890.285    30.493     0.38    4.89
 123176.005    31.224     2.56    4.95
 123461.743    31.727     1.76    4.71
 123747.501    32.487     2.66    4.65
 124033.278    32.974     1.70    4.55
 124319.075    33.461     1.70    4.03
 124604.891    33.623     0.57    3.99
 124890.726    33.494    -0.45    3.62
 125176.581    33.557     0.22    3.30
 125462.455    34.013     1.59    2.98
 125748.349    34.096     0.29    2.96
 126034.262    34.076    -0.07    2.90
 126320.194    34.513     1.53    2.91
 126606.146    35.038     1.84    3.30
 126892.117    35.442     1.41    3.33
 127178.108    35.533     0.32    3.52
 127464.118    35.579     0.16    3.50
 127750.148    35.671     0.32    3.33
 128036.197    35.776     0.37    3.29
 128322.266    35.829     0.18    3.26
 128608.354    35.921     0.32    3.44
 128894.461    36.558     2.23    3.70
 129180.588    37.885     4.64    4.13
 129466.734    39.544     5.80    4.37
 129752.900    41.141     5.58    4.40
 130039.085    43.443     8.04    3.93
 130325.290    45.610     7.57    3.83
 130611.514    47.342     6.05    4.13
 130897.758    49.300     6.84    4.01
 131184.021    51.026     6.03    3.56
 131470.304    52.360     4.66    2.96
 131756.606    53.461     3.84    2.42
 132042.928    54.105     2.25    1.89
 132329.269    54.118     0.05    1.95
 132615.630    53.308    -2.83    3.16
 132902.010    51.987    -4.61    4.26
 133188.410    51.139    -2.96    4.38
 133474.830    50.238    -3.15    4.73
 133761.268    50.195    -0.15    4.48
 134047.727    49.886    -1.08    5.53
 134334.205    49.128    -2.65    6.22
 134620.702    48.247    -3.08    6.71
 134907.219    48.507     0.91    7.45
 135193.756    48.680     0.60    8.45
 135480.312    49.321     2.24    9.57
 135766.888    50.395     3.75   10.61
 136053.483    54.066    12.81   11.22
 136340.098    57.787    12.98   10.74
 136626.732    61.870    14.25    9.59
 136913.386    64.911    10.61    7.38
 137200.060    67.450     8.86    4.64
 137486.753    68.385     3.26    3.82
 137773.466    69.127     2.59    3.09
 138060.198    69.911     2.74    2.77
 138346.950    70.359     1.56    2.80
 138633.722    70.988     2.19    2.94
 138920.513    71.623     2.22    3.01
 139207.324    72.658     3.61    2.87
 139494.154    73.671     3.53    2.79
 139781.004    74.882     4.22    2.60
 140067.874    76.078     4.17    2.88
 140354.763    77.468     4.85    3.08
 140641.672    78.359     3.10    2.86
 140928.600    78.443     0.29    3.21
 141215.548    78.225    -0.76    4.01
 141502.516    77.910    -1.10    4.72
 141789.504    77.200    -2.48    6.03
 142076.511    75.350    -6.45    7.21
 142363.538    73.833    -5.28    7.57
 142650.584    72.560    -4.44    8.23
 142937.650    71.160    -4.88    8.78
 143224.736    69.079    -7.25    9.23
 143511.842    67.077    -6.97    8.73
 143798.967    64.303    -9.66    8.90
 144086.112    61.000   -11.50    9.09
 144373.276    57.718   -11.43   10.15
 144660.460    53.949   -13.13   10.02
 144947.664    50.375   -12.44    9.96
 145234.888    47.679    -9.39    8.55
 145522.131    46.595    -3.78    7.79
 145809.394    47.474     3.06    9.05
 146096.677    49.564     7.28   11.27
 146383.980    52.538    10.35   12.65
 146671.302    56.519    13.86   12.78
 146958.644    61.447    17.15   12.65
 147246.006    66.487    17.54   11.07
 147533.387    71.120    16.12    9.69
 147820.788    74.188    10.67    8.70
 148108.209    76.949     9.61    8.16
 148395.650    79.269     8.07    7.98
 148683.110    81.775     8.72    6.95
 148970.590    84.582     9.77    5.58
 149258.090    85.595     3.52    5.06
 149545.610    86.595     3.48    3.94
 149833.150    86.582    -0.04    4.21
 150120.709    85.573    -3.51    5.52
 150408.288    84.461    -3.87    5.91
 150695.887    83.829    -2.20    5.90
 150983.505    83.308    -1.81    5.75
 151271.144    83.192    -0.40    5.26
 151558.802    83.641     1.56    5.36
 151846.480    84.377     2.56    5.21
 152134.178    85.557     4.10    5.00
 152421.896    87.526     6.84    4.15
 152709.633    88.775     4.34    3.60
 152997.390    89.551     2.70    3.51
 153285.167    90.577     3.56    3.21
 153572.964    91.600     3.56    2.73
 153860.781    92.382     2.72    2.74
 154148.618    92.974     2.06    2.88
 154436.474    93.675     2.44    2.86
 154724.351    94.307     2.19    2.37
 155012.247    94.747     1.53    2.09
 155300.163    95.065     1.11    1.74
 155588.099    94.667    -1.38    2.19
 155876.054    94.012    -2.27    2.87
 156164.030    93.205    -2.80    3.61
 156452.026    91.823    -4.80    4.69
 156740.041    90.577    -4.33    4.99
 157028.076    89.795    -2.72    5.09
 157316.131    89.077    -2.49    5.16
 157604.206    88.260    -2.84    5.53
 157892.301    87.618    -2.23    5.94
 158180.416    87.118    -1.74    6.53
 158468.551    86.907    -0.74    6.52
 158756.706    86.287    -2.15    6.55
 159044.880    86.025    -0.91    6.18
 159333.075    85.582    -1.54    6.27
 159621.289    85.275    -1.07    6.01
 159909.524    84.950    -1.13    5.22
 160197.778    84.090    -2.98    5.17
 160486.052    82.949    -3.96    5.23
 160774.346    80.722    -7.73    6.77
 161062.660    79.421    -4.51    6.92
 161350.994    78.053    -4.75    7.46
 161639.348    76.316    -6.02    7.89
 161927.722    74.091    -7.72    8.90
 162216.116    72.051    -7.07    9.84
 162504.530    70.101    -6.76   10.33
 162792.964    68.304    -6.23   11.01
 163081.418    65.325   -10.33   11.63
 163369.892    62.679    -9.17   11.83
 163658.386    60.012    -9.25   12.34
 163946.899    57.342    -9.26   12.44
 164235.433    55.718    -5.63   11.83
 164523.987    55.368    -1.21   12.24
 164812.561    55.500     0.46   12.49
 165101.155    54.873    -2.17   12.68
 165389.768    54.308    -1.96   11.55
 165678.402    55.368     3.68   12.22
 165967.056    56.727     4.71   12.84
 166255.730    58.385     5.74   13.17
 166544.424    60.436     7.11   13.42
 166833.138    61.725     4.47   13.11
 167121.872    63.175     5.02   12.55
 167410.626    63.782     2.10   11.64
 167699.400    63.733    -0.17   10.70
 167988.194    63.933     0.69    9.95
 168277.008    62.936    -3.45    9.80
 168565.843    60.776    -7.48   10.35
 168854.697    59.423    -4.69   10.91
 169143.571    58.773    -2.25   10.54
 169432.466    57.974    -2.77    9.76
 169721.380    57.756    -0.75    8.86
 170010.315    58.228     1.63    8.16
 170299.270    58.000    -0.79    9.70
 170588.245    54.430   -12.35   13.65
 170877.240    49.077   -18.53   15.57
 171166.255    43.429   -19.55   16.15
 171455.290    38.026   -18.69   14.95
 171744.345    32.961   -17.53   12.66
 172033.420    28.962   -13.83    8.22
 172322.516    26.973    -6.88    4.32
 172611.631    26.587    -1.34    3.24
 172900.767    26.397    -0.65    3.26
 173189.923    26.076    -1.11    3.49
 173479.099    25.750    -1.13    3.66
 173768.295    25.359    -1.35    3.56
 174057.511    24.975    -1.33    3.16
 174346.748    24.590    -1.33    2.48
 174636.004    24.380    -0.73    2.15
 174925.281    26.494     7.31    7.40
 175214.578    30.291    13.13   11.65
 175503.895    35.750    18.87   14.96
 175793.233    41.513    19.92   16.31
 176082.590    48.610    24.53   16.14
 176371.968    55.113    22.47   13.57
 176661.365    60.593    18.94    8.93
 176950.783    63.705    10.76    4.97
 177240.222    65.312     5.55    3.87
 177529.680    66.380     3.69    2.61
 177819.159    66.962     2.01    2.11
 178108.658    67.167     0.71    2.24
 178398.177    67.077    -0.31    2.31
 178687.716    66.474    -2.08    2.61
 178977.275    65.947    -1.82    2.82
 179266.855    65.147    -2.77    3.36
 179556.455    63.418    -5.97    5.32
 179846.075    60.704    -9.37    8.01
 180135.716    56.215   -15.50   12.10
 180425.376    50.987   -18.05   14.80
 180715.057    45.438   -19.16   15.56
 181004.758    40.468   -17.16   15.10
 181294.480    35.625   -16.72   13.73
 181584.222    30.861   -16.45   10.52
 181873.984    27.571   -11.35    7.14
 182163.766    25.395    -7.51    3.71
 182453.568    24.711    -2.36    3.83
 182743.391    24.179    -1.83    3.99
 183033.234    23.861    -1.10    4.08
 183323.098    24.012     0.52    4.37
 183612.981    24.051     0.13    4.35
 183902.885    24.333     0.97    5.50
 184190.443    24.722     1.35    6.52
 184476.063    25.785     3.72    8.65
 184761.702    26.450     2.33    9.91
 185047.361    26.013    -1.53    9.89
 185333.040    25.066    -3.32    9.05
 185618.738    25.816     2.63   10.43
 185904.455    26.684     3.04   11.56
 186190.193    26.792     0.38   11.80
 186475.949    26.679    -0.39   11.82
 186761.726    26.600    -0.28   11.97
 187047.521    26.372    -0.80   11.13
 187333.337    27.089     2.51   11.77
 187619.172    27.152     0.22   11.16
 187905.027    27.625     1.66   11.21
 188190.901    28.468     2.95   12.09
 188476.795    30.628     7.56   13.98
 188762.708    32.468     6.43   15.77
 189048.641    34.883     8.45   16.95
 189334.594    38.551    12.83   18.35
 189620.566    42.692    14.48   19.13
 189906.558    47.430    16.57   18.89
 190192.570    51.566    14.46   17.25
 190478.601    55.605    14.12   15.39
 190764.652    60.724    17.90   11.35
 191050.722    64.875    14.51    5.04
 191336.812    66.037     4.06    4.79
 191622.922    67.772     6.06    4.98
 191909.051    69.100     4.64    4.77
 192195.200    70.659     5.45    4.36
 192481.369    71.188     1.85    4.00
 192767.557    71.662     1.66    3.44
 193053.765    72.375     2.49    2.96
 193339.993    72.234    -0.49    3.14
 193626.240    71.197    -3.62    3.43
 193912.507    69.250    -6.80    4.91
 194198.794    67.910    -4.68    6.00
 194485.101    67.766    -0.50    6.00
 194771.427    67.859     0.32    5.87
 195057.773    67.727    -0.46    5.89
 195344.138    67.468    -0.91    6.31
 195630.523    67.215    -0.88    6.98
 195916.928    66.949    -0.93    8.62
 196203.353    64.250    -9.43   12.61
 196489.797    60.506   -13.07   15.37
 196776.262    55.139   -18.74   17.69
 197062.745    49.818   -18.58   19.02
 197349.249    44.948   -17.00   19.84
 197635.772    40.731   -14.72   19.07
 197922.315    37.286   -12.02   17.19
 198208.878    35.603    -5.87   15.19
 198495.461    33.829    -6.19   13.90
 198782.063    33.697    -0.46   13.84
 199068.685    34.936     4.32   14.65
 199355.327    36.137     4.19   15.44
 199641.989    35.363    -2.70   14.99
 199928.670    33.812    -5.41   13.97
 200215.371    33.169    -2.25   13.02
 200502.092    31.613    -5.43   10.91
 200788.833    31.709     0.34   11.00
 201075.594    32.367     2.30   11.25
 201362.374    32.225    -0.50   10.72
 201649.174    31.539    -2.39   10.19
 201935.994    30.789    -2.62    8.77
 202222.834    30.197    -2.06    7.56
 202509.694    29.667    -1.85    7.28
 202796.573    29.410    -0.89    7.38
 203083.472    28.570    -2.93    6.32
 203370.391    28.481    -0.31    6.15
 203657.330    28.709     0.79    5.99
 203944.289    29.430     2.51    5.90
 204231.267    30.128     2.43    5.75
 204518.266    30.875     2.60    5.48
 204805.284    31.228     1.23    5.32
 205092.322    32.013     2.74    4.95
 205379.380    32.973     3.35    4.70
 205666.458    34.145     4.08    3.85
 205953.556    34.962     2.85    3.32
 206240.673    35.566     2.10    2.75
 206527.811    35.831     0.92    2.58
 206814.968    36.253     1.47    2.95
 207102.145    36.973     2.51    3.34
 207389.342    37.450     1.66    3.54
 207676.559    37.438    -0.04    3.50
 207963.796    37.350    -0.30    3.42
 208251.053    37.269    -0.28    3.44
 208538.330    37.152    -0.41    3.03
 208825.626    37.076    -0.26    2.89
 209112.943    36.600    -1.66    2.72
 209400.279    36.577    -0.08    3.27
 209687.636    36.883     1.07    3.76
 209975.012    37.276     1.37    3.98
 210262.408    37.237    -0.14    4.66
 210549.824    37.013    -0.78    5.11
 210837.260    36.654    -1.25    5.60
 211124.717    36.238    -1.45    5.92
 211412.193    34.617    -5.64    6.32
 211699.689    32.696    -6.68    6.33
 211987.204    30.663    -7.07    6.01
 212274.740    29.512    -4.00    5.39
 212562.296    28.256    -4.37    4.50
 212849.872    27.762    -1.72    4.03
 213137.468    27.613    -0.52    4.14
 213425.084    27.921     1.07    4.56
 213712.719    28.211     1.01    4.71
 214000.375    28.145    -0.23    4.76
 214288.051    28.372     0.79    4.65
 214575.747    28.886     1.79    4.80
 214863.463    29.338     1.57    5.66
 215151.198    29.241    -0.34    5.63
 215438.954    29.137    -0.36    6.39
 215726.730    28.747    -1.36    6.36
 216014.526    28.205    -1.88    6.36
 216302.342    27.889    -1.10    5.89
 216590.178    27.848    -0.14    5.36
 216878.033    27.987     0.48    4.85
 217165.909    28.513     1.83    5.05
 217453.805    28.948     1.51    5.11
 217741.722    29.456     1.76    5.07
 218029.658    29.962     1.76    4.93
 218317.614    30.295     1.16    4.84
 218605.590    30.701     1.41    4.83
 218893.586    31.603     3.13    5.48
 219181.603    33.013     4.90    6.44
 219469.639    34.988     6.86    7.42
 219757.696    36.238     4.34    7.63
 220045.772    37.900     5.77    7.97
 220333.869    39.089     4.13    8.17
 220621.986    39.487     1.38    8.21
 220910.123    39.494     0.02    8.45
 221198.280    39.218    -0.96    8.54
 221486.457    38.792    -1.48    8.50
 221774.654    37.937    -2.97    8.17
 222062.872    37.487    -1.56    7.71
 222351.109    36.461    -3.56    6.84
 222639.367    35.463    -3.46    6.56
 222927.644    35.025    -1.52    6.49
 223215.942    34.662    -1.26    6.69
 223504.260    35.190     1.83    8.86
 223792.598    36.253     3.69   10.94
 224080.957    36.577     1.12   11.63
 224369.335    36.825     0.86   11.92
 224657.734    37.077     0.87   12.06
 224946.153    36.923    -0.53   11.23
 225234.591    36.789    -0.46   10.76
 225523.051    35.487    -4.52   10.01
 225811.530    33.760    -5.99    8.44
 226100.029    32.900    -2.98    8.07
 226388.549    31.823    -3.73    6.48
 226677.089    31.753    -0.24    5.93
 226965.649    32.139     1.34    7.43
 227254.229    34.390     7.80    9.75
 227542.829    36.304     6.63   12.11
 227831.450    37.420     3.87   12.87
 228120.091    37.838     1.45   13.03
 228408.752    37.115    -2.50   13.24
 228697.433    35.115    -6.93   11.94
 228986.135    33.145    -6.83    9.50
 229274.857    31.171    -6.84    5.42
 229563.599    31.766     2.06    5.69
 229852.361    31.350    -1.44    5.46
 230141.143    30.787    -1.95    5.32
 230429.946    29.750    -3.59    4.84
 230718.769    28.639    -3.85    4.22
 231007.612    27.481    -4.01    3.08
 231296.476    27.089    -1.36    2.52
 231585.359    26.625    -1.61    1.90
 231874.263    26.397    -0.79    1.43
 232163.188    26.117    -0.97    0.49
 232452.132    26.092    -0.09    0.47
 232741.097    26.026    -0.23    0.40
 233030.082    26.065     0.13    0.41
 233319.088    26.213     0.51    0.81
 233608.113    26.443     0.80    1.50
 233897.159    26.650     0.72    1.82
 234186.226    26.793     0.49    1.87
 234475.312    27.037     0.84    2.08
 234764.419    27.481     1.54    2.43
 235053.547    27.975     1.71    2.79
 235342.694    28.392     1.44    3.25
 235631.862    28.974     2.01    3.50
 235921.051    29.750     2.68    3.85
 236210.259    30.671     3.19    3.94
 236499.488    31.351     2.35    3.79
 236788.738    31.747     1.37    3.66
 237078.007    32.076     1.14    3.47
 237367.297    32.709     2.19    3.22
 237656.608    33.137     1.48    3.16
 237945.938    33.711     1.98    2.89
 238235.289    33.747     0.12    2.90
 238524.661    33.537    -0.72    2.94
 238814.053    33.125    -1.43    2.68
 239103.465    32.692    -1.50    2.45
 239392.898    32.474    -0.76    2.04
 239682.351    32.618     0.50    2.29
 239971.824    32.697     0.27    2.26
 240261.318    32.590    -0.37    2.46
 240550.833    32.412    -0.61    2.49
 240840.367    32.101    -1.08    2.22
 241129.922    32.162     0.21    2.74
 241419.498    32.133    -0.10    3.29
 241709.094    32.038    -0.33    3.74
 241998.710    32.099     0.21    4.21
 242288.347    32.198     0.34    4.53
 242578.004    32.795     2.06    7.87
 242867.682    32.406    -1.34    7.96
 243157.380    34.083     5.79   11.63
 243447.099    36.980    10.00   15.97
