-326048.764    79.049     0.00    8.89
-325759.721    79.068     0.06    9.93
-325470.660    79.844     2.68    9.87
-325181.579    80.648     2.78   10.45
-324892.479    80.392    -0.89   11.14
-324603.360    79.885    -1.75   11.73
-324314.222    80.246     1.25   11.27
-324025.064    79.844    -1.39   11.83
-323735.888    79.898     0.19   11.53
-323446.693    79.613    -0.99   11.11
-323157.478    79.912     1.03   10.26
-322868.244    81.340     4.94    9.81
-322578.991    84.017     9.25    8.97
-322289.719    84.338     1.11    7.79
-322000.428    84.992     2.26    7.86
-321711.117    85.655     2.29    7.61
-321421.788    86.767     3.84    7.97
-321132.439    87.547     2.70    7.72
-320843.071    88.898     4.67    7.50
-320553.684    89.989     3.77    7.03
-320264.278    91.792     6.23    6.47
-319974.852    93.665     6.47    5.63
-319685.408    94.197     1.84    5.70
-319395.944    94.977     2.69    5.97
-319106.461    95.574     2.06    6.27
-318816.959    96.365     2.73    6.44
-318527.437    96.898     1.84    6.18
-318237.897    96.775    -0.43    6.08
-317948.337    94.978    -6.20    7.00
-317658.758    93.991    -3.41    7.22
-317369.160    93.808    -0.63    7.22
-317079.542    93.405    -1.39    7.14
-316789.905    93.030    -1.29    6.68
-316500.249    93.232     0.70    6.40
-316210.574    94.574     4.63    6.26
-315920.880    94.982     1.41    6.09
-315631.166    95.765     2.70    5.77
-315341.433    96.007     0.83    5.68
-315051.681    95.989    -0.06    5.33
-314761.910    96.301     1.08    5.64
-314472.119    96.652     1.21    5.58
-314182.309    97.267     2.12    5.56
-313896.347    97.509     0.85    5.43
-313610.588    97.938     1.50    5.38
-313324.810    98.101     0.57    5.16
-313039.014    98.412     1.09    5.19
-312753.199    99.142     2.55    4.73
-312467.366    99.981     2.93    4.45
-312181.513   100.507     1.84    4.43
-311895.643   100.491    -0.06    3.86
-311609.753   100.780     1.01    3.44
-311323.845   101.165     1.35    3.33
-311037.919   101.548     1.34    3.36
-310751.973   102.135     2.05    3.45
-310466.009   103.017     3.08    3.15
-310180.027   103.569     1.93    2.82
-309894.026   103.871     1.06    2.56
-309608.006   103.845    -0.09    2.60
-309321.967   103.793    -0.18    2.57
-309035.910   103.761    -0.11    2.56
-308749.834   103.268    -1.72    2.63
-308463.740   103.045    -0.78    2.48
-308177.626   102.833    -0.74    2.69
-307891.494   102.613    -0.77    2.76
-307605.344   102.083    -1.85    2.92
-307319.175   101.665    -1.46    2.79
-307032.987   100.976    -2.40    2.55
-306746.780    99.976    -3.49    2.86
-306460.555    98.979    -3.48    3.34
-306174.311    98.090    -3.11    3.39
-305888.048    97.859    -0.81    3.97
-305601.766    97.939     0.28    3.95
-305315.466    98.122     0.64    4.11
-305029.147    98.622     1.75    4.03
-304742.810    99.398     2.71    3.24
-304456.453    99.783     1.34    2.95
-304170.078    99.688    -0.33    2.97
-303883.684    99.639    -0.17    2.98
-303597.272    99.714     0.26    2.94
-303310.840    99.938     0.78    2.77
-303024.390   100.412     1.65    2.28
-302737.922   100.607     0.68    1.92
-302451.434   100.458    -0.52    1.92
-302164.928   100.632     0.60    1.99
-301878.403   100.885     0.88    2.13
-301591.859   100.938     0.18    2.39
-301305.296   100.872    -0.23    2.55
-301018.715   100.846    -0.09    2.65
-300732.114   100.450    -1.38    2.95
-300445.496    99.846    -2.11    3.17
-300158.858    99.069    -2.71    3.52
-299872.201    97.763    -4.56    3.78
-299585.526    96.412    -4.71    3.43
-299298.832    95.192    -4.25    3.12
-299012.119    94.556    -2.22    2.84
-298725.387    93.858    -2.43    2.95
-298438.636    93.672    -0.65    2.52
-298151.867    93.587    -0.30    1.89
-297865.079    93.353    -0.81    1.82
-297578.272    93.104    -0.87    1.88
-297291.446    92.885    -0.76    2.14
-297004.601    92.556    -1.15    2.27
-296717.738    92.186    -1.29    2.18
-296430.855    91.938    -0.86    2.21
-296143.954    92.056     0.41    2.12
-295857.034    91.761    -1.03    2.26
-295570.095    91.159    -2.10    2.20
-295283.138    90.592    -1.98    2.13
-294996.161    90.210    -1.33    2.15
-294709.165    89.719    -1.71    2.06
-294422.151    89.438    -0.98    1.98
-294135.118    88.859    -2.01    1.77
-293848.066    88.691    -0.59    1.57
-293560.995    88.392    -1.04    1.68
-293273.905    88.020    -1.29    1.72
-292986.796    87.707    -1.09    1.85
-292699.668    87.162    -1.90    2.04
-292412.522    86.425    -2.56    1.99
-292125.356    85.714    -2.48    2.12
-291838.172    85.056    -2.29    2.29
-291550.969    84.444    -2.13    2.25
-291263.747    83.846    -2.08    2.57
-290976.506    83.001    -2.94    2.59
-290689.246    82.464    -1.87    2.56
-290401.967    82.018    -1.55    2.46
-290114.669    81.592    -1.48    2.49
-289827.352    81.255    -1.17    2.41
-289540.016    80.592    -2.31    2.88
-289252.661    79.858    -2.55    3.51
-288965.288    79.285    -1.99    3.59
-288677.895    78.041    -4.33    3.78
-288390.484    76.819    -4.25    3.67
-288103.053    76.015    -2.80    3.44
-287815.604    75.819    -0.68    3.68
-287528.135    76.083     0.92    4.23
-287240.648    76.451     1.28    4.39
-286953.142    77.236     2.73    4.22
-286665.616    78.043     2.81    3.35
-286378.072    78.346     1.05    2.71
-286090.509    78.452     0.37    2.46
-285802.926    77.767    -2.38    2.47
-285515.325    77.069    -2.42    2.52
-285227.705    76.201    -3.02    2.74
-284940.065    75.626    -2.00    2.45
-284652.407    75.214    -1.43    2.32
-284364.730    74.444    -2.68    2.54
-284077.033    73.658    -2.73    2.79
-283789.318    72.750    -3.16    3.20
-283501.584    71.371    -4.79    3.97
-283213.830    69.940    -4.97    4.49
-282926.058    68.325    -5.61    4.67
-282638.266    67.331    -3.45    4.59
-282350.456    67.293    -0.13    4.35
-282062.626    67.591     1.03    4.49
-281774.777    68.379     2.74    4.73
-281486.910    69.730     4.69    4.49
-281199.023    70.457     2.53    3.94
-280911.117    71.175     2.49    3.00
-280623.192    71.466     1.01    1.83
-280335.248    71.254    -0.74    1.82
-280047.285    71.186    -0.23    1.74
-279759.303    71.045    -0.49    1.60
-279471.302    71.002    -0.15    1.64
-279183.282    70.833    -0.59    1.96
-278895.243    70.283    -1.91    2.29
-278607.184    69.648    -2.20    2.77
-278319.107    68.719    -3.23    3.06
-278031.010    67.517    -4.17    3.08
-277742.894    66.218    -4.51    2.81
-277454.759    65.142    -3.74    2.68
-277166.605    64.023    -3.88    3.12
-276878.432    62.178    -6.40    4.67
-276590.240    59.578    -9.02    6.23
-276302.029    57.833    -6.05    6.54
-276013.798    56.578    -4.36    6.62
-275725.549    55.693    -3.07    6.71
-275437.280    54.445    -4.33    6.90
-275148.992    54.041    -1.40    7.18
-274860.685    54.184     0.50    7.22
-274572.359    53.452    -2.54    7.21
-274284.013    53.438    -0.05    7.15
-273995.649    53.359    -0.27    7.45
-273707.265    52.750    -2.11    7.48
-273418.862    52.115    -2.20    8.42
-273130.440    49.214   -10.05   10.02
-272841.999    46.793    -8.39   10.36
-272553.539    43.483   -11.47   11.01
-272265.059    40.366   -10.80   10.09
-271976.560    38.431    -6.71    8.51
-271688.042    37.098    -4.62    7.31
-271399.505    37.763     2.30    8.11
-271110.949    39.135     4.75    9.01
-270822.373    40.871     6.01    8.85
-270533.779    42.507     5.66    7.65
-270245.165    44.818     8.01    7.54
-269956.531    48.106    11.39    6.95
-269667.879    50.743     9.13    6.75
-269379.207    52.655     6.62    6.06
-269090.516    54.148     5.17    5.01
-268801.806    54.675     1.82    5.17
-268513.077    54.282    -1.36    6.20
-268224.328    52.898    -4.79    7.89
-267935.560    50.504    -8.29    9.36
-267646.773    47.574   -10.14   10.01
-267357.967    44.132   -11.91   11.10
-267069.141    42.937    -4.14   10.83
-266780.296    41.754    -4.10   11.15
-266491.432    39.444    -7.99   11.81
-266202.549    37.262    -7.55   11.98
-265913.646    35.080    -7.55   11.56
-265624.724    32.458    -9.07   11.49
-265335.783    29.245   -11.12   10.60
-265046.822    28.121    -3.89    9.97
-264757.842    30.047     6.66   11.05
-264468.843    34.398    15.05   11.44
-264179.825    39.184    16.55   11.45
-263890.787    43.106    13.57   10.69
-263601.730    46.372    11.30    9.04
-263312.653    48.950     8.91    7.07
-263023.558    50.795     6.38    5.30
-262734.443    50.662    -0.46    5.37
-262445.308    50.304    -1.24    5.50
-262156.154    49.912    -1.35    5.31
-261866.981    49.359    -1.91    4.99
-261577.789    48.525    -2.88    4.59
-261288.577    47.175    -4.67    4.83
-260999.346    46.491    -2.37    5.60
-260710.096    45.193    -4.48    6.49
-260420.826    41.360   -13.25   10.21
-260131.537    36.743   -15.96   12.72
-259842.228    32.704   -13.96   12.83
-259552.900    29.088   -12.49   12.07
-259263.553    27.319    -6.11   11.76
-258974.186    27.280    -0.14   11.29
-258684.800    29.493     7.65   12.20
-258395.395    33.210    12.84   11.71
-258105.970    37.162    13.65    9.46
-257816.526    37.950     2.72    9.95
-257527.062    35.730    -7.67   12.35
-257237.579    33.668    -7.12   13.49
-256948.077    32.285    -4.77   13.86
-256658.555    30.304    -6.84   13.84
-256369.014    29.439    -2.99   14.17
-256079.453    31.148     5.90   14.86
-255789.873    33.898     9.49   14.41
-255500.273    38.672    16.48   14.21
-255210.654    41.704    10.47   13.35
-254921.016    44.885    10.98   11.84
-254631.358    47.548     9.19   10.14
-254341.681    50.727    10.97    6.01
-254051.984    51.991     4.36    4.80
-253762.268    52.263     0.94    4.70
-253472.532    51.534    -2.52    5.74
-253182.777    50.977    -1.92    5.93
-252893.002    50.912    -0.23    5.15
-252603.208    51.662     2.59    4.74
-252313.395    52.483     2.83    4.92
-252024.885    53.411     3.22    4.70
-251739.185    54.658     4.36    4.49
-251453.466    55.535     3.07    4.02
-251167.728    56.635     3.85    3.21
-250881.971    57.267     2.21    2.82
-250596.195    56.832    -1.52    3.38
-250310.401    56.977     0.51    3.60
-250024.588    57.008     0.11    3.68
-249738.756    56.832    -0.62    3.89
-249452.905    57.182     1.23    3.91
-249167.035    57.552     1.29    3.71
-248881.147    58.119     1.98    3.22
-248595.240    58.353     0.82    2.73
-248309.313    58.613     0.91    2.25
-248023.368    58.565    -0.17    2.25
-247737.405    58.249    -1.10    2.47
-247451.422    57.989    -0.91    2.47
-247165.420    57.743    -0.86    2.60
-246879.400    57.232    -1.79    2.58
-246593.361    56.319    -3.19    2.81
-246307.302    55.507    -2.84    2.94
-246021.225    55.398    -0.38    2.92
-245735.130    54.780    -2.16    2.78
-245449.015    54.769    -0.04    2.65
-245162.881    54.642    -0.44    2.74
-244876.729    54.963     1.12    2.81
-244590.557    55.470     1.77    2.62
-244304.367    55.911     1.54    2.74
-244018.158    56.093     0.64    2.63
-243731.930    55.976    -0.41    2.69
-243445.683    55.578    -1.39    3.02
-243159.417    54.993    -2.04    2.94
-242873.132    54.056    -3.27    3.17
-242586.828    53.317    -2.58    3.23
-242300.505    52.538    -2.72    3.25
-242014.164    51.846    -2.42    2.93
-241727.803    51.043    -2.80    2.74
-241441.424    50.668    -1.31    3.10
-241155.025    49.353    -4.59    3.97
-240868.608    48.340    -3.54    4.28
-240582.171    47.782    -1.95    4.25
-240295.716    46.872    -3.18    4.58
-240009.242    46.344    -1.84    4.65
-239722.749    46.405     0.21    4.83
-239436.237    46.570     0.57    4.56
-239149.705    46.609     0.14    4.62
-238863.155    46.344    -0.92    5.04
-238576.586    45.241    -3.85    6.16
-238289.998    43.093    -7.49    7.77
-238003.391    41.309    -6.23    7.93
-237716.765    39.757    -5.41    7.63
-237430.120    39.347    -1.43    7.50
-237143.456    39.522     0.61    7.65
-236856.773    40.613     3.80    7.38
-236570.071    42.138     5.32    5.91
-236283.350    41.405    -2.56    8.07
-235996.610    40.816    -2.05    9.17
-235709.851    40.642    -0.61   10.26
-235423.073    41.372     2.55   10.15
-235136.276    41.041    -1.15    9.84
-234849.460    40.782    -0.91    9.95
-234562.624    38.509    -7.92   13.25
-234275.770    35.210   -11.50   15.37
-233988.897    31.210   -13.94   16.05
-233702.005    29.937    -4.44   15.21
-233415.093    28.457    -5.16   15.33
-233128.163    28.547     0.31   14.79
-232841.213    29.504     3.33   15.37
-232554.245    30.767     4.40   16.61
-232267.257    35.547    16.65   14.72
-231980.251    39.171    12.62   12.93
-231693.225    42.119    10.27   10.46
-231406.180    41.782    -1.18   11.70
-231119.116    40.067    -5.97   13.31
-230832.033    37.106   -10.31   15.09
-230544.931    36.249    -2.98   15.02
-230257.810    35.898    -1.22   14.53
-229970.670    35.738    -0.56   14.04
-229683.510    37.439     5.92   12.79
-229396.332    39.510     7.21   11.06
-229109.134    41.085     5.48    9.03
-228821.917    40.223    -3.00   10.06
-228534.682    38.730    -5.20   11.91
-228247.427    36.014    -9.45   14.27
-227960.152    30.257   -20.03   17.67
-227672.859    22.398   -27.35   19.64
-227385.547    16.001   -22.26   19.48
-227098.215    10.327   -19.74   19.19
-226810.865     7.509    -9.81   17.19
-226523.495     8.392     3.07   18.15
-226236.106    13.069    16.27   20.65
-225948.698    21.331    28.74   22.34
-225661.270    27.938    22.98   20.84
-225373.824    34.293    22.10   16.42
-225086.358    37.002     9.42   11.33
-224798.874    38.091     3.79    8.16
-224511.370    35.873    -7.71    8.79
-224223.846    33.847    -7.04    8.66
-223936.304    31.642    -7.67    9.34
-223648.743    30.158    -5.16    9.60
-223361.162    31.845     5.86    8.62
-223073.562    32.385     1.88    7.25
-222785.943    31.939    -1.55    6.71
-222498.304    31.662    -0.96    6.41
-222210.647    32.672     3.51    5.33
-221922.970    33.561     3.09    4.56
-221635.274    34.119     1.94    4.47
-221347.559    34.732     2.13    4.10
-221059.824    35.493     2.65    3.38
-220772.071    35.509     0.05    3.62
-220484.298    35.193    -1.10    3.64
-220196.506    33.635    -5.41    6.75
-219908.694    30.714   -10.15    9.66
-219620.863    28.412    -8.00   10.54
-219333.014    26.115    -7.98   10.40
-219045.144    23.912    -7.65   10.47
-218757.256    20.152   -13.06   10.87
-218469.348    17.652    -8.68   10.36
-218181.421    17.616    -0.12   10.06
-217893.475    18.846     4.27    9.99
-217605.509    19.963     3.88    9.87
-217317.525    21.366     4.87    8.88
-217029.520    23.685     8.05    7.39
-216741.497    26.047     8.20    5.73
-216453.454    26.940     3.10    4.85
-216165.392    28.083     3.97    4.45
-215877.311    28.245     0.56    4.75
-215589.210    28.210    -0.12    5.68
-215301.090    27.860    -1.22    5.89
-215012.951    26.847    -3.51    5.89
-214724.793    25.379    -5.09    6.03
-214436.615    24.262    -3.88    5.84
-214148.417    22.002    -7.84    7.38
-213860.201    19.236    -9.60    9.17
-213571.965    15.738   -12.13   10.75
-213283.710    12.162   -12.41   11.26
-212995.435     8.344   -13.24   10.48
-212707.141     6.964    -4.79    9.66
-212418.828     6.963    -0.00    9.44
-212130.495     8.574     5.58   10.11
-211842.143    11.129     8.86    9.50
-211553.772    13.080     6.76    8.34
-211265.381    12.873    -0.72    8.71
-210976.971    10.275    -9.01   10.34
-210688.541     6.992   -11.38   11.05
-210400.093     4.007   -10.35   10.16
-210111.624     2.938    -3.70    9.10
-209823.137     3.159     0.77    8.91
-209534.629     5.152     6.91    9.49
-209246.103     9.517    15.13    9.74
-208957.557    13.288    13.07    7.75
-208668.992    15.386     7.27    6.34
-208380.407    16.405     3.53    6.04
-208091.803    17.366     3.33    5.77
-207803.179    17.424     0.20    5.74
-207514.536    15.833    -5.51    7.33
-207225.874    13.128    -9.37    9.74
-206937.192     7.727   -18.70   12.51
-206648.491     2.964   -16.50   13.60
-206359.770    -2.115   -17.59   13.06
-206071.030    -6.660   -15.74   10.83
-205782.270   -10.102   -11.92    8.03
-205493.491   -11.634    -5.31    5.98
-205204.692   -12.435    -2.77    5.41
-204915.874   -12.013     1.46    5.57
-204627.037   -11.192     2.84    5.92
-204338.180   -10.555     2.21    5.97
-204049.303    -9.431     3.89    6.21
-203760.407    -8.615     2.82    6.23
-203471.492    -8.088     1.82    6.50
-203182.557    -7.408     2.35    6.52
-202893.603    -5.400     6.95    8.09
-202604.629    -2.050    11.59   10.09
-202315.635     1.834    13.44   11.12
-202026.622     4.950    10.78   10.77
-201737.590     8.629    12.73    9.84
-201448.538    12.005    11.68    7.54
-201159.466    13.817     6.27    6.79
-200870.375    13.412    -1.40    6.16
-200581.265    14.398     3.41    5.38
-200292.135    14.658     0.90    5.23
-200002.985    14.552    -0.37    5.71
-199713.816    14.249    -1.05    5.40
-199424.627    13.463    -2.72    5.81
-199135.419    11.158    -7.97    7.73
-198846.191     7.743   -11.81   10.69
-198556.944     4.988    -9.52   11.22
-198267.677     3.353    -5.65   11.13
-197978.390     2.223    -3.91   10.11
-197689.084     2.596     1.29    9.70
-197399.758     4.793     7.59   10.07
-197110.413     7.418     9.07    9.93
-196821.048    10.321    10.03    7.44
-196531.664    12.392     7.15    5.69
-196242.260    14.027     5.65    4.98
-195952.836    14.796     2.66    4.87
-195663.393    15.591     2.75    4.99
-195373.930    16.257     2.30    4.62
-195084.448    17.232     3.37    3.82
-194794.946    17.925     2.39    3.91
-194505.424    18.425     1.73    4.18
-194215.883    18.819     1.36    4.34
-193926.322    18.132    -2.37    4.66
-193636.741    17.145    -3.41    5.30
-193347.141    15.706    -4.97    6.08
-193057.521    13.418    -7.90    9.10
-192767.881    10.405   -10.40   11.30
-192478.222     5.613   -16.54   13.61
-192188.543     0.925   -16.18   12.99
-191898.845    -3.048   -13.71   11.69
-191609.127    -4.312    -4.36   11.39
-191319.389    -3.129     4.08   12.03
-191029.632     0.148    11.31   12.66
-190739.854     4.132    13.75   11.64
-190450.058     6.283     7.42   11.24
-190160.241     5.604    -2.34   12.80
-189873.218     3.693    -6.65   14.48
-189587.535     0.730   -10.37   16.30
-189301.834    -4.115   -16.95   16.50
-189016.113    -8.115   -14.00   15.63
-188730.373   -11.662   -12.41   14.28
-188444.614   -14.931   -11.44   11.85
-188158.836   -18.115   -11.14    9.10
-187873.039   -20.548    -8.51    4.04
-187587.223   -20.128     1.47    3.90
-187301.388   -19.473     2.29    4.32
-187015.534   -18.062     4.94    4.69
-186729.662   -16.973     3.81    5.04
-186443.770   -15.920     3.68    5.26
-186157.859   -15.679     0.84    5.24
-185871.928   -15.653     0.09    5.51
-185585.979   -15.504     0.52    5.56
-185300.011   -15.368     0.48    5.68
-185014.024   -15.848    -1.68    6.44
-184728.018   -17.403    -5.43    7.25
-184441.993   -19.391    -6.95    7.37
-184155.948   -20.891    -5.24    7.45
-183869.885   -22.799    -6.67    6.75
-183583.802   -24.486    -5.90    5.61
-183297.701   -25.868    -4.83    3.82
-183011.580   -27.000    -3.96    1.65
-182725.440   -27.371    -1.29    1.41
-182439.281   -27.294     0.27    1.47
-182153.104   -27.257     0.13    1.41
-181866.907   -27.270    -0.05    1.40
-181580.690   -27.315    -0.16    1.32
-181294.455   -27.088     0.79    1.19
-181008.201   -27.220    -0.46    1.14
-180721.927   -27.277    -0.20    1.11
-180435.635   -27.608    -1.16    1.14
-180149.323   -27.822    -0.74    1.13
-179862.992   -28.063    -0.84    1.16
-179576.643   -28.281    -0.76    1.09
-179290.273   -28.491    -0.73    1.07
-179003.885   -28.608    -0.41    1.08
-178717.478   -28.537     0.25    1.11
-178431.051   -28.491     0.16    1.28
-178144.606   -28.465     0.09    1.28
-177858.141   -28.669    -0.71    1.11
-177571.657   -28.588     0.28    1.17
-177285.154   -28.549     0.14    1.18
-176998.632   -28.515     0.12    1.20
-176712.090   -28.486     0.10    1.27
-176425.530   -28.325     0.56    1.27
-176138.950   -28.205     0.42    1.34
-175852.351   -28.166     0.14    1.33
-175565.733   -27.961     0.72    1.39
-175279.095   -27.743     0.76    1.53
-174992.439   -26.842     3.14    2.61
-174705.763   -23.995     9.93    9.76
-174419.068   -20.768    11.25   13.50
-174132.354   -17.448    11.58   16.76
-173845.621   -13.654    13.23   19.72
-173558.868    -7.562    21.24   22.82
-173272.096    -1.262    21.97   24.37
-172985.305     3.732    17.41   24.34
-172698.495     7.950    14.70   23.14
-172411.666    13.232    18.41   20.33
-172124.817    14.491     4.39   18.73
-171837.949    17.398    10.13   15.15
-171551.062    17.975     2.01   12.00
-171264.155    17.527    -1.56   10.34
-170977.230    17.912     1.34    9.28
-170690.285    19.188     4.45    8.43
-170403.320    20.290     3.84    7.36
-170116.337    20.951     2.30    7.07
-169829.334    22.365     4.93    5.80
-169542.312    23.925     5.43    4.96
-169255.271    24.833     3.16    4.77
-168968.210    25.544     2.47    4.62
-168681.130    26.078     1.86    4.39
-168394.031    27.219     3.97    4.95
-168106.912    28.535     4.58    6.24
-167819.775    30.806     7.91    7.05
-167532.618    32.976     7.56    7.92
-167245.441    33.574     2.08    7.64
-166958.246    32.675    -3.13    8.89
-166671.030    32.385    -1.01    9.21
-166383.796    30.792    -5.55    9.14
-166096.542    30.501    -1.01    8.38
-165809.269    30.275    -0.79    8.11
-165521.977    31.373     3.82    8.20
-165234.665    33.847     8.61    9.10
-164947.334    37.142    11.47    8.47
-164659.984    39.190     7.12    7.48
-164372.614    40.808     5.63    6.06
-164085.225    41.138     1.15    6.00
-163797.817    41.018    -0.42    6.40
-163510.389    40.968    -0.18    6.66
-163222.942    40.635    -1.16    6.89
-162935.475    40.258    -1.31    7.20
-162647.989    39.445    -2.83    7.96
-162360.484    38.219    -4.26    8.44
-162072.960    36.527    -5.88    7.96
-161785.415    35.091    -4.99    6.77
-161497.852    33.924    -4.06    5.09
-161210.269    32.911    -3.52    3.84
-160922.667    32.937     0.09    3.00
-160635.045    33.675     2.56    2.87
-160347.404    34.385     2.47    2.64
-160059.744    34.951     1.97    2.49
-159772.064    34.925    -0.09    2.14
-159484.364    35.058     0.46    1.89
-159196.646    35.155     0.34    1.84
-158908.908    34.626    -1.84    1.97
-158621.150    33.911    -2.48    2.17
-158333.373    33.078    -2.89    1.99
-158045.576    32.645    -1.50    1.91
-157757.760    32.206    -1.53    1.82
-157469.925    32.030    -0.61    1.93
-157182.070    32.162     0.46    1.98
-156894.196    32.596     1.51    1.85
-156606.302    32.965     1.28    1.65
-156318.389    33.165     0.69    1.41
-156030.456    33.043    -0.42    1.48
-155742.504    32.717    -1.13    1.65
-155454.532    32.158    -1.94    1.74
-155166.541    31.783    -1.30    1.72
-154878.530    31.548    -0.82    1.63
-154590.500    31.418    -0.45    1.49
-154302.450    31.132    -0.99    1.48
-154014.381    30.538    -2.06    1.62
-153726.293    30.162    -1.31    1.78
-153438.184    29.951    -0.73    1.77
-153150.057    29.477    -1.64    1.89
-152861.909    29.152    -1.13    1.76
-152573.743    29.180     0.10    1.75
-152285.556    29.398     0.76    1.79
-151997.351    29.745     1.20    1.73
-151709.125    30.010     0.92    1.59
-151420.880    30.104     0.33    1.35
-151132.616    30.373     0.93    1.07
-150844.332    30.548     0.61    1.00
-150556.028    30.658     0.38    1.08
-150267.705    30.583    -0.26    1.10
-149979.363    30.530    -0.18    1.34
-149691.000    30.346    -0.64    1.69
-149402.618    30.202    -0.50    1.87
-149114.217    29.937    -0.92    2.16
-148825.796    29.937     0.00    2.26
-148537.355    29.652    -0.99    2.32
-148248.895    29.475    -0.61    2.40
-147960.416    29.756     0.97    2.28
-147671.916    30.056     1.04    2.59
-147383.397    31.045     3.43    2.42
-147094.859    31.696     2.25    2.30
-146806.301    32.214     1.80    2.31
-146517.723    33.032     2.83    2.15
-146229.125    33.793     2.64    2.11
-145940.508    34.717     3.20    2.23
-145651.872    35.820     3.82    2.44
-145363.215    36.745     3.20    2.56
-145074.539    37.860     3.86    2.55
-144785.844    38.808     3.28    2.31
-144497.129    39.795     3.42    2.00
-144208.394    40.438     2.23    1.79
-143919.639    41.135     2.41    1.58
-143630.865    41.543     1.41    1.57
-143342.071    42.069     1.82    1.61
-143053.258    42.458     1.35    1.60
-142764.425    42.693     0.81    1.45
-142475.572    42.759     0.23    1.34
-142186.699    42.655    -0.36    1.29
-141897.807    42.386    -0.93    1.34
-141608.895    42.168    -0.76    1.42
-141319.963    41.645    -1.81    1.42
-141031.012    41.148    -1.72    1.20
-140742.041    40.858    -1.00    0.98
-140453.050    40.543    -1.09    1.03
-140164.040    40.072    -1.63    1.36
-139875.010    39.767    -1.05    1.53
-139585.960    39.392    -1.30    1.54
-139296.890    38.975    -1.44    1.59
-139007.801    38.683    -1.01    1.54
-138718.692    38.756     0.25    1.50
-138429.563    38.698    -0.20    1.59
-138140.415    38.693    -0.02    1.61
-137851.246    38.498    -0.67    1.53
-137562.058    38.385    -0.39    1.46
-137272.850    38.438     0.18    1.38
-136983.623    38.714     0.96    1.36
-136694.376    39.138     1.47    1.26
-136405.108    39.535     1.37    1.44
-136115.822    40.027     1.70    1.71
-135826.515    40.475     1.55    1.70
-135537.189    40.949     1.64    1.68
-135247.842    41.444     1.71    1.46
-134958.476    41.806     1.25    1.19
-134669.091    42.018     0.73    1.14
-134379.685    41.872    -0.51    1.17
-134090.260    41.701    -0.59    1.12
-133800.814    41.818     0.41    1.16
-133511.349    41.778    -0.14    1.13
-133221.865    41.652    -0.44    1.20
-132932.360    41.506    -0.50    1.35
-132642.836    41.180    -1.12    1.41
-132353.291    40.719    -1.59    1.70
-132063.727    40.171    -1.89    1.73
-131774.143    39.988    -0.63    1.77
-131484.539    39.859    -0.45    1.83
-131194.916    39.675    -0.64    1.76
-130905.272    39.622    -0.18    1.66
-130615.609    39.398    -0.77    1.79
-130325.926    39.314    -0.29    1.62
-130036.223    38.721    -2.05    1.78
-129746.500    37.911    -2.80    2.12
-129456.757    37.015    -3.09    2.61
-129166.994    35.950    -3.67    2.85
-128877.211    35.104    -2.92    3.12
-128587.409    33.717    -4.79    3.49
-128297.587    32.675    -3.59    3.61
-128007.871    31.372    -4.50    3.43
-127722.239    30.583    -2.76    3.17
-127436.587    29.232    -4.73    3.94
-127150.916    27.405    -6.39    4.71
-126865.227    26.240    -4.08    4.83
-126579.517    25.129    -3.89    4.85
-126293.789    24.038    -3.82    4.72
-126008.042    23.067    -3.40    4.35
-125722.275    22.468    -2.10    4.13
-125436.489    21.283    -4.15    4.25
-125150.684    20.470    -2.84    4.47
-124864.860    19.405    -3.72    4.34
-124579.017    18.778    -2.19    4.41
-124293.154    18.438    -1.19    4.32
-124007.272    18.098    -1.19    4.59
-123721.371    17.425    -2.36    5.07
-123435.451    16.618    -2.82    5.54
-123149.511    16.668     0.17    5.72
-122863.552    16.180    -1.70    6.30
-122577.574    16.257     0.27    6.85
-122291.577    15.936    -1.12    7.49
-122005.560    15.949     0.04    8.11
-121719.525    16.548     2.09    8.42
-121433.470    16.527    -0.07    8.99
-121147.395    16.665     0.48    9.40
-120861.302    17.072     1.42    9.05
-120575.189    16.964    -0.38    8.96
-120289.057    17.267     1.06    9.01
-120002.905    17.346     0.28    8.67
-119716.734    17.845     1.74    8.48
-119430.544    19.765     6.71    6.70
-119144.335    21.924     7.54    4.41
-118858.106    22.860     3.27    3.38
-118571.858    23.012     0.53    3.14
-118285.591    23.158     0.51    3.11
-117999.305    22.683    -1.66    5.13
-117712.999    22.065    -2.16    6.92
-117426.674    20.215    -6.46    9.31
-117140.329    18.132    -7.27   11.85
-116853.965    15.938    -7.66   14.05
-116567.582    13.951    -6.94   15.73
-116281.180    13.438    -1.79   17.04
-115994.758    12.245    -4.16   18.39
-115708.317     9.450    -9.76   19.45
-115421.856     8.219    -4.30   20.01
-115135.376     7.834    -1.34   20.28
-114848.877     6.468    -4.77   20.26
-114562.358     5.039    -4.99   19.51
-114275.820     2.582    -8.58   18.04
-113989.263    -0.666   -11.33   14.56
-113702.686    -3.808   -10.96    9.69
-113416.090    -4.782    -3.40    7.19
-113129.475    -5.248    -1.63    3.81
-112842.840    -5.404    -0.54    3.24
-112556.186    -5.355     0.17    3.38
-112269.512    -4.982     1.30    3.21
-111982.819    -4.575     1.42    3.22
-111696.107    -4.294     0.98    3.61
-111409.375    -4.264     0.10    3.44
-111122.623    -3.764     1.74    3.34
-110835.853    -3.589     0.61    3.23
-110549.063    -3.230     1.25    3.57
-110262.253    -3.076     0.54    3.41
-109975.424    -3.422    -1.21    3.20
-109688.576    -3.648    -0.79    3.23
-109401.708    -3.549     0.35    3.35
-109114.821    -3.365     0.64    3.16
-108827.914    -3.181     0.64    3.36
-108540.988    -3.270    -0.31    3.18
-108254.042    -2.986     0.99    3.36
-107967.077    -2.621     1.27    3.39
-107680.092    -2.717    -0.33    3.13
-107393.088    -2.730    -0.04    3.18
-107106.065    -2.709     0.07    3.01
-106819.022    -2.491     0.76    2.99
-106531.959    -2.400     0.32    2.77
-106244.877    -2.457    -0.20    2.32
-105957.776    -2.182     0.96    2.31
-105670.655    -1.931     0.87    2.32
-105383.515    -1.902     0.10    2.54
-105096.355    -1.470     1.50    2.43
-104809.175    -0.983     1.70    2.13
-104521.976    -0.886     0.34    2.32
-104234.758    -0.744     0.50    2.26
-103947.520    -0.499     0.85    1.98
-103660.262    -0.178     1.12    2.02
-103372.985    -0.064     0.40    1.78
-103085.689     0.104     0.58    1.75
-102798.373     0.886     2.72    2.71
-102511.037     1.965     3.76    3.60
-102223.682     3.175     4.21    4.35
-101936.307     4.412     4.30    4.48
-101648.913     5.525     3.87    4.31
-101361.499     5.872     1.21    4.12
-101074.065     5.527    -1.20    3.96
-100786.612     4.924    -2.10    3.69
-100499.140     4.531    -1.37    3.75
-100211.648     4.210    -1.12    3.38
 -99924.136     4.173    -0.13    5.18
 -99636.605     4.693     1.81    7.86
 -99349.054     6.162     5.11   10.55
 -99061.483     8.578     8.40   13.89
 -98773.893    10.741     7.52   15.41
 -98486.284    11.188     1.56   15.80
 -98198.654    12.688     5.21   16.58
 -97911.005    14.365     5.83   16.81
 -97623.337    16.058     5.89   16.98
 -97335.649    17.052     3.45   16.55
 -97047.941    17.291     0.83   15.96
 -96760.214    17.898     2.11   15.97
 -96472.467    18.405     1.76   16.05
 -96184.700    18.743     1.17   15.77
 -95896.914    18.424    -1.11   15.20
 -95609.108    18.678     0.88   14.61
 -95321.282    18.418    -0.90   14.46
 -95033.437    18.819     1.39   14.20
 -94745.572    20.925     7.31   13.87
 -94457.687    22.754     6.35   13.03
 -94169.783    24.417     5.78   12.08
 -93881.859    26.578     7.50   11.03
 -93593.916    28.411     6.37    9.73
 -93305.952    29.176     2.65    9.74
 -93017.970    28.783    -1.36    9.78
 -92729.967    29.012     0.80    8.94
 -92441.945    30.038     3.56    8.77
 -92153.903    30.820     2.72    8.12
 -91865.841    32.635     6.30    6.12
 -91577.759    34.175     5.34    4.74
 -91289.658    34.898     2.51    4.04
 -91001.537    34.496    -1.40    4.31
 -90713.397    32.129    -8.21    8.24
 -90425.237    28.145   -13.82   12.08
 -90137.057    24.398   -13.00   13.26
 -89848.857    23.334    -3.69   12.84
 -89560.637    24.076     2.57   12.77
 -89272.398    25.270     4.14   13.37
 -88984.139    27.782     8.71   12.74
 -88695.860    32.098    14.97   10.55
 -88407.562    35.701    12.50    5.94
 -88119.244    37.359     5.75    2.44
 -87830.906    37.752     1.36    2.69
 -87542.548    37.952     0.69    2.82
 -87254.170    38.214     0.91    3.27
 -86965.773    38.104    -0.38    3.42
 -86677.356    38.086    -0.06    3.33
 -86388.919    38.014    -0.25    3.00
 -86100.462    37.949    -0.22    2.75
 -85811.986    37.488    -1.60    2.66
 -85523.490    36.373    -3.87    3.49
 -85234.974    34.795    -5.47    3.99
 -84946.438    33.622    -4.06    4.03
 -84657.882    32.714    -3.15    3.85
 -84369.307    32.359    -1.23    4.06
 -84080.711    32.319    -0.14    3.99
 -83792.096    31.240    -3.74    7.65
 -83503.461    30.706    -1.85    8.29
 -83214.807    30.063    -2.23    9.05
 -82926.132    30.549     1.68    9.26
 -82637.437    28.924    -5.63    9.92
 -82348.723    27.240    -5.83   10.83
 -82059.989    27.361     0.42   10.64
 -81771.235    29.552     7.59    9.70
 -81482.461    31.622     7.17    9.22
 -81193.667    33.333     5.92    8.75
 -80904.854    34.911     5.47    7.99
 -80616.020    36.686     6.14    6.76
 -80327.167    38.321     5.66    4.55
 -80038.294    39.683     4.71    2.80
 -79749.400    39.963     0.97    2.73
 -79460.487    40.114     0.52    2.60
 -79171.555    40.111    -0.01    2.88
 -78882.602    39.680    -1.49    2.88
 -78593.629    38.965    -2.48    3.06
 -78304.636    38.806    -0.55    3.18
 -78015.624    38.688    -0.41    3.33
 -77726.591    38.288    -1.38    3.24
 -77437.539    37.778    -1.76    3.14
 -77148.467    36.911    -3.00    3.09
 -76859.374    36.405    -1.75    3.16
 -76570.262    35.719    -2.37    3.33
 -76281.130    34.811    -3.14    3.35
 -75991.978    33.177    -5.65    4.81
 -75702.806    31.591    -5.48    5.58
 -75413.614    30.285    -4.51    6.19
 -75124.402    29.978    -1.06    6.28
 -74835.170    29.662    -1.10    6.96
 -74545.919    30.080     1.45    7.07
 -74256.647    31.432     4.67    6.21
 -73967.355    33.712     7.88    5.72
 -73678.043    34.821     3.84    4.09
 -73388.712    33.039    -6.16    7.09
 -73099.360    29.757   -11.34   10.94
 -72809.988    24.437   -18.39   14.11
 -72520.596    19.288   -17.79   14.79
 -72231.185    14.626   -16.11   13.54
 -71941.753     9.782   -16.74   10.91
 -71652.301     6.148   -12.55    7.63
 -71362.830     4.765    -4.78    5.80
 -71073.338     4.312    -1.57    5.63
 -70783.826     4.312     0.00    5.74
 -70494.294     5.696     4.78    7.00
 -70204.742     7.898     7.61    8.62
 -69915.170    10.065     7.48    9.21
 -69625.579    11.582     5.24    8.98
 -69335.967    12.706     3.88    8.33
 -69046.335    14.379     5.78    7.48
 -68756.683    15.405     3.54    6.85
 -68467.010    15.859     1.57    6.72
 -68177.318    15.754    -0.37    6.36
 -67887.606    15.267    -1.68    6.52
 -67597.874    15.379     0.39    6.24
 -67308.121    15.443     0.22    6.23
 -67018.349    14.582    -2.97    6.34
 -66728.556    13.301    -4.42    6.80
 -66438.743    12.202    -3.79    6.50
 -66148.911    11.202    -3.45    6.22
 -65860.657    10.139    -3.69    5.52
 -65575.041     9.327    -2.84    4.84
 -65289.406     9.359     0.11    4.86
 -65003.752     9.596     0.83    4.83
 -64718.078    10.254     2.30    5.00
 -64432.385    10.780     1.84    4.69
 -64146.672    11.412     2.21    4.59
 -63860.940    12.139     2.55    4.39
 -63575.189    12.155     0.06    4.04
 -63289.418    12.405     0.87    4.01
 -63003.628    12.210    -0.68    3.56
 -62717.818    12.461     0.88    3.26
 -62431.989    12.860     1.40    3.05
 -62146.141    13.000     0.49    2.93
 -61860.273    13.032     0.11    2.92
 -61574.386    13.543     1.79    2.93
 -61288.480    14.119     2.01    3.30
 -61002.554    14.583     1.62    3.34
 -60716.608    14.451    -0.46    3.50
 -60430.643    14.477     0.09    3.50
 -60144.659    14.512     0.12    3.32
 -59858.655    14.747     0.82    3.30
 -59572.632    14.822     0.27    3.24
 -59286.589    15.139     1.11    3.38
 -59000.527    15.661     1.82    3.78
 -58714.446    17.211     5.42    4.22
 -58428.345    18.519     4.57    4.41
 -58142.224    20.569     7.17    4.26
 -57856.084    22.645     7.25    3.75
 -57569.925    24.832     7.64    3.68
 -57283.746    26.819     6.95    3.98
 -56997.547    28.675     6.48    3.85
 -56711.330    30.171     5.23    3.52
 -56425.092    31.470     4.54    2.81
 -56138.835    32.444     3.40    2.33
 -55852.559    33.015     2.00    1.86
 -55566.263    32.860    -0.54    2.18
 -55279.948    32.063    -2.79    3.19
 -54993.613    30.586    -5.16    4.42
 -54707.258    29.886    -2.45    4.44
 -54420.884    29.088    -2.78    4.73
 -54134.491    28.937    -0.53    4.61
 -53848.078    28.709    -0.80    5.57
 -53561.645    27.886    -2.87    6.33
 -53275.193    27.411    -1.66    6.79
 -52988.722    27.280    -0.46    7.42
 -52702.230    27.569     1.01    8.39
 -52415.720    28.306     2.57    9.73
 -52129.189    30.211     6.65   11.02
 -51842.640    33.962    13.09   11.02
 -51556.070    37.732    13.16   10.79
 -51269.481    41.145    11.91    9.50
 -50982.873    44.052    10.14    7.33
 -50696.244    46.354     8.03    4.68
 -50409.597    47.423     3.73    3.94
 -50122.929    48.180     2.64    2.91
 -49836.242    48.845     2.32    2.82
 -49549.536    49.425     2.02    2.82
 -49262.810    50.125     2.44    2.83
 -48976.064    50.622     1.73    3.02
 -48689.299    51.652     3.59    2.80
 -48402.514    52.662     3.52    2.82
 -48115.709    54.067     4.90    2.62
 -47828.885    55.373     4.55    3.07
 -47542.041    56.569     4.17    3.05
 -47255.178    57.334     2.67    2.85
 -46968.295    57.398     0.22    3.21
 -46681.392    57.168    -0.80    4.03
 -46394.470    56.757    -1.43    4.88
 -46107.528    55.873    -3.08    6.15
 -45820.566    54.091    -6.21    7.25
 -45533.585    52.569    -5.30    7.60
 -45246.584    51.517    -3.67    8.19
 -44959.563    49.951    -5.46    8.77
 -44672.523    48.425    -5.32    8.90
 -44385.463    45.481   -10.26    8.94
 -44098.383    42.316   -11.02    9.45
 -43811.284    39.257   -10.65    9.29
 -43524.165    35.778   -12.12   10.49
 -43237.026    32.463   -11.55   10.24
 -42949.868    29.186   -11.41   10.01
 -42662.690    26.215   -10.35    8.32
 -42375.492    25.145    -3.72    7.58
 -42088.274    26.517     4.78    9.56
 -41801.037    28.767     7.83   11.48
 -41513.780    31.834    10.68   12.46
 -41226.504    36.091    14.82   12.68
 -40939.207    40.938    16.87   12.47
 -40651.891    46.379    18.94   10.84
 -40364.555    50.629    14.79    9.75
 -40077.199    53.481     9.92    8.80
 -39789.824    56.379    10.09    8.21
 -39502.429    58.784     8.37    7.58
 -39215.014    61.283     8.69    6.74
 -38927.580    63.782     8.69    5.54
 -38640.125    65.132     4.70    4.21
 -38352.651    65.885     2.62    3.39
 -38065.157    65.635    -0.87    4.30
 -37777.643    64.267    -4.76    5.77
 -37490.110    63.359    -3.16    5.91
 -37202.557    62.645    -2.48    5.90
 -36914.984    62.360    -0.99    5.53
 -36627.391    62.173    -0.65    5.22
 -36339.778    62.911     2.56    5.25
 -36052.146    63.600     2.39    5.13
 -35764.494    64.948     4.69    4.84
 -35476.822    66.607     5.77    4.16
 -35189.130    67.823     4.23    3.54
 -34901.418    68.783     3.34    3.23
 -34613.687    69.701     3.19    3.03
 -34325.935    70.635     3.25    2.70
 -34038.164    71.306     2.33    2.76
 -33750.373    71.819     1.78    2.97
 -33462.562    72.648     2.88    2.84
 -33174.732    73.311     2.30    2.33
 -32886.881    73.709     1.38    1.92
 -32599.011    73.886     0.62    1.74
 -32311.120    73.527    -1.25    2.19
 -32023.210    72.886    -2.23    2.91
 -31735.280    71.772    -3.87    4.07
 -31447.330    70.569    -4.18    4.75
 -31159.361    69.378    -4.14    5.05
 -30871.371    68.438    -3.27    4.99
 -30583.362    67.846    -2.06    5.15
 -30295.332    67.119    -2.52    5.50
 -30007.283    66.574    -1.89    5.92
 -29719.214    66.091    -1.68    6.36
 -29431.125    65.548    -1.88    6.62
 -29143.016    65.050    -1.73    6.75
 -28854.887    64.911    -0.48    6.17
 -28566.738    64.367    -1.89    6.25
 -28278.569    64.219    -0.51    5.80
 -27990.381    63.743    -1.65    5.25
 -27702.172    62.805    -3.25    5.06
 -27413.944    61.353    -5.04    5.71
 -27125.695    59.530    -6.32    6.70
 -26837.427    58.116    -4.90    7.10
 -26549.139    56.978    -3.95    7.51
 -26260.830    55.392    -5.50    7.65
 -25972.502    52.291   -10.75    8.83
 -25684.154    50.648    -5.70    9.80
 -25395.786    48.836    -6.29   10.25
 -25107.398    46.341    -8.65   11.36
 -24818.989    43.949    -8.30   11.50
 -24530.561    41.232    -9.42   11.88
 -24242.113    38.642    -8.98   12.35
 -23953.645    35.642   -10.40   12.13
 -23665.157    34.642    -3.47   11.82
 -23376.649    34.267    -1.30   12.24
 -23088.121    34.398     0.46   12.49
 -22799.573    33.704    -2.41   12.62
 -22511.005    33.511    -0.67   11.61
 -22222.417    34.586     3.72   12.32
 -21933.809    35.696     3.85   12.82
 -21645.181    38.306     9.04   13.36
 -21356.533    39.860     5.39   13.29
 -21067.864    40.836     3.38   12.92
 -20779.176    42.298     5.07   12.53
 -20490.468    42.236    -0.22   11.47
 -20201.740    42.096    -0.49   10.86
 -19912.991    42.569     1.64   10.15
 -19624.223    42.312    -0.89    9.59
 -19335.434    39.215   -10.72   10.57
 -19046.626    38.455    -2.63   10.88
 -18757.797    37.835    -2.15   10.24
 -18468.949    37.036    -2.77    9.63
 -18180.080    36.874    -0.56    8.74
 -17891.191    37.303     1.49    7.95
 -17602.282    36.215    -3.77   10.57
 -17313.353    32.721   -12.09   13.85
 -17024.404    27.096   -19.47   15.61
 -16735.435    21.543   -19.22   16.05
 -16446.446    16.635   -16.98   14.91
 -16157.436    11.327   -18.37   12.33
 -15868.407     7.747   -12.39    8.04
 -15579.357     6.076    -5.78    4.43
 -15290.288     5.481    -2.06    3.21
 -15001.198     5.252    -0.79    3.21
 -14712.088     4.886    -1.27    3.51
 -14422.958     4.573    -1.08    3.59
 -14133.807     4.266    -1.06    3.55
 -13844.637     3.911    -1.22    3.21
 -13555.446     3.385    -1.82    2.39
 -13266.236     3.306    -0.27    2.17
 -12977.005     5.834     8.74    7.86
 -12687.754    10.027    14.49   12.21
 -12398.482    16.086    20.95   15.40
 -12109.191    22.379    21.75   16.75
 -11819.880    28.573    21.41   16.03
 -11530.548    35.093    22.53   13.10
 -11241.196    40.048    17.12    8.26
 -10951.824    42.773     9.42    4.80
 -10662.432    44.367     5.51    3.73
 -10373.019    45.538     4.05    2.24
 -10083.586    45.898     1.24    2.10
  -9794.133    46.043     0.50    2.27
  -9504.660    45.989    -0.19    2.32
  -9215.167    45.334    -2.26    2.53
  -8925.654    44.544    -2.73    3.25
  -8636.120    43.501    -3.60    4.53
  -8346.566    42.088    -4.88    5.44
  -8056.992    39.078   -10.40    8.71
  -7767.397    34.726   -15.03   12.38
  -7477.782    29.148   -19.26   15.04
  -7188.147    23.158   -20.68   15.46
  -6898.492    17.793   -18.52   14.84
  -6608.817    13.359   -15.31   12.95
  -6319.121     9.104   -14.69    9.79
  -6029.405     5.975   -10.80    6.44
  -5739.669     4.236    -6.00    3.80
  -5449.912     3.398    -2.89    3.87
  -5160.135     3.000    -1.38    4.01
  -4870.338     2.809    -0.66    4.10
  -4580.521     2.973     0.57    4.43
  -4290.683     3.177     0.70    5.07
  -4000.825     3.296     0.41    5.51
  -3714.069     3.727     1.50    6.60
  -3428.494     4.885     4.05    8.81
  -3142.900     5.329     1.55    9.96
  -2857.286     4.977    -1.23    9.93
  -2571.653     4.898    -0.28   10.50
  -2286.000     4.725    -0.61   10.50
  -2000.328     5.058     1.17   11.03
  -1714.636     5.936     3.07   12.25
  -1428.924     5.511    -1.49   11.74
  -1143.193     5.772     0.91   12.19
   -857.443     5.847     0.26   11.93
   -571.672     5.911     0.22   11.66
   -285.882     5.493    -1.46   10.75
     -0.073     6.506     3.54   11.29
    285.756     7.620     3.90   12.27
    571.605     9.270     5.77   14.10
    857.473    11.832     8.96   15.91
   1143.361    14.504     9.35   17.31
   1429.268    17.517    10.54   18.83
   1715.195    22.065    15.91   19.09
   2001.142    26.886    16.86   18.77
   2287.108    31.405    15.80   17.07
   2573.094    36.215    16.82   14.25
   2859.100    40.379    14.56   11.15
   3145.125    44.050    12.83    5.03
   3431.170    45.392     4.69    4.47
   3717.234    46.636     4.35    4.95
   4003.318    48.392     6.14    4.61
   4289.422    49.642     4.37    4.41
   4575.545    50.359     2.51    3.81
   4861.689    50.730     1.30    3.26
   5147.851    51.386     2.29    2.88
   5434.034    51.000    -1.35    3.21
   5720.236    50.096    -3.16    3.43
   6006.458    48.148    -6.80    4.91
   6292.699    46.704    -5.05    6.02
   6578.960    46.506    -0.69    5.88
   6865.241    46.898     1.37    5.80
   7151.542    46.772    -0.44    5.62
   7437.862    46.253    -1.81    6.58
   7724.202    46.182    -0.25    6.96
   8010.562    45.455    -2.54    8.99
   8296.941    42.689    -9.66   12.93
   8583.340    38.620   -14.21   15.88
   8869.759    33.184   -18.98   18.17
   9156.197    28.714   -15.61   19.49
   9442.656    23.162   -19.38   19.98
   9729.134    17.701   -19.06   18.35
  10015.631    15.249    -8.56   16.61
  10302.149    13.527    -6.01   14.49
  10588.686    12.748    -2.72   13.86
  10875.243    13.206     1.60   14.23
  11161.820    14.050     2.95   14.70
  11448.416    14.683     2.21   15.21
  11735.033    14.111    -2.00   14.88
  12021.669    13.061    -3.66   14.00
  12308.325    11.658    -4.89   12.48
  12595.000    10.701    -3.34   11.05
  12881.696     9.925    -2.71   10.68
  13168.411    11.129     4.20   11.16
  13455.146    10.898    -0.80   10.51
  13741.901    10.620    -0.97   10.04
  14028.675     9.805    -2.84    8.77
  14315.470     9.096    -2.47    7.56
  14602.284     8.565    -1.85    7.28
  14889.118     8.010    -1.94    7.37
  15175.972     7.343    -2.32    6.35
  15462.845     7.475     0.46    6.10
  15749.739     7.848     1.30    5.95
  16036.652     8.373     1.83    5.88
  16323.585     9.114     2.58    5.71
  16610.538     9.561     1.56    5.52
  16897.511    10.104     1.89    5.35
  17184.504    10.846     2.59    4.95
  17471.516    12.043     4.17    4.77
  17758.549    13.293     4.35    3.66
  18045.601    14.162     3.03    2.68
  18332.673    14.424     0.91    2.73
  18619.765    14.898     1.65    2.74
  18906.877    15.531     2.20    3.32
  19194.009    15.987     1.59    3.55
  19481.161    16.308     1.12    3.51
  19768.332    16.278    -0.10    3.51
  20055.524    16.269    -0.03    3.40
  20342.735    16.198    -0.25    3.38
  20629.966    16.067    -0.46    3.06
  20917.217    15.925    -0.50    2.65
  21204.488    15.464    -1.60    2.73
  21491.779    15.411    -0.19    3.39
  21779.090    15.924     1.79    3.79
  22066.421    15.859    -0.23    4.28
  22353.772    16.093     0.81    4.73
  22641.142    16.132     0.14    5.04
  22928.533    15.759    -1.30    5.65
  23215.944    14.886    -3.04    5.93
  23503.374    13.273    -5.61    6.36
  23790.825    11.152    -7.38    6.24
  24078.295     9.177    -6.87    5.77
  24365.785     8.106    -3.72    5.18
  24653.296     6.872    -4.29    4.25
  24940.826     6.565    -1.07    3.89
  25228.376     6.543    -0.08    4.17
  25515.947     6.680     0.48    4.58
  25803.537     7.109     1.49    4.71
  26091.147     7.043    -0.23    4.76
  26378.778     7.430     1.35    4.63
  26666.428     7.747     1.10    4.89
  26954.098     8.311     1.96    5.67
  27241.788     8.296    -0.05    6.03
  27529.499     8.048    -0.86    6.39
  27817.229     7.063    -3.42    5.82
  28104.979     6.809    -0.88    6.27
  28392.749     6.822     0.05    6.00
  28680.540     6.683    -0.48    5.38
  28968.350     6.898     0.75    4.82
  29256.181     7.412     1.78    5.05
  29544.031     7.780     1.28    5.11
  29831.901     8.319     1.87    5.06
  30119.792     8.911     2.05    5.02
  30407.703     9.269     1.24    4.81
  30695.633     9.848     2.01    4.82
  30983.584    10.898     3.65    5.88
  31271.555    12.155     4.36    6.50
  31559.546    13.772     5.62    7.28
  31847.557    15.573     6.26    7.64
  32135.588    17.061     5.16    7.91
  32423.639    18.132     3.72    8.31
  32711.710    18.504     1.29    8.25
  32999.801    18.280    -0.78    8.44
  33287.913    18.015    -0.92    8.63
  33576.044    17.360    -2.27    8.41
  33864.196    16.573    -2.73    8.14
  34152.368    15.948    -2.17    7.53
  34440.559    15.000    -3.29    6.67
  34728.771    14.404    -2.07    6.75
  35017.004    14.038    -1.27    6.46
  35305.256    13.923    -0.40    7.52
  35593.528    14.273     1.22    9.61
  35881.821    15.091     2.84   11.05
  36170.133    15.991     3.12   12.23
  36458.466    15.556    -1.51   11.66
  36746.819    16.152     2.06   12.28
  37035.192    15.620    -1.84   11.19
  37323.585    14.834    -2.72   10.37
  37611.999    14.011    -2.86    9.90
  37900.432    12.468    -5.35    8.32
  38188.886    11.392    -3.73    7.25
  38477.360    10.578    -2.82    5.98
  38765.854    10.648     0.24    5.97
  39054.369    11.523     3.03    8.01
  39342.903    13.723     7.63   10.09
  39631.458    15.525     6.24   12.34
  39920.033    16.609     3.76   13.20
  40208.628    16.709     0.35   13.14
  40497.243    15.642    -3.70   13.04
  40785.879    14.027    -5.60   11.89
  41074.535    12.193    -6.35    9.39
  41363.211    10.257    -6.71    5.49
  41651.907    10.607     1.21    5.66
  41940.624    10.228    -1.32    5.49
  42229.360     9.623    -2.09    5.27
  42518.117     8.586    -3.59    4.85
  42806.895     7.311    -4.42    3.96
  43095.692     6.298    -3.51    3.00
  43384.510     5.832    -1.62    2.38
  43673.348     5.347    -1.68    1.46
  43962.206     5.241    -0.37    1.34
  44251.085     5.001    -0.83    0.50
  44539.984     4.976    -0.09    0.48
  44828.903     4.911    -0.22    0.34
  45117.842     4.962     0.17    0.40
  45406.802     5.088     0.44    0.79
  45695.782     5.348     0.90    1.48
  45984.782     5.614     0.92    1.85
  46273.803     5.698     0.29    1.89
  46562.843     5.950     0.87    2.11
  46851.905     6.458     1.76    2.48
  47140.986     6.847     1.34    2.80
  47430.088     7.392     1.88    3.24
  47719.210     8.014     2.15    3.57
  48008.353     8.872     2.97    3.96
  48297.516     9.688     2.82    3.85
  48586.699    10.321     2.19    3.72
  48875.902    10.811     1.69    3.68
  49165.126    10.923     0.39    3.39
  49454.370    11.673     2.59    3.26
  49743.635    12.215     1.87    3.15
  50032.920    12.796     2.01    2.71
  50322.225    12.754    -0.15    2.88
  50611.551    12.327    -1.47    2.84
  50900.897    11.860    -1.61    2.64
  51190.263    11.424    -1.51    2.11
  51479.650    11.347    -0.27    2.02
  51769.057    11.509     0.56    2.27
  52058.485    11.552     0.15    2.16
  52347.933    11.417    -0.47    2.47
  52637.402    11.348    -0.24    2.50
  52926.890    11.036    -1.08    2.21
  53216.400    11.000    -0.13    2.70
  53505.929    11.065     0.23    3.38
  53795.479    11.083     0.06    3.98
  54085.050    11.056    -0.09    4.33
  54374.641    11.050    -0.02    4.62
  54664.252    11.693     2.22    7.86
  54953.884    11.937     0.84    8.86
  55243.536    12.782     2.92   10.94
  55533.209    15.386     8.99   14.30
  55822.902    20.582    17.94   19.07
  56112.616    25.164    15.82   21.32
  56402.350    33.023    27.13   24.85
  56692.105    40.748    26.66   26.97
  56981.880    49.595    30.53   26.87
  57271.675    59.298    33.49   25.14
  57561.491    65.464    21.28   23.50
  57851.328    70.898    18.75   21.73
  58140.973    77.477    22.71   18.41
  58426.513    81.309    13.42   15.75
  58712.073    82.517     4.23   14.40
  58997.653    80.832    -5.90   16.91
  59283.252    75.860   -17.41   19.67
  59568.871    70.936   -17.24   19.68
  59854.510    65.561   -18.82   16.97
  60140.169    64.186    -4.81   14.65
  60425.847    63.011    -4.11   13.14
  60711.545    63.886     3.06   12.27
  60997.263    64.810     3.23   11.12
  61283.001    64.108    -2.46   10.25
  61568.758    64.257     0.52    9.34
  61854.535    64.253    -0.02    8.39
  62140.332    64.886     2.21    7.47
  62426.148    66.359     5.16    6.76
  62711.985    67.793     5.02    5.83
  62997.841    68.642     2.97    5.13
  63283.717    69.303     2.31    4.88
  63569.613    68.948    -1.24    5.45
  63855.528    68.123    -2.89    6.07
  64141.464    66.671    -5.08    6.00
  64427.419    64.837    -6.41    5.38
  64713.394    63.050    -6.25    5.71
  64999.389    62.145    -3.16    5.18
  65285.403    61.752    -1.38    4.67
  65571.438    62.355     2.11    5.00
  65857.492    63.989     5.71    5.39
  66143.566    66.227     7.82    6.77
  66429.660    67.833     5.61    6.20
  66715.774    69.436     5.60    5.61
  67001.908    70.109     2.35    4.93
  67288.061    69.296    -2.84    5.75
  67574.234    67.306    -6.95    7.55
  67860.428    66.578    -2.54    7.93
  68146.641    66.215    -1.27    8.14
  68432.874    66.108    -0.37    8.73
  68719.126    65.561    -1.91    9.34
  69005.399    64.673    -3.10    9.92
  69291.692    66.886     7.73    9.11
  69578.004    68.073     4.15    9.10
  69864.336    70.025     6.82    8.79
  70150.689    72.059     7.10    8.61
  70437.061    74.126     7.22    8.49
  70723.453    76.911     9.72    8.64
  71009.865    79.974    10.70    9.32
  71296.296    81.833     6.49    9.20
  71582.748    82.530     2.43    8.88
  71869.220    83.236     2.46    9.62
  72155.711    84.273     3.62    9.76
  72442.223    83.723    -1.92   10.02
  72728.754    81.645    -7.25   11.34
  73015.306    78.673   -10.37   11.85
  73301.877    75.886    -9.73   11.01
  73588.468    74.269    -5.64   11.53
  73875.080    72.073    -7.66   11.72
  74161.711    70.123    -6.80   11.55
  74448.362    69.022    -3.84   12.25
  74735.033    67.267    -6.12   12.51
  75021.724    66.398    -3.03   12.79
  75308.435    65.267    -3.95   13.70
  75595.166    61.986   -11.44   17.12
  75881.917    56.088   -20.57   19.25
  76168.688    53.616    -8.62   18.96
  76455.479    51.598    -7.04   19.33
  76742.290    49.527    -7.22   19.32
  77029.121    48.455    -3.74   18.62
  77315.972    50.582     7.41   20.67
  77602.843    54.548    13.83   22.14
  77889.734    58.639    14.26   22.78
  78176.645    59.848     4.21   22.58
  78463.576    60.963     3.89   21.67
  78750.528    61.662     2.44   19.47
  79037.499    63.236     5.49   17.85
  79324.490    64.860     5.66   16.14
  79611.501    67.964    10.81   14.75
  79898.532    72.757    16.70   14.17
  80185.583    77.004    14.79   12.09
  80472.655    79.032     7.07   11.96
  80759.746    81.759     9.50   13.76
  81046.858    82.486     2.53   14.50
  81333.989    78.048   -15.46   20.14
  81621.141    72.348   -19.85   22.01
  81908.313    68.423   -13.67   20.59
  82195.504    66.611    -6.31   19.65
  82482.716    66.142    -1.63   18.26
  82769.948    66.973     2.89   17.85
  83057.200    71.266    14.94   18.55
  83344.472    76.257    17.38   16.59
  83631.764    78.836     8.98   15.69
  83919.077    80.280     5.03   15.62
  84206.409    83.083     9.75   16.35
  84493.762    85.257     7.57   16.91
  84781.134    87.523     7.89   18.22
  85068.527    89.740     7.71   17.92
  85355.940    93.048    11.51   16.88
  85643.373    95.123     7.22   16.43
  85930.827    97.130     6.98   17.20
  86218.300    99.987     9.94   17.32
  86505.793   101.121     3.94   19.26
  86793.307   100.331    -2.75   20.17
  87080.841    99.937    -1.37   20.07
  87368.395    99.873    -0.22   18.19
  87655.969   101.030     4.02   16.06
  87943.563   103.267     7.78   15.31
  88231.178   106.496    11.23   15.15
  88518.813   109.963    12.05   14.82
  88806.467   114.269    14.97   13.81
  89094.142   117.473    11.14   12.19
  89381.838   118.341     3.02   10.30
  89669.553   116.127    -7.70   11.16
  89957.289   114.261    -6.49   11.78
  90245.045   111.689    -8.94   11.92
  90532.821   107.586   -14.26   11.71
  90820.617   102.673   -17.07    9.87
  91108.434    98.795   -13.48    8.93
  91396.270    96.175    -9.10    9.68
  91684.127    92.846   -11.57    9.91
  91972.004    88.316   -15.74    7.43
  92259.902    85.088   -11.21    4.73
  92547.820    83.683    -4.88    4.10
  92835.757    82.516    -4.06    3.82
  93123.716    82.038    -1.66    3.56
  93411.694    82.145     0.37    3.62
  93699.693    82.948     2.79    4.00
  93987.712    84.161     4.21    4.60
  94275.751    85.764     5.57    5.21
  94563.811    87.386     5.63    4.90
  94851.890    88.719     4.63    4.98
  95139.990    90.398     5.83    5.24
  95428.111    91.991     5.53    5.40
  95716.251    93.923     6.71    5.48
  96004.412    96.076     7.47    5.10
  96292.594    97.557     5.14    4.96
  96580.795    99.195     5.68    4.80
  96869.017   100.759     5.43    4.81
  97157.259   102.565     6.27    5.69
  97445.522   104.244     5.83    5.85
  97733.805   105.873     5.65    6.04
  98022.108   107.215     4.66    5.24
  98310.431   108.318     3.82    4.70
  98598.775   109.673     4.70    5.28
  98887.139   109.491    -0.63    5.18
  99175.524   109.214    -0.96    4.99
  99463.929   109.012    -0.70    5.37
  99752.354   108.607    -1.40    6.12
 100040.800   108.671     0.22    6.18
 100329.266   108.998     1.14    5.91
 100617.752   109.076     0.27    5.08
 100906.259   109.211     0.47    4.59
 101194.786   109.503     1.01    4.17
 101483.334   109.286    -0.75    4.28
 101771.901   109.661     1.30    4.36
 102060.490   108.985    -2.34    5.46
 102349.098   107.411    -5.45    6.16
 102637.727   105.898    -5.24    6.04
 102926.377   105.372    -1.82    6.42
 103215.047   105.747     1.30    6.21
 103503.737   105.784     0.13    5.48
 103792.448   105.379    -1.40    5.54
 104081.179   104.658    -2.50    6.65
 104369.931   103.770    -3.07    7.75
 104658.703   100.784   -10.34    9.60
 104947.495    96.548   -14.67   11.51
 105236.308    92.014   -15.70   12.95
 105525.142    87.036   -17.24   12.95
 105813.996    81.581   -18.89   12.07
 106102.870    77.073   -15.61   10.17
 106391.765    73.379   -12.79    8.40
 106680.680    70.701    -9.27    7.01
 106969.616    69.190    -5.23    6.64
 107258.572    66.911    -7.89    5.46
 107547.548    65.961    -3.29    4.93
 107836.546    65.341    -2.14    4.49
 108125.563    65.348     0.02    4.60
 108414.601    65.073    -0.95    4.74
 108703.660    64.948    -0.43    5.04
 108992.739    65.104     0.54    4.80
 109281.839    66.034     3.22    5.69
 109570.959    66.689     2.26    6.98
 109860.100    67.182     1.71    8.01
 110149.261    67.596     1.43    8.52
 110438.443    67.819     0.77    8.42
 110727.645    67.648    -0.59    8.37
 111016.868    68.341     2.40    9.08
 111306.111    68.323    -0.06    9.13
 111595.375    69.286     3.33    9.47
 111884.660    70.923     5.66    9.71
 112173.965    72.236     4.54    9.72
 112463.290    74.325     7.22    9.56
 112752.636    76.417     7.23    9.79
 113042.003    78.763     8.11   10.31
 113331.391    81.273     8.68   11.31
 113620.798    83.034     6.08   11.78
 113910.227    83.004    -0.11   11.67
 114199.676    83.754     2.59   10.72
 114489.146    83.964     0.73   10.23
 114778.636    84.988     3.54    9.67
 115068.147    85.557     1.96    9.27
 115357.678    87.311     6.06    9.91
 115647.230    89.355     7.06   10.10
 115936.803    92.303    10.18   10.56
 116226.396    95.682    11.67   10.03
 116516.010    98.540     9.87   10.47
 116805.645   101.195     9.17   10.32
 117095.300   103.486     7.91    9.96
 117384.976   105.848     8.16    8.48
 117674.672   108.027     7.52    8.06
 117964.390   110.017     6.87    7.85
 118254.127   111.635     5.59    7.81
 118543.886   114.180     8.78    8.00
 118833.665   116.886     9.34    6.86
 119123.465   117.540     2.26    6.10
 119413.285   116.698    -2.91    7.07
 119703.126   115.577    -3.87    8.05
 119992.988   114.670    -3.13    8.55
 120281.206   113.266    -4.87    9.32
 120566.715   112.565    -2.45    8.80
 120852.244   113.306     2.59    8.78
 121137.793   114.528     4.28    8.43
 121423.362   115.354     2.89    7.91
 121708.951   114.730    -2.19    8.51
 121994.559   115.398     2.34    8.15
 122280.188   115.991     2.07    8.06
 122565.837   114.278    -6.00    9.03
 122851.505   112.573    -5.97    9.41
 123137.193   112.001    -2.00    9.39
 123422.902   113.047     3.66    9.76
 123708.630   113.126     0.28    9.74
 123994.378   112.373    -2.63    9.53
 124280.146   112.726     1.23    9.10
 124565.935   112.836     0.39    8.79
 124851.743   110.223    -9.14   10.50
 125137.571   107.306   -10.21   10.25
 125423.419   105.623    -5.89    9.69
 125709.287   105.052    -2.00    9.17
 125995.175   105.613     1.96    9.00
 126281.082   106.411     2.79    8.72
 126567.010   109.253     9.94    9.29
 126852.958   110.898     5.76    9.41
 127138.926   113.298     8.39   10.61
 127424.914   115.078     6.22   11.54
 127710.922   117.267     7.65   11.80
 127996.950   120.028     9.66   11.52
 128282.997   121.491     5.11   10.75
 128569.065   122.691     4.20    9.98
 128855.153   123.652     3.36    9.25
 129141.261   124.911     4.40    9.28
 129427.389   127.200     8.00    9.86
 129713.537   129.096     6.63    9.93
 129999.705   132.430    11.65   10.51
 130285.893   137.627    18.16   10.75
 130572.101   142.071    15.53    9.97
 130858.329   145.595    12.31    8.55
 131144.577   147.578     6.93    7.41
 131430.845   147.714     0.48    8.13
 131717.134   145.662    -7.17    9.92
 132003.442   141.989   -12.83   11.74
 132289.771   138.719   -11.42   12.05
 132576.119   136.479    -7.82   10.51
 132862.488   135.503    -3.41    9.31
 133148.876   135.429    -0.26    8.48
 133435.285   136.698     4.43    8.69
 133721.714   139.802    10.84    8.37
 134008.163   141.985     7.62    8.37
 134294.632   143.108     3.92    8.47
 134581.121   144.313     4.21    8.33
 134867.630   143.232    -3.77    9.99
 135154.160   139.448   -13.21   12.57
 135440.709   134.184   -18.37   14.31
 135727.279   127.556   -23.13   14.84
 136013.868   121.206   -22.16   15.93
 136300.478   115.086   -21.36   16.78
 136587.108   108.161   -24.16   15.14
 136873.758   103.569   -16.02   12.43
 137160.429   102.182    -4.84   11.56
 137447.119   102.506     1.13   12.33
 137733.830   105.423    10.18   15.57
 138020.561   109.096    12.81   16.27
 138307.312   115.136    21.07   16.55
 138594.083   121.611    22.58   16.67
 138880.874   126.343    16.50   15.19
 139167.685   128.448     7.34   14.59
 139454.517   127.015    -5.00   14.77
 139741.369   124.132   -10.05   13.89
 140028.241   122.001    -7.43   13.71
 140315.133   120.215    -6.23   12.72
 140602.045   121.616     4.89   13.61
 140888.978   125.025    11.88   14.26
 141175.931   127.706     9.34   12.77
 141462.904   128.210     1.76   12.40
 141749.897   127.886    -1.13   11.43
 142036.911   127.036    -2.96   11.69
 142323.944   125.405    -5.68   12.44
 142610.998   122.561    -9.91   11.85
 142898.073   123.098     1.87   13.23
 143185.167   125.405     8.03   13.46
 143472.282   125.636     0.81   13.10
 143759.417   125.501    -0.47   12.87
 144046.572   125.998     1.73   12.43
 144333.747   128.493     8.69   12.96
 144620.943   128.198    -1.03   12.83
 144908.159   126.461    -6.05   13.35
 145195.395   123.519   -10.24   14.62
 145482.652   119.333   -14.57   16.52
 145769.928   113.769   -19.37   17.37
 146057.226   107.386   -22.22   14.88
 146344.543   101.764   -19.57   10.68
 146631.881    97.423   -15.11    8.51
 146919.239    94.073   -11.66    8.20
 147206.617    91.405    -9.29    7.73
 147494.015    89.503    -6.62    7.41
 147781.434    88.236    -4.41    7.56
 148068.874    87.611    -2.17    8.77
 148356.333    87.623     0.04   10.32
 148643.813    87.186    -1.52   10.88
 148931.313    85.645    -5.36   10.59
 149218.834    83.786    -6.47    9.19
 149506.375    82.083    -5.92    7.31
 149793.936    80.859    -4.26    5.51
 150081.518    79.770    -3.79    4.01
 150369.120    80.849     3.75    6.56
 150656.742    83.289     8.48    9.64
 150944.385    83.886     2.08   10.11
 151232.048    84.086     0.69   10.27
 151519.731    86.179     7.28   10.88
 151807.435    89.701    12.24   12.35
 152095.159    94.623    17.11   13.65
 152382.904    96.516     6.58   13.45
 152670.669    98.173     5.76   13.19
 152958.454    98.136    -0.13   13.43
 153246.260    96.177    -6.81   14.19
 153534.086    91.977   -14.59   14.19
 153821.933    86.701   -18.33   10.47
 154109.800    82.717   -13.84    4.11
 154397.687    82.232    -1.68    2.86
 154685.595    82.997     2.66    2.69
 154973.523    83.764     2.66    2.29
 155261.472    84.417     2.27    1.78
 155549.441    85.017     2.09    2.00
 155837.431    85.997     3.40    3.78
 156125.441    87.586     5.52    5.14
 156413.471    89.318     6.01    6.82
 156701.522    91.155     6.38    8.13
 156989.594    94.787    12.61   11.76
 157277.686    98.636    13.36   14.61
 157565.798   101.635    10.41   15.68
 157853.931   104.596    10.28   16.75
 158142.084   106.275     5.83   16.71
 158430.258   107.373     3.81   15.86
 158718.452   109.590     7.69   15.58
 159006.667   113.203    12.54   17.29
 159294.902   116.545    11.59   17.89
 159583.158   119.356     9.75   18.02
 159871.435   123.911    15.80   17.67
 160159.731   127.548    12.62   16.17
 160448.049   131.557    13.91   15.47
 160736.387   135.130    12.39   14.21
 161024.745   137.336     7.65   12.48
 161313.124   138.683     4.67   11.44
 161601.523   139.949     4.39   11.00
 161889.943   142.109     7.49   11.53
 162178.384   145.464    11.63   11.23
 162466.845   147.723     7.83   10.81
 162755.327   149.763     7.07    8.83
 163043.829   150.337     1.99    7.35
 163332.352   149.540    -2.76    7.63
 163620.895   146.998    -8.81    8.76
 163909.459   143.594   -11.80    8.96
 164198.044   139.798   -13.15    9.41
 164486.649   136.173   -12.56    9.26
 164775.274   132.047   -14.30    9.15
 165063.921   128.448   -12.47    8.07
 165352.588   125.405   -10.55    5.84
 165641.275   123.761    -5.69    4.01
 165929.983   123.056    -2.44    2.30
 166218.712   122.964    -0.32    1.81
 166507.461   123.206     0.84    1.78
 166796.231   123.898     2.40    1.93
 167085.022   125.069     4.05    2.57
 167373.833   126.348     4.43    2.97
 167662.665   128.586     7.75    5.37
 167951.517   131.985    11.77    8.35
 168240.390   135.361    11.69    9.20
 168529.284   137.620     7.82    8.50
 168818.198   138.786     4.04    8.08
 169107.133   139.461     2.34    8.01
 169396.089   139.256    -0.71    8.48
 169685.066   138.261    -3.45    8.59
 169974.063   137.152    -3.84    7.59
 170263.080   136.496    -2.27    6.98
 170552.119   135.885    -2.11    6.90
 170841.178   134.498    -4.80    6.99
 171130.258   133.020    -5.11    6.25
 171419.358   131.436    -5.48    4.84
 171708.480   130.711    -2.51    4.71
 171997.622   130.045    -2.30    4.53
 172286.784   128.911    -3.92    4.61
 172575.967   128.056    -2.96    5.23
 172865.172   126.911    -3.96    6.88
 173154.396   125.671    -4.29    8.15
 173443.642   124.164    -5.21    9.22
 173732.908   121.822    -8.10    9.93
 174022.195   119.732    -7.23   10.00
 174311.503   117.821    -6.60    9.60
 174600.831   115.607    -7.65    7.98
 174890.181   114.698    -3.14    6.91
 175179.551   113.972    -2.51    5.63
 175468.941   113.811    -0.56    4.72
 175758.353   114.698     3.07    4.64
 176047.785   116.520     6.30    5.50
 176337.238   118.540     6.98    6.81
 176626.712   120.754     7.65    8.60
 176916.207   123.333     8.91    9.93
 177205.722   125.126     6.20   10.28
 177495.259   126.461     4.61   10.34
 177784.816   125.627    -2.88   10.44
 178074.393   123.738    -6.52   10.57
 178363.992   120.997    -9.47   10.21
 178653.612   117.848   -10.87   10.16
 178943.252   116.108    -6.01    9.35
 179232.913   113.982    -7.34    8.46
 179522.595   111.703    -7.87    6.94
 179812.298   110.618    -3.75    6.03
 180102.021   110.491    -0.44    6.19
 180391.766   110.936     1.54    6.58
 180681.531   111.038     0.35    7.47
 180971.317   109.938    -3.80    8.34
 181261.124   108.885    -3.63    8.97
 181550.952   107.430    -5.02    9.49
 181840.801   104.709    -9.39    9.56
 182130.671   102.269    -8.42    9.46
 182417.486    99.557    -9.46    8.94
 182702.978    96.776    -9.74    8.24
 182988.491    93.718   -10.72    7.05
 183274.024    91.898    -6.37    6.81
 183559.577    89.995    -6.67    5.02
 183845.149    89.483    -1.79    4.79
 184130.742    89.167    -1.11    4.75
 184416.355    88.773    -1.38    3.91
