#    0.020   0.052   0.226 ;Mean Elev.(m), Avg Gradient(m/km), RMS Gradient(m/km) - SRTM1     
#   13.120   0.481   1.309 ;Mean Elev.(m), Avg Gradient(m/km), RMS Gradient(m/km) - ASTER GDEM
#    2.279   0.146   0.476 ;Mean Elev.(m), Avg Gradient(m/km), RMS Gradient(m/km) - GMTED2010 
   1 270.518803  29.343665     1.203     1.203  2 54666.57742831 30.080
   2 270.516398  29.342755     1.307     1.307  2 54676.49307234 28.873
   3 270.515902  29.343880     0.933     0.933  2 54686.40871542 33.987
   4 270.517271  29.343557     0.640     0.640  2 54696.32435664 29.736
   5 270.520861  29.343691    -9.823    -9.887  3 54706.23999654 29.128
   6 270.520068  29.343219     1.135     1.135  2 54716.15564844 30.555
   7 270.518285  29.341938     0.133     0.133  2 54726.07129776 27.751
   8 270.515859  29.343787     1.070     1.087  3 54735.98694607 34.052
   9 270.512178  29.344552     0.970     0.898  3 54745.90259351 36.155
  10 270.510819  29.346428     1.211     1.223  3 54755.81824102 34.895
  11 270.510934  29.344689     0.850     0.831  3 54765.73388647 36.585
  12 270.513886  29.344498     0.765     0.765  2 54775.64952946 33.132
  13 270.516021  29.344150     0.932     0.932  2 54785.56516974 32.981
  14 270.516457  29.343427     0.784     0.805  3 54795.48080812 29.484
  15 270.517235  29.343328     0.836     0.836  2 54805.39644579 31.387
  16 270.519159  29.343277     1.073     1.073  2 54815.31208296 33.034
  17 270.518488  29.343166     1.124     1.124  2 54825.22772904 40.294
  18 270.515950  29.343359     0.918     0.953  3 54835.14336830 33.218
  19 270.512825  29.344460     1.163     1.206  3 54845.05901798 31.869
  20 270.510309  29.345531     1.108     1.108  2 54854.97466713 33.874
  21 270.508520  29.346278     0.977     0.912  3 54864.89031627 29.741
  22 270.508255  29.346998     0.822     0.777  3 54874.80596527 31.145
  23 270.508517  29.345080     1.093     1.080  3 54884.72161105 30.674
  24 270.509925  29.344816     0.919     0.876  3 54894.63725373 32.038
  25 270.510603  29.344764     0.943     0.974  3 54904.55289354 39.021
  26 270.511088  29.345002     1.147     1.184  3 54914.46853194 35.910
  27 270.511294  29.344560     1.164     1.161  3 54924.38416952 38.866
  28 270.513434  29.344587     1.192     1.192  2 54934.29980655 32.038
  29 270.517351  29.343488     1.236     1.260  3 54944.21544158 31.785
  30 270.523954  29.345319     1.441     1.296  3 54954.13107529 33.374
  31 270.523018  29.343817     1.519     1.483  3 54964.04672009 30.669
  32 270.520125  29.343703     1.565     1.565  2 54973.96236813 32.771
  33 270.517130  29.343049     1.546     1.526  3 54983.87801563 33.386
  34 270.515796  29.343000    -1.396    -1.396  2 54993.79366325 24.988
  35 270.515068  29.343522     1.038     1.038  2 55003.70930988 31.688
  36 270.514201  29.344165     1.472     1.472  2 55013.62495437 31.226
  37 270.513402  29.344461     1.065     0.980  3 55023.54059727 33.312
  38 270.513148  29.345576     0.524     0.756  3 55033.45623952 38.706
  39 270.513735  29.345125     0.801     0.799  3 55043.37188074 35.662
  40 270.516346  29.343372     0.716     0.716  2 55053.28752023 30.337
  41 270.520452  29.343543     0.763     0.763  2 55063.20315808 29.153
  42 270.519946  29.342959     0.585     0.585  2 55073.11880265 35.132
  43 270.517274  29.343497     0.946     0.974  3 55083.03445073 31.232
  44 270.514593  29.344558     0.897     0.897  2 55092.95009762 30.984
  45 270.513024  29.345445     0.779     0.732  3 55102.86574451 32.657
  46 270.512291  29.345311     0.947     0.965  3 55112.78139102 34.576
  47 270.513193  29.344528     1.026     1.098  3 55122.69703517 30.925
  48 270.514803  29.343985     1.277     1.277  2 55132.61267647 30.258
  49 270.515937  29.344094     1.324     1.320  3 55142.52831561 33.944
  50 270.515805  29.343788     1.403     1.403  2 55152.44395370 30.661
  51 270.516507  29.343635     1.230     1.230  2 55162.35959205 29.984
  52 270.518657  29.343913     1.343     1.343  2 55172.27523024 30.298
  53 270.521619  29.343910     1.391     1.297  3 55182.19086687 34.520
  54 270.517904  29.343049     1.676     1.700  3 55192.10651684 35.906
  55 270.513840  29.344159     1.487     1.479  3 55202.02216685 37.224
  56 270.511077  29.345467     1.060     1.052  3 55211.93781659 34.014
  57 270.510258  29.345817     1.276     1.276  2 55221.85346594 31.587
  58 270.510573  29.345355     1.268     1.116  3 55231.76911404 35.271
  59 270.512217  29.345100     1.065     1.197  3 55241.68475901 35.918
  60 270.512199  29.344600     1.463     1.573  3 55251.60040020 32.750
  61 270.511487  29.345100     1.234     1.234  2 55261.51603898 39.444
  62 270.511146  29.344505     1.034     1.048  3 55271.43167643 39.646
  63 270.513488  29.345061     1.273     1.360  3 55281.34731416 34.746
  64 270.516705  29.343740     1.330     1.330  2 55291.26295040 34.548
  65 270.521936  29.344629     1.601     1.608  3 55301.17858499 33.496
  66 270.520295  29.342982     1.586     1.579  3 55311.09423127 34.234
  67 270.518603  29.343683     1.028     1.028  2 55321.00987665 32.848
  68 270.516286  29.343938     1.273     1.273  2 55330.92552100 31.938
  69 270.514855  29.344140     1.571     1.571  2 55340.84116542 34.543
  70 270.514931  29.343535     1.003     1.003  2 55350.75680963 32.622
  71 270.515884  29.343231     1.535     1.542  3 55360.67245180 36.973
  72 270.516027  29.343332     1.142     1.092  3 55370.58809168 32.974
  73 270.515783  29.343218     0.991     0.981  3 55380.50372984 33.689
  74 270.516733  29.344029     0.862     0.862  2 55390.41936743 32.909
  75 270.518782  29.342071     1.345     1.345  2 55400.33500339 29.015
  76 270.521288  29.344104     1.073     1.075  3 55410.25065172 32.881
  77 270.520928  29.343854     1.178     1.178  2 55420.16630157 31.501
  78 270.518141  29.342185     0.773     0.773  2 55430.08194790 28.518
  79 270.515235  29.343468     1.098     1.051  3 55439.99759260 33.932
  80 270.513267  29.344568     1.003     1.003  2 55449.91323611 30.345
  81 270.513736  29.345009     0.979     0.984  3 55459.82887934 31.437
  82 270.515705  29.344162     0.982     0.982  2 55469.74452154 33.408
  83 270.518213  29.342927     0.698     0.658  3 55479.66016056 30.001
  84 270.520755  29.343366     0.595     0.595  2 55489.57579705 29.276
  85 270.522227  29.343808     0.744     0.755  3 55499.49143101 32.516
  86 270.520535  29.343541     0.743     0.743  2 55509.40707117 43.865
  87 270.517032  29.343137     0.885     0.936  3 55519.32272055 31.677
  88 270.516190  29.344112     0.920     0.843  3 55529.23836948 32.720
  89 270.515317  29.343435     1.016     1.016  2 55539.15401637 32.492
  90 270.514416  29.343546     1.148     1.180  3 55549.06966133 34.901
  91 270.512820  29.344817     0.624     0.624  2 55558.98530493 31.671
  92 270.511413  29.344660     0.014    -0.045  3 55568.90094755 34.596
  93 270.512506  29.344333     0.812     0.790  3 55578.81658954 31.945
  94 270.516002  29.344143     0.586     0.586  2 55588.73222934 32.288
  95 270.520434  29.343594     0.721     0.600  3 55598.64786601 32.893
  96 270.523834  29.344871     0.525     0.559  3 55608.56350022 37.173
  97 270.524510  29.344328     0.420     0.395  3 55618.47913173 35.719
  98 270.520441  29.343714     1.214     1.201  3 55628.39477816 33.679
  99 270.518093  29.343409     1.550     1.439  3 55638.31042868 36.562
 100 270.518319  29.343245     1.763     1.763  2 55648.22607734 43.171
 101 270.518802  29.342775     1.754     1.754  2 55658.14172302 29.050
 102 270.518347  29.342416     1.397     1.397  2 55668.05736477 28.866
 103 270.517555  29.343044     1.409     1.409  2 55677.97300432 29.597
 104 270.517646  29.343860     1.665     1.665  2 55687.88864224 31.199
 105 270.518502  29.342969     1.698     1.698  2 55697.80427860 31.916
 106 270.522226  29.343945     1.592     1.546  3 55707.71991494 31.894
 107 270.519906  29.342869     1.798     1.798  2 55717.63556578 31.979
 108 270.517236  29.342692     1.231     1.231  2 55727.55121392 29.323
 109 270.515112  29.343400     1.051     1.051  2 55737.46686048 28.854
 110 270.513749  29.343999     1.366     1.470  3 55747.38250573 35.468
 111 270.514134  29.343741     1.204     1.202  3 55757.29814879 31.034
 112 270.517076  29.343721     1.017     1.021  3 55767.21378952 36.390
 113 270.520543  29.343604     0.883     0.889  3 55777.12942737 30.126
 114 270.522770  29.343380     0.937     0.985  3 55787.04506262 32.142
 115 270.524558  29.345180     0.809     0.846  3 55796.96069685 34.680
 116 270.522669  29.344610     0.944     0.983  3 55806.87633908 28.807
 117 270.519898  29.342801     0.799     0.799  2 55816.79198793 27.433
 118 270.521858  29.344760     0.978     0.965  3 55826.70763465 30.304
 119 270.523664  29.345282     0.702     0.691  3 55836.62327661 32.537
 120 270.524225  29.344923     0.864     0.869  3 55846.53891488 40.360
 121 270.524255  29.344540     0.782     0.784  4 55856.45455036 31.357
 122 270.522324  29.344867     0.796     0.780  3 55866.37019303 31.330
 123 270.517621  29.342775     0.893     0.893  2 55876.28584444 26.623
 124 270.517540  29.343542     1.081     1.081  2 55886.20149077 33.750
 125 270.518530  29.343140     0.953     0.953  2 55896.11713133 43.619
 126 270.521183  29.343244     1.201     1.207  3 55906.03276711 28.251
 127 270.519817  29.343231     1.612     1.612  3 55915.94841085 35.939
 128 270.516067  29.344291     1.416     1.416  2 55925.86406472 31.477
 129 270.514118  29.343967     1.330     1.330  2 55935.77971524 29.764
 130 270.514729  29.344146     1.116     1.207  3 55945.69536119 37.348
 131 270.516012  29.343425     0.988     1.020  3 55955.61100247 32.687
 132 270.516978  29.343003     1.379     1.379  2 55965.52664089 31.296
 133 270.517600  29.343730     1.286     1.286  2 55975.44227803 31.117
 134 270.518473  29.342627     1.174     1.174  2 55985.35791378 28.475
 135 270.523115  29.344219     1.103     1.122  3 55995.27354883 32.297
 136 270.521805  29.344162     1.506     1.502  3 56005.18920035 29.949
 137 270.520267  29.343611     1.638     1.638  2 56015.10484793 30.273
 138 270.517642  29.343380     1.138     1.076  3 56025.02049262 32.644
 139 270.515664  29.344280     1.089     1.137  3 56034.93613585 35.935
 140 270.515369  29.344044     1.213     1.241  3 56044.85177705 31.695
 141 270.516584  29.343255     0.942     0.942  2 56054.76741548 33.941
 142 270.520186  29.343429     0.988     0.877  3 56064.68305051 32.557
 143 270.520114  29.343671     0.879     0.879  2 56074.59869481 29.965
 144 270.516515  29.343223     0.441     0.553  3 56084.51434386 30.024
 145 270.515062  29.343678     0.953     0.923  3 56094.42999074 33.344
 146 270.515245  29.343650     1.137     1.137  2 56104.34563545 29.812
 147 270.516964  29.343760     0.706     0.658  3 56114.26126581 47.828
 148 270.519554  29.343672     0.538     0.538  2 56124.17690406 30.268
 149 270.522850  29.343781     0.794     0.824  3 56134.09253855 29.914
 150 270.524002  29.345369     0.670     0.675  3 56144.00817863 34.145
 151 270.519268  29.342713     0.336     0.336  2 56153.92382827 27.473
 152 270.517216  29.343208     0.670     0.670  2 56163.83947762 27.871
 153 270.517011  29.343626     0.771     0.730  3 56173.75512505 34.658
 154 270.518133  29.343011     1.197     1.246  3 56183.67076729 31.204
 155 270.519065  29.342365     0.804     0.804  2 56193.58640563 28.892
 156 270.519658  29.342606     0.882     0.882  2 56203.50204116 31.593
 157 270.521946  29.344833     1.165     1.401  3 56213.41767538 36.105
 158 270.524793  29.345382     1.062     1.016  3 56223.33330886 36.348
 159 270.520610  29.343401     1.081     1.101  3 56233.24896405 41.847
 160 270.517991  29.342318     1.186     1.186  2 56243.16461560 30.595
 161 270.516487  29.343162     0.843     0.843  2 56253.08026317 41.609
 162 270.515763  29.343990     0.777     0.844  3 56262.99590653 35.281
 163 270.515554  29.343941     1.010     0.964  3 56272.91154803 33.010
 164 270.516306  29.343870     0.567     0.617  3 56282.82719126 29.563
 165 270.515742  29.344460     0.790     0.790  2 56292.74284354 31.378
 166 270.514816  29.343448     0.894     0.917  3 56302.65849096 35.627
 167 270.514868  29.344654     0.757     0.757  2 56312.57413458 39.047
 168 270.513976  29.343920     1.086     1.176  3 56322.48977529 31.002
 169 270.514713  29.344697     1.119     1.119  2 56332.40541564 38.468
 170 270.516460  29.343964     1.180     1.180  2 56342.32105525 32.411
 171 270.519863  29.343321     1.309     1.309  2 56352.23669273 33.038
 172 270.521910  29.343748     1.270     1.198  3 56362.15233346 33.681
 173 270.518192  29.342894     1.361     1.382  3 56372.06798205 35.815
 175 270.512142  29.344344     1.134     1.171  3 56391.89927310 33.914
 176 270.513247  29.344991     1.006     1.006  2 56401.81491642 31.516
 177 270.515500  29.344240     1.555     1.555  2 56411.73055678 36.362
 178 270.519146  29.343563     1.686     1.686  2 56421.64619222 31.623
 179 270.519524  29.342946     1.727     1.763  3 56431.56183194 33.043
 180 270.515186  29.344391     0.922     0.922  2 56441.47748437 34.700
 181 270.512510  29.345000     1.454     1.514  3 56451.39313414 33.056
 182 270.512762  29.344795     1.354     1.354  2 56461.30878161 31.451
 183 270.514367  29.344291     1.566     1.566  2 56471.22442587 34.619
 184 270.516251  29.343644     1.041     1.041  2 56481.14006659 31.737
 185 270.517246  29.342962     1.212     1.186  3 56491.05570355 30.790
 186 270.518999  29.343449     0.673     0.673  2 56500.97133855 35.509
 187 270.522631  29.344564     0.913     0.745  3 56510.88697258 33.304
 188 270.522942  29.343729     0.819     0.780  3 56520.80261716 33.812
 189 270.520979  29.343586     1.238     1.269  3 56530.71827054 33.314
 191 270.517533  29.343902     0.997     0.997  2 56550.54956521 32.184
 192 270.514654  29.343829     1.022     0.995  3 56560.46520766 33.147
 193 270.513699  29.344567     1.046     1.030  3 56570.38084925 32.999
 194 270.514920  29.344179     0.933     0.907  3 56580.29648941 34.201
 195 270.519327  29.342882     0.976     0.976  2 56590.21212566 46.998
 196 270.520550  29.343593     1.017     1.017  2 56600.12777236 32.078
 197 270.517086  29.342954     1.041     1.041  2 56610.04342238 26.281
 198 270.514800  29.344208     0.850     0.864  3 56619.95906832 33.709
 199 270.513458  29.343779     0.651     0.750  3 56629.87471101 34.014
 200 270.515777  29.343279     0.800     0.789  3 56639.79035069 30.491
 201 270.518343  29.343849     0.839     0.839  2 56649.70599725 31.299
 202 270.517030  29.343242     1.047     1.047  2 56659.62164839 36.684
 203 270.515474  29.344419     0.935     0.836  3 56669.53729584 36.474
 204 270.512875  29.343892     1.030     0.971  3 56679.45294030 35.385
 205 270.513165  29.344934     1.052     1.040  3 56689.36858355 34.903
 206 270.515047  29.343470     0.919     0.872  3 56699.28422360 38.088
 207 270.519756  29.343542     1.399     1.399  2 56709.19985958 31.577
 208 270.521112  29.343461     0.693     0.620  3 56719.11549931 38.112
 209 270.516292  29.343565     0.808     0.917  3 56729.03115123 32.477
 210 270.512371  29.344944     1.299     1.362  3 56738.94679973 34.599
 211 270.510128  29.344576     1.145     1.080  3 56748.86244429 34.921
 212 270.512275  29.344125     1.073     1.059  3 56758.77808454 30.338
 213 270.517608  29.343486     1.530     1.569  3 56768.69371885 32.132
 214 270.517515  29.343546     1.235     1.243  3 56778.60936677 32.320
 215 270.513619  29.344489     1.396     1.396  2 56788.52502227 28.006
 216 270.509454  29.345501     1.358     1.422  3 56798.44067409 34.128
 217 270.508297  29.346916     0.905     0.990  3 56808.35632034 29.795
 218 270.509934  29.345375     1.148     1.068  3 56818.27196048 30.313
 219 270.514316  29.344586     1.192     1.192  2 56828.18759743 36.594
 220 270.518443  29.342109     0.686     0.686  2 56838.10323092 27.437
 221 270.523828  29.344783     0.934     0.929  3 56848.01886300 37.857
 222 270.518389  29.343376     0.912     0.912  2 56857.93451573 30.539
 223 270.515218  29.344621     0.979     0.804  3 56867.85016942 32.700
 224 270.513711  29.345089     0.406     0.520  3 56877.76582132 35.695
 225 270.513215  29.345253     0.765     0.777  3 56887.68147004 30.435
 226 270.512773  29.345469     0.902     0.912  3 56897.59711596 29.953
 227 270.510902  29.345021     0.939     0.838  3 56907.51275875 31.389
 228 270.510337  29.346647     1.069     1.033  3 56917.42839981 31.269
 229 270.510749  29.345644     1.086     1.086  2 56927.34403838 30.514
 230 270.514084  29.344367     0.716     0.716  2 56937.25967336 27.873
 231 270.520333  29.343581     0.920     0.898  3 56947.17530454 39.279
 232 270.518198  29.343249     1.176     1.176  2 56957.09095821 36.052
 233 270.516232  29.344157     0.945     0.942  3 56967.00660687 36.203
 234 270.514264  29.343869     0.511     0.511  2 56976.92225136 29.033
 235 270.514593  29.343880     0.982     1.023  3 56986.83789172 32.747
 236 270.518124  29.342502     0.545     0.545  2 56996.75352629 27.943
 237 270.520485  29.343768     0.663     0.663  2 57006.66917248 28.115
 238 270.518137  29.343348     0.856     0.752  3 57016.58482662 29.635
 239 270.515620  29.343544     0.916     0.916  2 57026.50047686 31.545
 240 270.513838  29.344978     0.985     0.934  3 57036.41612523 31.419
 241 270.512824  29.343981     1.049     1.051  3 57046.33177049 30.262
 242 270.514524  29.343896     1.115     1.115  2 57056.24741271 33.275
 243 270.517603  29.343773     0.655     0.655  2 57066.16304984 31.067
 244 270.519693  29.342717     0.780     0.780  2 57076.07868239 46.495
 245 270.523146  29.343519     1.170     1.303  3 57085.99431259 30.602
 246 270.517193  29.343589     1.398     1.398  2 57095.90996979 30.682
 247 270.513123  29.344325     1.732     1.758  3 57105.82562608 35.867
 248 270.512431  29.345042     1.641     1.700  3 57115.74127806 31.802
 249 270.512818  29.343906     1.506     1.665  3 57125.65692343 29.014
 250 270.514251  29.344080     1.569     1.569  2 57135.57256366 27.511
 251 270.516533  29.343830     1.235     1.237  3 57145.48819943 32.249
 252 270.519235  29.343117     1.494     1.494  2 57155.40383255 29.109
 253 270.520779  29.343231     1.483     1.382  3 57165.31947246 28.599
 254 270.517322  29.342623     1.291     1.291  2 57175.23512823 27.438
 255 270.516576  29.343898     1.015     1.072  3 57185.15078100 30.087
 256 270.515548  29.343157     1.049     1.049  2 57195.06642946 30.585
 257 270.514977  29.344187     1.299     1.199  3 57204.98206485 31.323
 258 270.514230  29.344819     1.310     1.310  2 57214.89771047 30.050
 259 270.514635  29.344750     1.470     1.470  2 57224.81335466 30.278
 260 270.515831  29.344000     1.317     1.317  2 57234.72899690 31.932
 261 270.517290  29.343275     1.051     1.051  2 57244.64463581 31.300
 262 270.518811  29.343460     1.133     1.133  2 57254.56027220 27.469
 263 270.520096  29.343919     0.915     0.915  2 57264.47590711 32.535
 264 270.520197  29.343350     0.946     0.911  3 57274.39154703 34.444
 265 270.516943  29.342935     0.969     0.969  2 57284.30720362 28.766
 266 270.516040  29.344207     1.186     1.228  3 57294.22285797 37.037
 267 270.514529  29.343498     0.880     0.808  3 57304.13850838 32.866
 268 270.513453  29.344335     0.958     0.905  3 57314.05415545 30.481
 269 270.511981  29.344947     1.008     1.008  2 57323.96979944 32.515
 270 270.512038  29.345018     0.927     0.927  2 57333.88544170 30.763
 271 270.514078  29.344781     0.928     0.976  3 57343.80108222 30.972
 272 270.512711  29.345584     1.027     0.961  3 57353.71673611 31.494
 273 270.513394  29.344707     1.113     1.113  2 57363.63238038 27.756
 274 270.514662  29.344505     1.313     1.313  2 57373.54802130 33.835
 275 270.515688  29.344384     1.327     1.286  3 57383.46366015 33.420
 276 270.516867  29.342943     1.509     1.629  3 57393.37929814 34.433
 277 270.520608  29.343948     1.729     1.729  2 57403.29493586 36.796
 278 270.521817  29.344457     1.929     1.907  3 57413.21058072 35.873
 279 270.518504  29.343449     1.633     1.633  2 57423.12623164 31.604
 280 270.514652  29.343791     1.505     1.520  3 57433.04188016 33.763
 281 270.511977  29.345073     1.210     1.232  3 57442.95752732 31.196
 282 270.511380  29.345554     1.520     1.520  2 57452.87317395 34.315
 283 270.512268  29.344707     1.591     1.591  2 57462.78881879 31.099
 284 270.515843  29.344218     1.386     1.367  3 57472.70446032 35.110
 285 270.518733  29.343658     1.525     1.525  2 57482.62009782 33.054
 286 270.520672  29.344026     1.584     1.584  2 57492.53573219 28.692
 287 270.523171  29.344653     1.659     1.684  3 57502.45136439 39.071
 288 270.520157  29.343476     1.369     1.348  3 57512.36701419 33.556
 289 270.518130  29.343836     1.553     1.553  2 57522.28266874 29.957
 290 270.517143  29.343159     1.336     1.336  2 57532.19832083 30.123
 291 270.516432  29.343139     1.215     1.278  3 57542.11396988 32.711
 292 270.515835  29.344406     1.140     1.116  3 57552.02961654 32.170
 293 270.514087  29.343798     1.260     1.260  2 57561.94526150 30.033
 294 270.513918  29.344817     0.610     0.610  2 57571.86090665 36.227
 295 270.514092  29.343762     1.040     1.103  3 57581.77655137 32.122
 296 270.515867  29.344045     1.102     0.952  3 57591.69219465 32.429
 297 270.516662  29.344066     1.252     1.252  2 57601.60783505 32.264
