-201777.561   193.061     0.00    6.96
-201491.072   193.663     2.10    6.63
-201204.603   193.793     0.45    5.76
-200918.154   193.812     0.07    5.64
-200631.725   193.974     0.57    5.34
-200345.316   194.042     0.23    5.56
-200058.928   195.024     3.43    5.75
-199772.560   196.196     4.09    6.11
-199486.212   198.019     6.37    6.59
-199199.884   200.272     7.87    6.18
-198913.577   202.177     6.65    5.30
-198627.290   203.614     5.02    4.16
-198341.023   204.012     1.39    3.37
-198054.776   203.770    -0.84    3.44
-197768.549   202.964    -2.82    3.96
-197482.343   201.270    -5.92    4.03
-197196.156   199.770    -5.24    4.34
-196909.990   198.363    -4.92    4.58
-196623.844   197.241    -3.92    4.71
-196337.719   196.116    -3.94    4.88
-196051.613   194.448    -5.83    4.83
-195765.528   192.863    -5.54    4.73
-195479.462   192.696    -0.59    4.73
-195193.417   193.362     2.33    4.96
-194907.392   194.597     4.32    5.28
-194621.388   195.388     2.76    4.88
-194335.403   196.274     3.10    4.74
-194049.438   196.809     1.87    4.76
-193763.494   196.543    -0.93    5.12
-193477.570   194.687    -6.49    5.94
-193191.666   191.937    -9.62    6.69
-192905.782   189.206    -9.55    6.55
-192619.918   187.498    -5.98    5.88
-192334.074   186.017    -5.18    5.71
-192048.250   184.875    -3.99    5.74
-191762.447   184.262    -2.15    5.76
-191476.663   184.548     1.00    5.97
-191190.900   186.123     5.51    6.01
-190905.157   187.560     5.03    5.90
-190619.433   188.646     3.80    5.84
-190333.730   189.656     3.53    5.34
-190048.047   190.177     1.83    5.07
-189762.384   189.511    -2.33    5.20
-189476.741   187.924    -5.55    6.07
-189191.118   185.832    -7.33    6.01
-188905.515   184.057    -6.22    5.51
-188619.933   183.674    -1.34    5.46
-188334.370   183.715     0.14    5.63
-188048.827   183.799     0.29    5.84
-187760.772   184.893     3.80    5.68
-187470.860   186.037     3.95    5.65
-187180.970   186.209     0.59    5.29
-186891.100   185.646    -1.94    5.67
-186601.251   184.044    -5.53    5.81
-186311.424   183.074    -3.35    5.98
-186021.616   182.668    -1.40    6.06
-185731.830   183.239     1.97    6.25
-185442.065   183.732     1.70    6.49
-185152.320   183.622    -0.38    6.34
-184862.596   183.780     0.55    6.16
-184572.893   183.174    -2.09    6.39
-184283.211   183.057    -0.40    6.32
-183993.550   182.687    -1.28    6.67
-183703.909   183.116     1.48    6.68
-183414.289   183.699     2.02    6.74
-183124.690   184.535     2.89    6.77
-182835.112   185.641     3.82    5.99
-182545.554   185.856     0.74    5.05
-182256.017   185.461    -1.36    5.17
-181966.501   185.116    -1.19    5.42
-181677.006   184.943    -0.60    5.92
-181387.532   185.181     0.82    6.53
-181098.078   185.451     0.93    6.52
-180808.645   186.648     4.14    6.61
-180519.233   187.770     3.88    6.19
-180229.841   187.677    -0.32    6.14
-179940.470   187.239    -1.52    6.29
-179651.120   185.851    -4.80    6.32
-179361.791   184.585    -4.38    6.18
-179072.482   182.966    -5.59    6.06
-178783.194   182.266    -2.42    5.97
-178493.927   181.349    -3.17    5.62
-178204.680   180.205    -3.96    5.75
-177915.455   179.227    -3.38    5.77
-177626.249   177.874    -4.68    5.87
-177337.065   175.956    -6.63    5.78
-177047.901   174.270    -5.83    6.01
-176758.758   172.911    -4.70    5.88
-176469.636   172.139    -2.67    5.72
-176180.534   171.918    -0.76    5.74
-175891.453   172.622     2.43    6.43
-175602.392   174.632     6.95    7.38
-175313.352   178.214    12.40    8.08
-175024.333   181.486    11.32    7.69
-174735.335   183.585     7.26    6.48
-174446.357   184.323     2.56    5.51
-174157.400   185.079     2.62    4.90
-173868.463   185.222     0.50    4.97
-173579.547   184.587    -2.20    5.30
-173290.652   182.974    -5.58    5.46
-173001.777   181.082    -6.55    5.93
-172712.923   179.530    -5.38    6.17
-172424.089   177.801    -5.99    5.62
-172135.277   176.224    -5.46    4.83
-171846.484   175.724    -1.73    5.24
-171557.712   175.187    -1.86    5.83
-171268.961   174.887    -1.04    5.99
-170980.231   174.461    -1.47    6.24
-170691.521   173.918    -1.88    6.03
-170402.831   174.209     1.01    5.94
-170114.163   174.001    -0.72    5.61
-169825.514   175.019     3.53    6.37
-169536.887   175.782     2.64    7.06
-169248.279   176.912     3.91    7.25
-168959.693   179.424     8.71    6.74
-168671.127   181.320     6.57    5.81
-168382.581   182.043     2.50    5.00
-168094.056   181.224    -2.84    5.07
-167805.552   180.062    -4.03    5.58
-167517.068   178.849    -4.20    6.03
-167228.604   177.024    -6.33    6.08
-166940.161   175.004    -7.00    6.21
-166651.739   173.462    -5.35    6.60
-166363.337   171.310    -7.46    6.89
-166074.956   168.873    -8.45    7.19
-165786.595   165.783   -10.72    7.73
-165498.255   162.741   -10.55    6.89
-165209.935   160.665    -7.20    5.58
-164921.635   160.181    -1.68    4.84
-164633.356   160.266     0.30    4.93
-164345.098   160.731     1.61    5.35
-164056.860   161.474     2.58    5.53
-163768.642   162.812     4.64    5.33
-163480.445   164.424     5.60    5.39
-163192.269   166.749     8.07    7.16
-162904.113   168.807     7.14    7.90
-162615.977   171.024     7.70    7.24
-162327.862   172.563     5.34    6.12
-162039.767   173.360     2.77    6.00
-161751.693   173.642     0.98    6.25
-161463.639   173.576    -0.23    6.33
-161175.605   174.120     1.89    6.81
-160887.592   176.001     6.53    7.15
-160599.599   177.872     6.50    6.64
-160311.627   178.904     3.59    5.92
-160023.675   178.937     0.11    5.92
-159735.744   179.325     1.35    5.93
-159447.833   178.537    -2.74    6.27
-159159.942   177.949    -2.04    6.39
-158872.072   177.202    -2.60    6.95
-158584.222   176.918    -0.99    7.03
-158296.392   176.829    -0.31    6.86
-158008.583   175.719    -3.86    6.74
-157720.794   174.270    -5.03    6.88
-157433.026   173.512    -2.64    6.83
-157145.278   172.336    -4.09    6.49
-156857.550   171.637    -2.43    6.40
-156569.843   170.411    -4.26    6.03
-156282.156   169.139    -4.42    6.12
-155994.489   168.124    -3.53    5.84
-155706.843   168.177     0.18    6.02
-155419.217   168.029    -0.52    5.98
-155131.611   168.712     2.37    6.79
-154844.026   170.526     6.31    7.00
-154556.461   172.247     5.99    6.01
-154268.916   173.323     3.74    5.38
-153981.392   173.562     0.83    5.61
-153693.887   173.690     0.45    6.39
-153406.404   173.462    -0.79    6.86
-153118.940   173.247    -0.75    7.02
-152831.497   174.662     4.92    7.60
-152544.074   176.477     6.32    6.97
-152256.671   178.043     5.45    6.14
-151969.289   179.206     4.05    5.40
-151681.927   180.202     3.47    4.77
-151394.585   179.839    -1.26    4.64
-151107.264   179.387    -1.57    4.89
-150819.962   178.283    -3.84    4.90
-150532.681   177.412    -3.03    4.84
-150245.420   176.562    -2.96    5.22
-149958.180   175.962    -2.09    5.42
-149670.959   175.214    -2.60    5.44
-149383.759   173.687    -5.32    5.80
-149096.580   172.133    -5.41    6.05
-148809.420   170.323    -6.30    6.13
-148522.281   168.714    -5.61    5.93
-148235.161   167.858    -2.98    6.11
-147948.062   167.245    -2.14    5.99
-147660.984   167.967     2.52    6.15
-147373.925   169.274     4.55    6.50
-147086.887   170.199     3.22    5.64
-146799.869   170.190    -0.03    5.66
-146512.871   170.039    -0.53    5.76
-146225.893   169.778    -0.91    6.54
-145938.935   169.037    -2.58    7.04
-145651.998   168.205    -2.90    6.62
-145365.081   167.684    -1.82    6.31
-145078.184   167.994     1.08    6.11
-144791.307   168.693     2.44    5.72
-144504.450   169.148     1.58    5.61
-144217.613   169.464     1.10    5.13
-143930.797   168.855    -2.12    5.04
-143644.001   168.500    -1.24    5.01
-143357.224   168.251    -0.87    5.53
-143070.468   167.696    -1.94    6.01
-142783.732   166.601    -3.82    7.02
-142497.017   164.992    -5.61    7.03
-142210.321   164.304    -2.40    7.11
-141923.646   163.987    -1.11    7.15
-141636.990   164.165     0.62    6.92
-141350.355   163.595    -1.99    6.38
-141063.740   163.276    -1.11    6.19
-140777.145   162.918    -1.25    6.09
-140490.570   161.595    -4.62    6.67
-140204.015   160.142    -5.07    6.56
-139917.480   159.137    -3.51    6.51
-139630.965   158.642    -1.73    6.58
-139344.470   158.247    -1.38    6.88
-139057.996   158.463     0.75    6.95
-138771.541   158.593     0.46    7.23
-138485.107   158.158    -1.52    7.67
-138198.692   156.862    -4.53    8.03
-137912.298   156.017    -2.95    7.82
-137625.924   154.524    -5.21    7.53
-137339.570   153.523    -3.50    7.45
-137053.235   152.587    -3.27    7.38
-136766.921   151.361    -4.28    7.45
-136480.627   150.801    -1.96    7.65
-136194.353   149.842    -3.35    7.87
-135908.099   148.487    -4.73    7.76
-135621.865   147.298    -4.15    7.13
-135335.651   146.162    -3.97    6.38
-135049.457   145.227    -3.27    5.98
-134763.283   144.358    -3.03    5.56
-134477.129   144.139    -0.77    5.27
-134190.995   144.276     0.48    5.63
-133904.881   143.974    -1.06    5.11
-133618.787   143.523    -1.58    4.58
-133332.713   142.812    -2.49    4.01
-133046.659   142.677    -0.47    4.38
-132760.624   141.973    -2.46    4.21
-132474.610   141.274    -2.44    4.10
-132188.616   141.214    -0.21    4.50
-131902.642   141.029    -0.65    5.04
-131616.688   141.728     2.44    6.40
-131330.753   141.528    -0.70    6.77
-131044.839   141.437    -0.32    6.84
-130758.945   141.411    -0.09    6.80
-130473.070   141.943     1.86    7.24
-130187.216   142.412     1.64    7.78
-129901.381   143.562     4.02    8.59
-129615.566   145.214     5.78    9.16
-129329.772   146.007     2.77    9.22
-129043.997   145.832    -0.61    9.33
-128758.242   146.024     0.67    9.28
-128472.507   146.540     1.80    9.49
-128186.792   146.312    -0.80    9.35
-127901.096   146.004    -1.08    9.32
-127615.421   146.612     2.13    9.07
-127329.766   147.334     2.53    8.90
-127044.130   149.126     6.27    8.82
-126758.514   149.463     1.18    9.07
-126472.919   149.386    -0.27    9.28
-126187.343   149.332    -0.19    9.24
-125901.787   148.049    -4.49    9.58
-125612.285   146.373    -5.79   10.20
-125322.380   144.990    -4.77   10.36
-125032.496   143.399    -5.49    9.99
-124742.632   142.662    -2.54    9.99
-124452.789   142.749     0.30    9.74
-124162.966   142.374    -1.29    9.97
-123873.164   143.024     2.24    9.86
-123583.383   143.310     0.99    9.84
-123293.622   143.331     0.07    9.33
-123003.882   142.635    -2.40    9.14
-122714.163   141.943    -2.39    9.11
-122424.464   141.801    -0.49    9.01
-122134.786   141.272    -1.82    8.86
-121845.129   141.216    -0.19    9.07
-121555.492   141.100    -0.40    9.14
-121265.875   140.779    -1.11    9.05
-120976.280   139.795    -3.40    9.34
-120686.704   139.924     0.45    9.22
-120397.150   139.612    -1.08    9.49
-120107.616   140.549     3.24    9.09
-119818.102   141.527     3.38    9.05
-119528.610   142.749     4.22    8.00
-119239.137   143.723     3.37    7.28
-118949.686   144.574     2.94    6.12
-118660.254   145.040     1.61    5.24
-118370.844   144.224    -2.82    5.34
-118081.454   143.120    -3.81    5.63
-117792.084   141.245    -6.48    6.46
-117502.735   139.474    -6.12    6.38
-117213.407   138.587    -3.07    6.51
-116924.099   138.437    -0.52    6.76
-116634.811   138.523     0.30    6.78
-116345.544   138.918     1.37    6.36
-116056.298   139.758     2.90    6.25
-115767.072   140.411     2.26    6.24
-115477.867   139.464    -3.28    6.93
-115188.682   138.137    -4.59    7.20
-114899.518   138.184     0.16    6.82
-114610.374   138.886     2.43    6.58
-114321.250   139.799     3.16    6.37
-114032.147   140.462     2.29    5.99
-113743.065   140.499     0.13    5.62
-113454.003   140.849     1.21    5.49
-113164.961   140.512    -1.17    5.62
-112875.940   140.071    -1.53    6.25
-112586.940   139.474    -2.06    6.46
-112297.960   139.139    -1.16    6.11
-112009.000   139.661     1.81    5.69
-111720.061   140.187     1.82    5.51
-111431.142   140.449     0.91    5.27
-111142.243   140.728     0.97    5.33
-110853.366   140.347    -1.32    5.42
-110564.508   139.712    -2.20    5.86
-110275.671   139.196    -1.78    6.54
-109986.854   137.674    -5.27    7.80
-109698.058   136.513    -4.02    8.23
-109409.282   135.012    -5.20    8.53
-109120.527   133.814    -4.15    8.61
-108831.792   132.649    -4.04    8.78
-108543.077   131.476    -4.06    8.32
-108254.383   130.701    -2.69    7.78
-107965.709   130.082    -2.14    7.57
-107677.055   128.524    -5.40    7.68
-107388.422   127.298    -4.25    7.45
-107099.809   125.911    -4.80    7.70
-106811.217   123.987    -6.67    8.22
-106522.645   122.462    -5.28    8.22
-106234.093   121.637    -2.86    8.76
-105945.562   121.310    -1.13    8.24
-105657.051   121.712     1.39    7.83
-105368.560   122.583     3.02    6.23
-105080.090   122.325    -0.89    5.57
-104791.640   122.281    -0.15    5.79
-104503.210   121.280    -3.47    5.77
-104214.801   120.464    -2.83    6.24
-103926.412   119.599    -3.00    6.04
-103638.043   118.500    -3.81    5.86
-103349.695   118.019    -1.67    5.86
-103061.367   118.874     2.97    7.22
-102773.059   120.040     4.04    8.97
-102484.771   121.082     3.62   10.03
-102196.504   121.146     0.22   10.85
-101908.257   120.899    -0.86   11.60
-101620.031   120.190    -2.46   12.71
-101331.824   119.324    -3.00   13.26
-101043.638   116.052   -11.35   12.69
-100755.472   112.477   -12.41   12.24
-100467.327   110.399    -7.21   11.63
-100179.202   108.374    -7.03   10.90
 -99891.097   105.834    -8.82   10.40
 -99603.012   104.040    -6.23    8.60
 -99314.947   102.346    -5.88    6.39
 -99026.903   101.788    -1.94    5.66
 -98738.879   101.475    -1.09    5.70
 -98450.875   101.703     0.79    5.59
 -98162.892   101.649    -0.19    5.93
 -97874.928   100.832    -2.84    5.82
 -97586.985    99.137    -5.89    6.58
 -97299.062    96.847    -7.95    7.03
 -97011.160    94.580    -7.88    6.88
 -96723.277    92.963    -5.62    6.43
 -96435.415    92.424    -1.87    5.81
 -96147.573    92.412    -0.04    5.46
 -95859.751    93.732     4.59    6.04
 -95571.949    95.622     6.57    6.53
 -95284.167    97.964     8.14    6.69
 -94996.406    99.549     5.51    5.69
 -94708.665    99.574     0.09    4.98
 -94420.944    99.399    -0.61    4.61
 -94133.243    99.770     1.29    4.87
 -93845.562   100.500     2.54    5.86
 -93557.902   101.057     1.94    7.69
 -93270.261   102.501     5.02   10.07
 -92982.641   103.994     5.19   10.64
 -92695.041   106.007     7.00   11.45
 -92407.461   108.462     8.54   11.33
 -92119.901   110.530     7.19   10.84
 -91832.361   112.214     5.86    9.84
 -91544.842   115.187    10.34    9.02
 -91257.342   118.137    10.26    9.11
 -90969.863   119.918     6.20    8.75
 -90682.404   121.029     3.87    8.46
 -90394.965   120.842    -0.65    8.72
 -90107.546   120.083    -2.64    8.58
 -89820.147   120.437     1.23    9.54
 -89532.768   120.824     1.35    9.56
 -89245.409   120.174    -2.26    8.71
 -88958.070   119.779    -1.38    8.12
 -88670.752   119.770    -0.03    7.70
 -88383.453   119.780     0.03    7.31
 -88096.175   119.227    -1.92    7.18
 -87808.916   118.515    -2.48    6.18
 -87521.678   118.285    -0.80    4.84
 -87234.460   118.099    -0.65    3.99
 -86947.262   118.054    -0.16    3.88
 -86660.083   117.589    -1.62    3.79
 -86372.925   116.509    -3.76    3.65
 -86085.787   115.737    -2.69    4.16
 -85798.669   114.614    -3.91    4.51
 -85511.571   113.523    -3.80    4.64
 -85224.493   112.087    -5.00    4.62
 -84937.435   111.168    -3.20    4.41
 -84650.397   110.569    -2.09    3.75
 -84363.379   110.674     0.37    3.58
 -84076.381   111.386     2.48    3.60
 -83789.403   112.347     3.35    3.22
 -83502.446   112.822     1.65    2.62
 -83215.508   112.512    -1.08    2.57
 -82928.590   111.873    -2.23    3.41
 -82641.692   111.374    -1.74    3.77
 -82354.814   111.099    -0.96    4.11
 -82067.956   111.237     0.48    4.23
 -81781.118   111.412     0.61    4.40
 -81494.299   111.475     0.22    4.51
 -81207.501   112.142     2.33    4.17
 -80920.723   112.278     0.47    3.70
 -80633.965   111.582    -2.43    3.86
 -80347.227   110.931    -2.27    3.35
 -80060.508   110.595    -1.17    2.76
 -79773.810   110.745     0.52    2.56
 -79487.132   110.937     0.67    2.34
 -79200.473   111.687     2.62    2.51
 -78913.835   112.475     2.75    2.55
 -78627.216   113.140     2.32    2.24
 -78340.617   113.437     1.03    2.18
 -78054.038   113.360    -0.27    2.44
 -77767.479   112.677    -2.38    3.06
 -77480.940   111.758    -3.21    3.62
 -77194.421   110.399    -4.74    3.98
 -76907.922   109.137    -4.41    3.92
 -76621.443   107.562    -5.50    3.92
 -76334.983   107.078    -1.69    3.52
 -76048.544   107.253     0.61    3.89
 -75762.124   107.951     2.43    4.62
 -75475.724   109.016     3.72    5.09
 -75189.344   109.745     2.54    4.92
 -74902.984   110.037     1.02    5.17
 -74616.644   109.937    -0.35    5.54
 -74330.324   109.499    -1.53    6.27
 -74044.023   108.812    -2.40    7.43
 -73757.743   106.656    -7.53    8.16
 -73471.482   104.576    -7.27    8.74
 -73185.241   103.103    -5.15    8.85
 -72899.020   101.024    -7.26    8.22
 -72612.818    99.562    -5.11    7.98
 -72326.637    97.635    -6.73    8.23
 -72040.475    96.201    -5.01    8.21
 -71754.333    94.886    -4.60    7.69
 -71468.211    93.655    -4.30    6.64
 -71182.109    92.976    -2.38    5.50
 -70896.027    93.796     2.87    5.70
 -70609.964    95.489     5.92    5.75
 -70323.921    97.732     7.84    4.92
 -70037.898    99.449     6.00    4.40
 -69751.895   101.029     5.52    4.15
 -69465.912   102.387     4.75    3.91
 -69179.948   103.373     3.45    3.42
 -68894.004   104.108     2.57    3.59
 -68608.080   103.642    -1.63    3.93
 -68322.175   102.337    -4.57    4.77
 -68036.291   101.158    -4.12    5.29
 -67750.426    99.842    -4.61    5.15
 -67464.581    99.629    -0.74    5.11
 -67178.755   100.569     3.29    5.43
 -66892.950   101.280     2.49    6.20
 -66607.164   103.319     7.14    6.83
 -66321.398   106.001     9.39    6.92
 -66035.651   108.560     8.96    7.10
 -65749.925   110.214     5.79    6.53
 -65464.218   111.374     4.06    5.73
 -65178.530   111.585     0.74    5.03
 -64892.863   111.385    -0.70    4.97
 -64607.215   110.424    -3.36    5.28
 -64321.587   108.668    -6.15    5.44
 -64035.978   106.498    -7.60    5.81
 -63749.330   104.437    -7.19    4.99
 -63459.421   102.819    -5.58    4.12
 -63169.532   101.464    -4.68    3.36
 -62879.664   100.574    -3.07    3.44
 -62589.817   100.258    -1.09    3.41
 -62299.990   100.779     1.80    3.37
 -62010.183   101.272     1.70    3.33
 -61720.397   101.969     2.40    3.94
 -61430.631   103.488     5.24    4.98
 -61140.885   105.463     6.82    5.69
 -60851.160   107.400     6.69    5.77
 -60561.456   108.893     5.16    5.27
 -60271.772   109.996     3.81    4.64
 -59982.108   110.082     0.30    4.64
 -59692.465   109.766    -1.09    4.56
 -59402.842   108.880    -3.06    4.73
 -59113.240   107.847    -3.57    4.59
 -58823.658   107.551    -1.02    4.29
 -58534.096   107.424    -0.44    3.85
 -58244.555   106.867    -1.92    3.80
 -57955.034   106.285    -2.01    3.49
 -57665.533   105.783    -1.73    3.36
 -57376.053   105.254    -1.83    3.45
 -57086.593   104.637    -2.13    3.54
 -56797.154   104.216    -1.45    3.20
 -56507.735   102.990    -4.24    3.34
 -56218.336   101.582    -4.87    3.32
 -55928.958   100.614    -3.35    3.19
 -55639.600    99.847    -2.65    3.20
 -55350.262    99.032    -2.82    3.20
 -55060.945    98.196    -2.89    3.28
 -54771.648    97.412    -2.71    2.92
 -54482.372    96.209    -4.16    3.21
 -54193.115    95.886    -1.12    3.58
 -53903.879    95.656    -0.79    3.80
 -53614.664    95.512    -0.50    3.87
 -53325.468    95.035    -1.65    4.29
 -53036.293    93.911    -3.89    4.59
 -52747.139    92.858    -3.64    4.71
 -52458.004    92.374    -1.68    4.90
 -52168.890    91.899    -1.64    4.84
 -51879.796    91.549    -1.21    4.84
 -51590.723    90.796    -2.61    4.65
 -51301.669    90.526    -0.94    4.65
 -51012.636    90.374    -0.53    4.22
 -50723.623    90.424     0.18    4.20
 -50434.631    90.881     1.58    4.23
 -50145.659    91.224     1.19    4.64
 -49856.707    91.554     1.14    5.12
 -49567.775    91.740     0.64    5.41
 -49278.864    92.306     1.96    5.55
 -48989.972    92.044    -0.90    5.51
 -48701.101    92.032    -0.04    5.73
 -48412.251    91.642    -1.35    5.72
 -48123.420    90.203    -4.98    5.98
 -47834.610    88.411    -6.21    5.94
 -47545.820    86.817    -5.52    5.61
 -47257.050    85.137    -5.82    5.00
 -46968.300    83.912    -4.24    4.57
 -46679.571    82.500    -4.89    4.52
 -46390.861    81.307    -4.13    3.97
 -46102.172    80.758    -1.90    3.69
 -45813.504    80.319    -1.52    3.80
 -45524.855    79.563    -2.62    4.08
 -45236.226    78.309    -4.35    4.40
 -44947.618    77.113    -4.15    4.97
 -44659.030    75.977    -3.94    5.92
 -44370.462    75.181    -2.76    6.46
 -44081.914    75.842     2.29    7.36
 -43793.387    77.574     6.00    8.11
 -43504.879    79.812     7.76    8.22
 -43216.392    81.943     7.39    7.16
 -42927.925    82.706     2.65    6.64
 -42639.478    82.684    -0.08    5.99
 -42351.051    83.126     1.53    5.45
 -42062.644    82.693    -1.50    4.98
 -41774.257    82.298    -1.37    4.86
 -41485.891    81.858    -1.52    5.09
 -41197.544    81.318    -1.88    5.35
 -40909.218    80.840    -1.66    5.23
 -40620.912    79.450    -4.82    5.54
 -40332.626    78.337    -3.86    5.68
 -40044.360    77.014    -4.59    5.99
 -39756.114    75.741    -4.42    6.21
 -39467.888    73.770    -6.84    6.39
 -39179.683    72.463    -4.54    6.07
 -38891.497    72.044    -1.45    5.95
 -38603.332    71.001    -3.62    5.88
 -38315.186    70.855    -0.51    5.92
 -38027.061    70.556    -1.04    5.92
 -37738.956    70.069    -1.69    6.32
 -37450.870    69.872    -0.69    6.29
 -37162.805    69.312    -1.94    6.29
 -36874.760    68.961    -1.22    6.13
 -36586.735    68.551    -1.42    6.11
 -36298.730    68.424    -0.44    5.97
 -36010.745    68.375    -0.17    6.36
 -35722.780    68.057    -1.10    6.74
 -35434.835    67.999    -0.20    7.22
 -35146.910    67.886    -0.39    7.45
 -34859.005    67.745    -0.49    8.05
 -34571.121    67.451    -1.02    8.65
 -34283.256    67.122    -1.14    8.91
 -33995.411    66.214    -3.15    8.58
 -33707.586    65.770    -1.54    9.06
 -33419.781    64.874    -3.11    9.12
 -33131.996    63.462    -4.91    8.93
 -32844.232    61.943    -5.28    8.67
 -32556.487    61.075    -3.02    7.49
 -32268.762    60.424    -2.26    6.63
 -31981.057    60.693     0.93    6.77
 -31693.372    61.962     4.41    7.43
 -31405.707    63.268     4.54    7.55
 -31118.062    64.464     4.16    7.40
 -30830.437    64.016    -1.56    8.21
 -30542.832    63.513    -1.75    8.19
 -30255.247    63.245    -0.93    8.16
 -29967.682    63.334     0.31    8.01
 -29680.137    63.232    -0.36    7.64
 -29392.611    63.931     2.43    7.14
 -29105.106    65.361     4.97    5.74
 -28817.620    65.360    -0.00    5.57
 -28530.155    63.674    -5.86    6.93
 -28242.709    62.655    -3.55    7.02
 -27955.284    61.272    -4.81    6.91
 -27667.878    59.744    -5.32    7.02
 -27380.492    56.898    -9.90    7.19
 -27093.126    55.219    -5.84    7.66
 -26805.780    53.635    -5.51    7.83
 -26518.454    52.009    -5.66    7.88
 -26231.148    49.438    -8.95    7.24
 -25943.861    47.091    -8.17    6.16
 -25656.595    45.488    -5.58    5.63
 -25369.348    45.062    -1.48    6.02
 -25082.121    44.924    -0.48    6.10
 -24794.914    44.817    -0.37    6.04
 -24507.727    44.829     0.04    5.90
 -24220.560    44.969     0.48    5.18
 -23933.413    45.133     0.57    4.29
 -23646.285    45.001    -0.46    3.43
 -23359.178    44.788    -0.74    3.06
 -23072.090    44.043    -2.60    2.98
 -22785.022    43.174    -3.03    2.73
 -22497.974    42.624    -1.92    2.65
 -22210.945    42.322    -1.05    2.71
 -21923.937    42.387     0.23    2.95
 -21636.948    43.247     3.00    3.42
 -21349.979    44.310     3.71    3.67
 -21063.030    45.448     3.97    3.31
 -20776.101    45.847     1.39    3.37
 -20489.192    45.937     0.31    4.19
 -20202.302    44.589    -4.70    5.66
 -19915.432    42.899    -5.89    6.45
 -19628.582    40.584    -8.07    6.03
 -19341.752    38.924    -5.79    4.94
 -19054.941    37.898    -3.58    3.23
 -18768.151    37.671    -0.79    2.83
 -18481.380    37.801     0.45    2.64
 -18194.628    38.307     1.77    2.68
 -17907.897    39.385     3.76    2.62
 -17621.185    40.614     4.29    2.86
 -17334.493    41.893     4.46    3.40
 -17047.821    43.212     4.60    3.65
 -16761.169    44.336     3.92    3.45
 -16474.536    45.766     4.99    3.21
 -16187.923    46.970     4.20    3.65
 -15901.330    48.619     5.76    4.30
 -15614.756    50.193     5.49    4.96
 -15328.203    51.775     5.52    5.26
 -15041.669    53.030     4.38    4.81
 -14755.154    54.727     5.92    4.08
 -14468.660    55.385     2.30    3.31
 -14182.185    55.091    -1.03    3.01
 -13895.729    54.563    -1.84    3.26
 -13609.294    53.817    -2.61    3.36
 -13322.878    53.412    -1.41    3.05
 -13036.482    53.460     0.17    3.19
 -12750.105    54.199     2.58    3.35
 -12463.749    54.873     2.35    3.35
 -12177.411    55.249     1.31    2.95
 -11891.094    55.337     0.31    2.63
 -11604.796    55.224    -0.39    2.68
 -11318.518    55.306     0.28    2.82
 -11032.259    55.740     1.52    3.30
 -10746.021    56.245     1.76    3.79
 -10459.801    56.791     1.91    4.15
 -10173.602    57.924     3.96    4.46
  -9887.422    58.749     2.88    4.54
  -9601.262    58.988     0.84    4.95
  -9315.121    59.361     1.30    5.29
  -9029.000    59.687     1.14    5.36
  -8742.899    59.604    -0.29    5.26
  -8456.817    59.232    -1.30    4.92
  -8170.755    58.048    -4.14    5.22
  -7884.712    57.078    -3.39    5.47
  -7598.689    55.322    -6.14    6.02
  -7312.686    52.745    -9.01    6.52
  -7026.702    50.347    -8.38    6.75
  -6740.738    48.214    -7.46    6.44
  -6454.793    47.201    -3.54    6.12
  -6168.868    46.687    -1.79    6.19
  -5882.963    46.037    -2.28    6.27
  -5597.077    45.994    -0.15    6.79
  -5311.211    47.129     3.97    6.19
  -5025.364    48.184     3.69    5.42
  -4739.537    47.511    -2.35    5.53
  -4453.729    47.348    -0.57    5.18
  -4167.941    47.339    -0.03    5.84
  -3882.173    46.799    -1.89    6.55
  -3596.424    45.749    -3.68    7.39
  -3310.694    45.753     0.01    7.49
  -3024.985    47.003     4.38    8.43
  -2739.294    47.437     1.52    9.53
  -2453.623    47.477     0.14   10.53
  -2167.972    48.372     3.13   10.59
  -1882.340    50.291     6.72    9.91
  -1594.186    52.001     5.94    7.99
  -1304.288    49.791    -7.62   10.77
  -1014.410    43.962   -20.11   17.19
   -724.553    36.129   -27.02   22.36
   -434.715    26.347   -33.75   24.37
   -144.898    16.515   -33.93   22.36
    144.898     8.736   -26.84   16.60
    434.675     2.918   -20.08    7.68
    724.431     1.766    -3.97    4.46
   1014.167     2.899     3.91    4.66
   1303.883     5.211     7.98    6.79
   1593.578    11.944    23.24   14.92
   1883.254    20.117    28.21   19.92
   2172.909    28.249    28.08   21.48
   2462.544    36.104    27.12   20.94
   2752.158    44.526    29.08   18.44
   3041.753    51.078    22.63   13.71
   3331.327    55.014    13.59   11.52
   3620.881    58.827    13.17    9.47
   3910.415    62.003    10.97    7.54
   4199.929    64.245     7.74    5.58
   4489.422    65.187     3.26    4.32
   4778.895    65.056    -0.45    4.23
   5068.349    64.219    -2.89    5.37
   5357.782    61.374    -9.83    7.42
   5647.194    57.348   -13.91   10.26
   5936.587    51.937   -18.70   12.84
   6225.960    47.070   -16.82   12.60
   6515.312    43.860   -11.09   11.43
   6804.644    41.219    -9.13    8.97
   7093.956    40.168    -3.63    8.38
   7383.248    40.642     1.64    8.60
   7672.520    43.003     8.16    8.43
   7961.771    45.214     7.64    7.92
   8251.003    47.399     7.55    7.10
   8540.214    50.274     9.94    5.99
   8829.406    52.862     8.95    5.29
   9118.577    54.450     5.49    5.39
   9407.728    56.412     6.78    5.16
   9696.859    57.715     4.51    5.23
   9985.970    58.652     3.24    5.51
  10275.060    59.437     2.72    5.61
  10564.131    60.924     5.14    4.50
  10853.182    61.898     3.37    4.28
  11142.212    62.437     1.87    4.11
  11431.223    63.214     2.69    3.46
  11720.213    63.612     1.38    2.55
  12009.183    63.912     1.04    2.15
  12298.134    63.988     0.27    2.04
  12587.064    63.870    -0.41    2.11
  12875.974    64.019     0.52    2.56
  13164.864    64.272     0.88    2.75
  13453.734    64.513     0.83    2.91
  13742.584    64.866     1.22    2.88
  14031.414    64.937     0.25    3.07
  14320.224    64.898    -0.14    3.60
  14609.014    64.211    -2.38    4.63
  14897.784    63.668    -1.88    5.03
  15186.534    63.627    -0.14    5.06
  15475.263    64.014     1.34    5.03
  15763.973    65.049     3.59    4.99
  16052.663    66.665     5.60    4.59
  16341.333    68.133     5.09    3.25
  16629.983    68.912     2.70    2.65
  16918.613    69.108     0.68    2.46
  17207.223    68.438    -2.32    3.06
  17495.812    66.582    -6.43    5.43
  17784.382    64.280    -7.98    7.47
  18072.932    62.203    -7.19    7.97
  18361.462    59.796    -8.34    8.91
  18649.972    57.399    -8.31    9.43
  18938.462    55.745    -5.73    8.79
  19226.932    52.424   -11.51   10.22
  19515.383    49.578    -9.87   10.87
  19803.813    49.537    -0.14   10.93
  20092.223    49.817     0.97   10.93
  20380.613    51.958     7.42   10.41
  20668.984    53.371     4.90   10.38
  20957.334    55.358     6.89    9.67
  21245.665    58.174     9.77    5.83
  21533.975    58.684     1.77    4.04
  21822.266    58.319    -1.27    3.52
  22110.537    57.840    -1.66    3.16
  22398.788    57.209    -2.19    2.78
  22687.019    56.969    -0.83    2.63
  22975.230    56.199    -2.67    3.97
  23263.421    55.462    -2.56    4.65
  23551.592    54.219    -4.31    6.24
  23839.744    51.872    -8.15    7.11
  24127.875    49.087    -9.67    7.84
  24415.987    45.996   -10.73    8.92
  24704.079    41.737   -14.78    9.94
  24992.150    37.003   -16.43   10.12
  25280.203    32.556   -15.44    9.10
  25568.235    28.681   -13.45    7.79
  25856.247    25.849    -9.83    6.04
  26144.240    25.037    -2.82    5.22
  26432.212    26.190     4.01    6.97
  26720.165    28.766     8.94    9.23
  27008.098    32.627    13.41   10.66
  27296.011    37.348    16.40   11.28
  27583.904    42.819    19.00   10.22
  27871.778    47.671    16.85    8.14
  28159.632    51.661    13.86    6.55
  28447.466    54.595    10.19    5.32
  28735.280    56.714     7.36    4.22
  29023.074    58.032     4.58    3.25
  29310.848    58.374     1.19    3.17
  29598.603    58.322    -0.18    3.73
  29886.338    58.017    -1.06    3.84
  30174.053    56.911    -3.84    3.98
  30461.748    55.842    -3.72    4.28
  30749.424    54.424    -4.93    4.18
  31037.079    53.078    -4.68    4.64
  31324.715    51.224    -6.44    4.59
  31612.332    50.108    -3.88    4.39
  31899.928    49.898    -0.73    4.18
  32187.505    50.227     1.14    4.35
  32475.062    51.030     2.79    4.21
  32762.599    51.918     3.09    3.75
  33050.116    52.554     2.21    3.29
  33337.614    51.758    -2.77    4.73
  33625.092    49.627    -7.41    7.30
  33912.550    46.809    -9.80    9.19
  34199.989    42.937   -13.47   10.35
  34487.408    38.866   -14.16   10.42
  34774.807    35.606   -11.34    9.14
  35062.186    34.022    -5.51    8.01
  35349.546    34.216     0.68    6.86
  35636.886    35.043     2.88    6.63
  35924.206    36.148     3.85    5.83
  36211.506    37.131     3.42    5.02
  36498.787    38.614     5.16    4.04
  36786.048    39.589     3.39    3.20
  37073.290    40.247     2.29    2.70
  37360.512    40.399     0.53    3.04
  37647.714    39.931    -1.63    3.81
  37934.896    39.527    -1.41    4.39
  38222.059    39.044    -1.68    4.79
  38509.202    38.158    -3.09    4.69
  38796.326    37.118    -3.62    4.41
  39083.430    35.819    -4.52    4.07
  39370.514    35.411    -1.42    3.64
  39657.578    34.762    -2.26    3.94
  39944.623    34.552    -0.73    4.14
  40231.649    33.783    -2.68    3.80
  40518.654    32.937    -2.95    3.76
  40805.640    32.348    -2.05    3.74
  41092.607    32.129    -0.76    3.46
  41379.554    32.762     2.20    3.56
  41666.481    32.963     0.70    4.09
  41953.388    32.899    -0.22    4.40
  42240.276    33.371     1.65    5.05
  42527.145    35.332     6.84    5.77
  42813.993    36.606     4.44    6.41
  43100.822    37.988     4.82    6.50
  43387.632    38.531     1.89    6.75
  43674.422    39.174     2.24    6.50
  43961.192    40.514     4.67    5.30
  44247.943    40.649     0.47    4.35
  44534.675    40.387    -0.92    4.09
  44821.386    39.463    -3.22    3.63
  45108.078    38.918    -1.90    3.06
  45394.751    37.994    -3.22    2.81
  45681.404    37.146    -2.96    2.89
  45968.038    36.578    -1.98    3.41
  46254.652    35.651    -3.23    3.93
  46541.246    34.937    -2.49    4.20
  46827.821    33.595    -4.68    4.88
  47114.376    31.793    -6.29    5.09
  47400.912    29.957    -6.41    5.61
  47687.428    28.551    -4.91    5.46
  47973.925    28.347    -0.71    5.66
  48260.402    28.334    -0.04    5.75
  48546.860    28.693     1.25    5.42
  48833.298    29.924     4.30    5.24
  49119.717    31.627     5.94    5.16
  49406.116    33.488     6.50    5.17
  49692.496    35.788     8.03    5.05
  49978.856    36.990     4.20    4.83
  50265.197    37.476     1.70    5.55
  50551.518    37.332    -0.50    6.72
  50837.820    36.240    -3.81    7.86
  51124.103    34.516    -6.02    8.86
  51410.366    31.784    -9.54    8.80
  51696.609    30.323    -5.10    7.70
  51982.833    30.867     1.90    7.97
  52269.037    33.551     9.38    9.98
  52555.223    36.298     9.60   10.93
  52841.388    40.487    14.64   11.10
  53127.534    43.658    11.08    9.74
  53413.661    47.462    13.29    7.34
  53699.768    49.791     8.14    5.80
  53985.856    51.571     6.22    5.00
  54271.925    52.674     3.86    4.39
  54557.974    53.740     3.73    4.60
  54844.003    55.216     5.16    4.29
  55130.014    56.567     4.72    4.08
  55416.004    57.840     4.45    3.51
  55701.976    59.152     4.59    3.02
  55987.928    60.245     3.82    2.60
  56273.861    61.219     3.41    2.15
  56559.774    61.976     2.65    2.02
  56845.668    62.540     1.97    1.92
  57131.542    62.911     1.30    2.00
  57417.397    62.988     0.27    2.35
  57703.233    62.804    -0.64    2.69
  57989.049    62.489    -1.10    2.75
  58274.846    62.251    -0.83    2.61
  58560.624    61.345    -3.17    2.92
  58846.382    61.003    -1.20    3.05
  59132.121    59.584    -4.97    4.46
  59417.840    58.719    -3.03    4.38
  59703.541    58.272    -1.56    4.25
  59989.222    58.437     0.58    4.07
  60274.883    58.791     1.24    4.16
  60564.552    59.749     3.31    4.02
  60854.426    60.728     3.38    3.85
  61144.281    62.040     4.52    2.50
  61434.115    62.451     1.42    2.23
  61723.929    63.003     1.91    2.21
  62013.723    63.345     1.18    2.20
  62303.498    63.320    -0.09    2.48
  62593.252    63.165    -0.54    2.94
  62882.986    63.040    -0.43    2.93
  63172.700    62.892    -0.51    2.97
  63462.394    62.668    -0.77    2.98
  63752.068    61.168    -5.18    4.51
  64041.722    60.174    -3.43    5.35
  64331.355    59.104    -3.70    6.07
  64620.969    57.798    -4.51    6.70
  64910.563    57.224    -1.98    6.59
  65200.137    57.541     1.09    7.05
  65489.691    58.385     2.92    7.21
  65779.225    59.003     2.13    6.96
  66068.739    60.543     5.32    6.72
  66358.233    62.538     6.89    5.12
  66647.707    63.779     4.29    4.06
  66937.161    64.987     4.17    2.04
  67226.595    65.334     1.20    1.98
  67516.009    65.957     2.15    1.77
  67805.403    66.437     1.66    1.59
  68094.777    66.851     1.43    1.78
  68384.131    67.503     2.25    1.77
  68673.465    67.990     1.68    1.77
  68962.779    68.171     0.63    1.80
  69252.074    68.398     0.78    1.61
  69541.348    68.424     0.09    1.82
  69830.603    68.171    -0.88    2.01
  70119.837    67.681    -1.70    2.33
  70409.052    66.937    -2.57    2.57
  70698.246    65.996    -3.26    3.11
  70987.421    65.074    -3.19    3.21
  71276.576    64.022    -3.64    3.21
  71565.711    62.983    -3.59    3.39
  71854.826    61.832    -3.98    3.79
  72143.921    59.753    -7.19    5.89
  72432.996    58.216    -5.32    6.47
  72722.052    57.652    -1.95    6.64
  73011.087    57.108    -1.88    6.91
  73300.103    56.834    -0.95    7.16
  73589.098    56.276    -1.93    7.32
  73878.074    56.681     1.40    7.22
  74167.030    57.323     2.22    6.57
  74455.966    57.617     1.02    6.30
  74744.882    56.931    -2.37    6.39
  75033.779    56.622    -1.07    6.21
  75322.655    56.544    -0.27    5.11
  75611.512    55.193    -4.68    5.67
  75900.349    54.146    -3.63    5.33
  76189.166    52.911    -4.27    5.19
  76477.963    50.817    -7.25    5.43
  76766.741    48.617    -7.62    6.12
  77055.498    46.842    -6.15    6.98
  77344.236    45.196    -5.70    6.58
  77632.954    42.727    -8.55    7.11
  77921.652    41.569    -4.01    7.30
  78210.330    41.503    -0.23    8.04
  78498.989    42.372     3.01    8.34
  78787.627    43.736     4.73    8.55
  79076.246    45.463     5.98    8.09
  79364.846    48.152     9.31    6.95
  79653.425    50.181     7.03    4.69
  79941.984    51.334     4.00    4.27
  80230.524    51.587     0.87    4.61
  80519.044    52.065     1.66    4.09
  80807.545    52.266     0.70    3.76
  81096.025    51.624    -2.23    3.84
  81384.486    50.878    -2.59    3.85
  81672.927    49.793    -3.76    3.93
  81961.348    48.304    -5.16    4.50
  82249.750    47.931    -1.29    4.36
  82538.131    46.872    -3.67    3.78
  82826.493    45.658    -4.21    4.00
  83114.836    44.437    -4.24    4.08
  83403.158    43.181    -4.36    4.18
  83691.461    41.146    -7.06    6.15
  83979.744    39.216    -6.69    6.08
  84268.008    38.074    -3.96    5.52
  84556.251    37.619    -1.58    5.01
  84844.475    37.251    -1.28    4.50
  85132.680    37.464     0.74    4.41
  85420.864    38.516     3.65    4.58
  85709.029    39.701     4.11    4.41
  85997.174    39.578    -0.42    4.43
  86285.300    39.065    -1.78    4.30
  86573.406    39.019    -0.16    4.32
  86861.492    38.937    -0.29    3.97
  87149.558    39.593     2.28    4.27
  87437.605    40.222     2.18    4.95
  87725.633    40.283     0.21    5.28
  88013.640    40.278    -0.02    5.24
  88301.628    40.148    -0.45    5.71
  88589.596    40.438     1.01    5.45
  88877.545    39.866    -1.99    4.80
  89165.474    38.527    -4.65    3.91
  89453.383    37.886    -2.23    3.16
  89741.273    38.168     0.98    3.21
  90029.143    38.065    -0.36    3.40
  90316.993    38.027    -0.13    3.73
  90604.824    37.576    -1.57    4.06
  90892.635    36.770    -2.80    4.54
  91180.427    35.958    -2.82    4.76
  91468.199    33.918    -7.09    5.01
  91755.951    31.661    -7.84    5.36
  92043.684    29.832    -6.36    5.28
  92331.397    28.891    -3.27    5.56
  92619.091    27.878    -3.52    5.55
  92906.765    27.899     0.07    5.59
  93194.420    27.149    -2.60    5.81
  93482.055    27.476     1.13    5.86
  93769.670    27.873     1.38    5.78
  94057.266    26.606    -4.40    6.26
  94344.842    24.745    -6.47    8.05
  94632.398    21.193   -12.35   10.30
  94919.936    16.687   -15.67   10.85
  95207.453    13.569   -10.85   10.74
  95494.951    10.082   -12.13    9.08
  95782.430     9.918    -0.57   10.12
  96069.888    12.187     7.90   12.61
  96357.328    15.565    11.75   13.53
  96644.748    21.193    19.58   14.14
  96932.148    25.855    16.22   13.10
  97219.529    30.671    16.76   11.20
  97506.890    34.112    11.97    9.78
  97794.232    36.741     9.15   10.31
  98081.554    39.174     8.47   10.58
  98368.857    39.238     0.22   10.58
  98656.140    37.851    -4.83   11.06
  98943.404    35.766    -7.26   12.36
  99230.648    31.845   -13.65   14.38
  99517.873    27.971   -13.49   14.86
  99805.079    22.661   -18.49   14.21
 100092.265    16.552   -21.27   13.39
 100379.431    12.196   -15.17   12.98
 100666.578     9.899    -8.00   13.32
 100953.705     8.007    -6.59   13.95
 101240.813     6.333    -5.83   14.37
 101527.902     5.488    -2.94   14.22
 101814.971     3.648    -6.41   13.39
 102102.021     2.727    -3.21   13.26
 102389.051     0.016    -9.44   12.36
 102676.062    -3.286   -11.51   10.03
 102963.053    -4.376    -3.80    8.88
 103250.025    -0.755    12.62   13.17
 103536.977     4.219    17.33   16.51
 103823.911    10.091    20.46   17.98
 104110.824    15.348    18.32   17.51
 104397.718    21.203    20.41   14.58
 104684.593    25.133    13.70    9.26
 104971.449    25.270     0.48    7.52
 105258.285    23.784    -5.18    8.13
 105545.101    23.598    -0.65    8.14
 105831.899    23.731     0.46    7.84
 106118.677    23.858     0.44    7.87
 106405.435    24.011     0.53    7.65
 106692.174    25.264     4.37    6.43
 106978.894    26.319     3.68    5.12
 107265.594    25.905    -1.44    4.74
 107552.275    25.732    -0.60    4.51
 107838.937    26.216     1.69    3.31
 108125.579    25.842    -1.31    4.63
 108412.202    24.563    -4.46    6.84
 108698.806    23.476    -3.80    8.13
 108985.390    22.565    -3.18    8.79
 109271.955    21.718    -2.96    9.26
 109558.501    21.266    -1.57    9.59
 109845.027    20.622    -2.25    9.65
 110131.534    18.304    -8.09    9.94
 110418.021    16.727    -5.51   10.72
 110704.490    15.540    -4.14   11.53
 110990.939    15.152    -1.35   11.85
 111277.368    15.309     0.55   12.26
 111563.779    15.809     1.75   11.67
 111850.170    17.322     5.28   11.17
 112136.541    18.501     4.12   10.15
 112422.894    20.035     5.35    7.78
 112709.227    20.556     1.82    7.38
 112995.541    20.122    -1.52    7.61
 113281.835    19.990    -0.46    7.63
 113568.111    20.187     0.69    7.30
 113854.367    21.293     3.86    6.84
 114140.604    23.131     6.42    5.87
 114426.821    24.834     5.95    3.55
 114713.019    25.222     1.35    2.88
 114999.198    23.732    -5.21    7.35
 115285.358    20.846   -10.08   11.04
 115571.499    17.770   -10.75   12.77
 115857.620    15.988    -6.23   13.19
 116143.722    15.565    -1.48   13.49
 116429.805    16.266     2.45   13.75
 116715.868    18.595     8.14   13.91
 117001.913    22.069    12.14   12.96
 117287.938    26.227    14.54    9.80
 117573.944    29.664    12.02    5.69
 117859.930    30.958     4.52    5.26
 118145.898    32.437     5.17    4.99
 118431.846    34.258     6.36    4.60
 118717.775    36.078     6.37    3.15
 119003.685    36.976     3.14    2.24
 119289.576    37.526     1.92    1.86
 119575.447    37.983     1.60    1.77
 119861.300    38.501     1.81    2.02
 120147.133    38.899     1.39    2.36
 120432.947    38.931     0.11    2.59
 120718.741    38.951     0.07    2.66
 121004.517    38.556    -1.38    3.16
 121290.274    37.776    -2.73    3.71
 121576.011    36.398    -4.82    4.10
 121861.729    35.502    -3.13    3.99
 122147.428    35.229    -0.95    4.43
 122434.385    34.783    -1.55    4.50
 122724.266    33.567    -4.19    4.96
 123014.128    32.184    -4.77    5.73
 123303.970    30.450    -5.98    6.51
 123593.792    28.011    -8.41    7.82
 123883.594    25.224    -9.61    7.68
 124173.376    22.816    -8.31    7.85
 124463.138    21.227    -5.48    8.69
 124752.881    18.664    -8.84   10.02
 125042.604    13.278   -18.59   13.64
 125332.306     7.706   -19.23   14.93
 125621.990     4.386   -11.46   14.11
 125911.653     4.014    -1.28   14.32
 126201.296     4.078     0.22   14.59
 126490.920     5.827     6.04   14.51
 126780.523    10.385    15.74   12.84
 127070.107    15.266    16.86    8.16
 127359.672    17.811     8.79    2.57
 127649.216    17.451    -1.24    1.97
 127938.741    16.891    -1.93    1.92
 128228.245    16.035    -2.96    1.99
 128517.730    15.699    -1.16    2.03
 128807.196    15.681    -0.06    2.41
 129096.641    15.817     0.47    2.51
 129386.067    15.892     0.26    2.51
 129675.473    15.463    -1.48    2.60
 129964.859    14.977    -1.68    2.69
 130254.225    14.195    -2.70    3.26
 130543.572    13.358    -2.89    3.59
 130832.899    12.531    -2.86    3.53
 131122.206    11.740    -2.73    3.53
 131411.493    10.758    -3.40    3.99
 131700.761    10.074    -2.36    3.92
 131990.009     9.791    -0.98    4.10
 132279.237     9.538    -0.88    4.12
 132568.446     9.693     0.54    3.81
 132857.635     9.463    -0.80    3.50
 133146.804     9.064    -1.38    2.94
 133435.953     8.766    -1.03    2.58
 133725.083     7.635    -3.91    2.90
 134014.193     6.148    -5.14    3.29
 134303.283     4.918    -4.25    3.47
 134592.354     4.242    -2.34    3.60
 134881.405     3.801    -1.53    3.56
 135170.436     3.152    -2.25    3.78
 135459.447     2.860    -1.01    3.77
 135748.439     2.617    -0.84    4.00
 136037.411     2.771     0.53    3.64
 136326.364     2.518    -0.88    3.57
 136615.297     2.064    -1.57    4.70
 136904.210     0.148    -6.63    6.99
 137193.104    -3.962   -14.23   11.47
 137481.978    -9.616   -19.57   14.57
 137770.832   -16.433   -23.60   15.59
 138059.667   -22.768   -21.93   13.80
 138348.482   -27.550   -16.56   10.22
 138637.277   -31.601   -14.03    4.20
 138926.053   -33.082    -5.13    1.88
 139214.809   -33.628    -1.89    1.79
 139503.545   -34.036    -1.41    1.84
 139792.262   -34.309    -0.94    1.77
 140080.959   -34.576    -0.92    1.67
 140369.637   -34.865    -1.00    1.92
 140658.295   -34.997    -0.46    2.06
 140946.934   -34.986     0.04    2.17
 141235.553   -35.006    -0.07    2.18
 141524.152   -35.043    -0.13    2.17
 141812.732   -35.050    -0.02    1.99
 142101.292   -34.204     2.93    3.24
 142389.832   -33.101     3.82    3.87
 142678.353   -32.336     2.65    3.98
 142966.855   -31.247     3.77    4.45
 143255.337   -30.286     3.33    4.64
 143543.799   -28.909     4.77    5.33
 143832.242   -27.628     4.44    5.47
 144120.665   -26.628     3.47    6.39
 144409.069   -25.381     4.32    6.56
 144697.453   -24.524     2.97    6.66
 144985.818   -22.973     5.38    6.54
 145274.163   -21.487     5.15    5.65
 145562.488   -20.142     4.67    4.97
 145850.794   -19.238     3.13    3.50
 146139.081   -19.096     0.49    3.30
 146427.348   -19.036     0.21    3.09
 146715.595   -19.216    -0.62    2.87
 147003.823   -19.376    -0.56    2.50
 147292.032   -19.043     1.15    2.46
 147580.221   -19.056    -0.05    2.36
 147868.390   -18.832     0.78    2.47
 148156.540   -18.874    -0.15    2.27
 148444.671   -18.563     1.08    2.29
 148732.782   -18.407     0.54    2.21
 149020.873   -18.076     1.15    2.37
 149308.945   -17.420     2.28    2.71
 149596.998   -16.789     2.19    2.59
 149885.031   -16.628     0.56    2.38
 150173.045   -16.749    -0.42    2.02
 150461.039   -17.101    -1.22    2.04
 150749.014   -17.435    -1.16    1.84
 151036.969   -17.810    -1.30    1.68
 151324.905   -18.173    -1.26    1.13
 151612.822   -18.345    -0.60    0.84
 151900.719   -18.348    -0.01    0.82
 152188.596   -18.294     0.19    0.92
 152476.454   -18.082     0.73    1.18
 152764.293   -17.773     1.07    1.20
 153052.113   -17.405     1.28    1.29
 153339.913   -17.189     0.75    1.32
 153627.693   -17.042     0.51    1.28
 153915.454   -16.952     0.31    1.31
 154203.196   -16.641     1.08    1.44
 154490.918   -16.524     0.41    1.44
 154778.621   -16.281     0.84    1.87
 155066.305   -15.887     1.37    2.24
 155353.969   -15.797     0.32    2.43
 155641.614   -15.786     0.04    2.35
 155929.239   -15.869    -0.29    2.06
 156216.845   -16.029    -0.56    1.08
 156504.432   -15.931     0.34    1.13
 156791.999   -15.707     0.78    1.19
 157079.547   -15.549     0.55    1.39
 157367.076   -15.307     0.84    1.40
 157654.585   -14.935     1.29    1.60
 157942.075   -14.127     2.81    2.64
 158229.546   -13.272     2.97    3.45
 158516.997   -12.874     1.38    3.58
 158804.429   -12.422     1.57    3.62
 159091.842   -12.181     0.84    3.60
 159379.235   -12.115     0.23    3.74
 159666.609   -12.128    -0.05    3.67
 159953.964   -12.589    -1.60    3.48
 160241.299   -12.802    -0.74    3.32
 160528.615   -11.810     3.46    3.90
 160815.912   -10.991     2.85    4.23
 161103.189   -10.329     2.31    4.43
 161390.447    -9.460     3.02    4.81
 161677.686    -9.173     1.00    4.76
 161964.906    -9.017     0.54    4.65
 162252.106    -9.865    -2.95    5.30
 162539.287   -11.509    -5.72    5.48
 162826.449   -13.176    -5.80    5.72
 163113.591   -14.442    -4.41    5.64
 163400.714   -16.194    -6.10    5.90
 163687.818   -18.176    -6.90    4.84
 163974.903   -19.874    -5.92    3.41
 164261.969   -20.909    -3.60    2.52
 164549.015   -21.693    -2.73    2.31
 164836.042   -21.942    -0.87    2.10
 165123.049   -22.281    -1.18    1.68
 165410.038   -22.329    -0.17    1.55
 165697.007   -22.446    -0.41    1.38
 165983.957   -22.322     0.43    1.38
 166270.888   -22.378    -0.20    1.44
 166557.800   -22.333     0.16    1.41
 166844.692   -22.497    -0.57    1.21
 167131.565   -22.442     0.19    1.38
 167418.419   -21.976     1.63    1.83
 167705.254   -21.004     3.39    2.78
 167992.070   -19.082     6.70    4.62
 168278.866   -16.076    10.48    6.90
 168565.643   -11.896    14.57    9.16
 168852.401    -7.225    16.29   10.03
 169139.140    -3.220    13.96    9.06
 169425.860     0.543    13.12    7.62
 169712.560     3.478    10.24    6.35
 169999.241     5.845     8.26    5.10
 170285.904     6.253     1.42    4.93
 170572.547     5.958    -1.03    4.47
 170859.170     6.040     0.29    3.84
 171145.775     6.386     1.21    3.58
 171432.361     6.502     0.41    3.43
 171718.927     7.399     3.13    3.67
 172005.474     8.450     3.67    3.51
 172292.002     9.576     3.93    2.78
 172578.511    10.502     3.23    2.04
 172865.001    11.224     2.52    1.59
 173151.472    11.519     1.03    1.61
 173437.924    11.437    -0.28    1.86
 173724.356    11.342    -0.33    2.24
 174010.770    11.198    -0.50    2.20
 174297.164    10.793    -1.41    2.40
 174583.539    10.255    -1.88    2.62
 174869.895     9.580    -2.36    2.71
 175156.232     9.065    -1.80    2.51
 175442.550     8.819    -0.86    2.80
 175728.849     8.645    -0.61    3.19
 176015.129     8.209    -1.52    3.66
 176301.390     8.152    -0.20    3.83
 176587.631     8.331     0.63    3.93
 176873.854     8.569     0.83    3.63
 177160.057     8.857     1.01    3.38
 177446.242     9.332     1.66    3.25
 177732.407     9.558     0.79    3.18
 178018.553    10.251     2.42    3.14
 178304.681    11.268     3.56    3.18
 178590.789    12.171     3.15    3.07
 178876.878    13.155     3.44    2.71
 179162.948    14.206     3.67    2.36
 179448.999    14.840     2.21    2.32
 179735.032    15.437     2.09    2.20
 180021.045    15.822     1.34    2.77
 180307.039    16.598     2.71    2.82
 180593.014    16.227    -1.30    4.45
 180878.970    14.701    -5.34    7.42
 181164.907    13.127    -5.50    8.86
 181450.825    10.845    -7.98   10.79
 181736.724     9.554    -4.52   11.42
 182022.604     8.385    -4.09   11.81
 182308.465     6.645    -6.09   12.22
 182594.307     4.373    -7.95   13.08
 182880.130     2.645    -6.04   13.47
 183165.934     0.745    -6.65   13.73
 183451.720    -0.186    -3.26   13.63
 183737.486    -1.418    -4.31   12.97
 184023.233    -0.842     2.01   12.64
 184308.961    -0.589     0.89   12.34
 184597.459     0.674     4.38   13.04
 184887.326     0.891     0.75   13.65
 185177.173     1.604     2.46   14.40
 185467.001     1.578    -0.09   14.92
 185756.809     0.745    -2.87   14.88
 186046.597     1.171     1.47   15.03
 186336.366     1.827     2.26   15.02
 186626.115     2.514     2.37   14.90
 186915.844     3.278     2.64   14.64
 187205.554     5.661     8.23   14.31
 187495.244     7.319     5.72   13.54
 187784.915     9.830     8.67   12.73
 188074.565    12.333     8.64   11.09
 188364.197    13.424     3.77   10.18
 188653.808    14.411     3.41    8.94
 188943.401    16.866     8.47    5.44
 189232.973    17.619     2.60    3.36
 189522.526    17.671     0.18    2.76
 189812.059    17.280    -1.35    2.47
 190101.573    16.331    -3.28    3.74
 190391.067    13.980    -8.12    6.89
 190680.542    12.118    -6.43    7.53
 190969.997    11.492    -2.16    7.42
 191259.432    11.216    -0.95    7.33
 191548.848    11.684     1.62    6.97
 191838.244    12.527     2.91    6.62
 192127.621    13.970     4.99    5.47
 192416.978    15.358     4.80    3.40
 192706.316    16.078     2.48    1.72
 192995.634    15.918    -0.55    2.55
 193284.933    15.635    -0.98    2.91
 193574.212    15.640     0.02    2.35
 193863.471    15.264    -1.30    2.60
 194152.711    15.024    -0.83    2.71
 194441.932    13.937    -3.76    4.23
 194731.133    11.177    -9.54    7.66
 195020.314     8.642    -8.77    8.70
 195309.476     6.858    -6.17    9.13
 195598.619     5.899    -3.32    9.20
 195887.742     4.345    -5.37    9.27
 196176.845     3.532    -2.81    9.18
 196465.929     4.411     3.04    9.01
 196754.994     5.051     2.21    8.86
 197044.039     5.371     1.11    8.51
 197333.064     5.463     0.32    8.23
 197622.070     5.758     1.02    7.82
 197911.057     6.513     2.61    7.04
 198200.024     5.899    -2.13    6.91
 198488.972     5.706    -0.67    7.08
 198777.900     6.074     1.27    6.90
 199066.808     6.744     2.32    7.32
 199355.698     8.490     6.04    7.18
 199644.568    10.671     7.55    5.94
 199933.418    12.722     7.10    4.47
 200222.249    12.924     0.70    5.21
 200511.061    12.463    -1.60    6.44
 200799.853    11.873    -2.04    7.04
 201088.626    10.569    -4.51    7.39
 201377.379     9.065    -5.21    7.49
 201666.113     8.398    -2.31    6.02
 201954.827     8.108    -1.00    5.37
 202243.522     8.154     0.16    4.63
 202532.198     8.591     1.51    4.14
 202820.854     8.891     1.04    4.10
 203109.491     9.864     3.37    3.68
 203398.109    11.268     4.86    2.35
 203686.707    11.924     2.27    1.81
 203975.285    12.294     1.28    1.58
 204263.845    12.488     0.67    1.51
 204552.385    12.719     0.80    1.42
 204840.905    12.684    -0.12    1.98
 205129.407    12.208    -1.65    3.47
 205417.889    10.691    -5.26    5.93
 205706.351     8.030    -9.22    7.18
 205994.794     6.776    -4.35    7.24
 206283.218     6.253    -1.81    7.18
 206571.623     6.528     0.95    7.26
 206860.008     7.165     2.21    7.42
 207148.374     9.232     7.17    7.20
 207436.720    11.591     8.18    5.66
 207725.048    13.719     7.38    2.91
 208013.355    14.398     2.35    2.87
 208301.644    15.358     3.33    2.90
 208589.913    16.357     3.47    2.68
 208878.163    17.187     2.88    2.60
 209166.394    17.965     2.70    2.59
 209454.605    18.651     2.38    2.58
 209742.797    18.924     0.95    2.88
 210030.970    18.500    -1.47    4.08
 210319.123    18.450    -0.17    4.32
 210607.258    17.911    -1.87    4.57
 210895.373    17.749    -0.56    4.52
 211183.468    17.899     0.52    4.22
 211471.545    17.832    -0.23    4.02
 211759.602    17.776    -0.20    3.82
 212047.640    17.358    -1.45    3.55
 212335.658    17.438     0.27    3.24
 212623.657    18.291     2.96    2.72
 212911.638    18.411     0.42    2.42
 213199.598    18.258    -0.53    2.28
 213487.540    17.565    -2.40    2.35
 213775.462    17.229    -1.17    2.18
 214063.366    16.924    -1.06    2.24
 214351.249    16.345    -2.01    1.85
 214639.114    16.411     0.23    1.89
 214926.960    16.491     0.28    1.86
 215214.786    16.385    -0.37    1.66
 215502.593    16.438     0.18    1.69
 215790.381    16.411    -0.09    1.66
 216078.149    16.280    -0.46    1.72
 216365.899    15.814    -1.62    1.42
 216653.629    15.437    -1.31    1.37
 216941.340    15.281    -0.54    1.52
 217229.032    15.022    -0.90    1.51
 217516.705    14.806    -0.75    1.52
 217804.358    14.784    -0.08    1.67
 218091.993    14.794     0.03    1.71
 218379.608    14.793    -0.01    1.75
 218667.204    14.516    -0.96    1.69
 218954.781    14.086    -1.49    2.04
 219242.338    13.723    -1.26    2.61
 219529.877    13.373    -1.22    2.99
 219817.396    13.043    -1.15    3.69
 220104.896    12.320    -2.51    4.40
 220392.378    11.580    -2.57    4.85
 220679.839    10.606    -3.39    5.37
 220967.282     9.864    -2.58    5.78
 221254.706    10.344     1.67    6.02
 221542.111    11.054     2.47    6.03
 221829.496    11.841     2.74    5.67
 222116.862    12.718     3.05    4.96
 222404.210    13.718     3.48    3.69
 222691.538    14.398     2.37    2.69
 222978.847    14.450     0.18    1.75
 223266.137    14.502     0.18    1.35
 223553.408    14.766     0.92    1.30
 223840.659    14.758    -0.03    1.29
 224127.892    14.567    -0.66    1.20
 224415.106    14.546    -0.07    1.52
 224702.300    14.438    -0.38    1.78
 224989.476    14.332    -0.37    1.83
 225276.632    14.205    -0.44    1.97
 225563.769    13.424    -2.72    2.86
 225850.888    13.016    -1.42    3.32
 226137.987    12.723    -1.02    3.70
 226425.067    12.373    -1.22    3.82
 226712.128    12.122    -0.88    3.89
 226999.170    12.206     0.29    3.91
 227286.193    12.294     0.31    3.98
 227573.197    12.843     1.91    3.58
 227860.182    12.857     0.05    3.71
 228147.148    13.164     1.07    3.50
 228434.095    13.424     0.91    3.15
 228721.023    13.584     0.56    2.92
 229007.931    13.740     0.54    2.77
 229294.821    14.165     1.48    2.75
 229581.692    14.074    -0.32    2.64
 229868.544    14.052    -0.07    2.60
 230155.377    14.476     1.47    2.90
 230442.191    14.847     1.30    2.87
 230728.985    15.087     0.83    2.94
 231015.761    15.030    -0.20    2.96
 231302.518    14.971    -0.20    2.62
 231589.256    14.730    -0.84    2.35
 231875.975    14.600    -0.45    2.25
 232162.675    14.654     0.19    2.03
 232449.356    14.904     0.87    2.29
 232736.018    15.334     1.50    2.34
 233022.661    15.957     2.17    2.31
 233309.285    16.567     2.13    2.16
 233595.890    17.190     2.17    2.39
 233882.477    17.697     1.77    2.21
 234169.044    18.240     1.89    1.53
 234455.592    18.586     1.21    1.33
 234742.122    18.704     0.41    1.35
 235028.632    18.937     0.81    1.25
 235315.124    18.849    -0.31    1.19
 235601.596    18.661    -0.66    1.16
 235888.050    18.463    -0.69    1.14
 236174.485    18.152    -1.09    1.32
 236460.901    17.983    -0.59    1.72
 236747.298    17.719    -0.92    1.72
 237033.676    17.514    -0.72    1.79
 237320.035    17.477    -0.13    1.83
 237606.375    17.371    -0.37    1.80
 237892.697    17.451     0.28    1.71
 238178.999    17.654     0.71    1.56
 238465.283    18.003     1.22    1.47
 238751.548    18.174     0.60    1.32
 239037.793    18.478     1.06    1.28
 239324.020    18.732     0.89    1.32
 239610.229    19.061     1.15    1.12
 239896.418    19.201     0.49    1.17
 240182.588    19.515     1.10    1.10
 240468.740    19.645     0.45    1.18
 240754.873    20.022     1.32    1.25
 241040.987    20.424     1.41    1.22
 241327.082    20.691     0.93    1.31
 241613.158    20.863     0.60    1.37
 241899.215    21.287     1.48    1.35
 242185.254    21.744     1.60    1.31
 242471.274    21.984     0.84    1.40
 242757.275    22.346     1.27    1.38
 243043.257    22.671     1.14    1.36
 243329.220    22.911     0.84    1.26
 243615.165    22.892    -0.07    1.23
 243901.090    23.001     0.38    1.11
 244186.997    23.148     0.51    1.09
 244472.885    23.411     0.92    1.28
 244758.755    23.819     1.43    1.29
 245044.605    24.038     0.76    1.46
 245330.437    24.188     0.53    1.46
 245616.250    24.478     1.02    1.33
 245902.044    24.613     0.47    1.33
 246187.819    24.718     0.36    1.25
 246473.747    24.819     0.35    1.07
 246763.617    25.069     0.86    1.17
 247053.468    25.139     0.24    1.15
 247343.300    25.319     0.62    1.24
 247633.112    25.161    -0.54    1.29
 247922.904    24.958    -0.70    1.34
 248212.677    24.938    -0.07    1.44
 248502.431    25.016     0.27    1.54
 248792.165    25.064     0.17    1.59
 249081.880    25.358     1.01    1.73
 249371.576    25.671     1.08    1.75
 249661.252    25.931     0.90    1.74
 249950.909    26.203     0.94    1.67
 250240.546    26.100    -0.36    1.71
 250530.164    26.177     0.27    1.71
 250819.762    26.332     0.53    1.77
 251109.341    25.687    -2.23    2.77
 251398.901    24.832    -2.95    3.62
 251688.441    24.330    -1.74    3.85
 251977.962    23.798    -1.84    4.04
 252267.464    23.635    -0.56    4.08
 252556.946    23.872     0.82    4.29
 252846.409    24.489     2.13    4.06
 253135.852    25.268     2.69    3.50
 253425.276    25.674     1.40    2.72
 253714.681    25.051    -2.15    2.83
 254004.067    24.357    -2.40    2.93
 254293.433    23.793    -1.95    2.60
 254582.779    23.330    -1.60    2.08
 254872.107    23.238    -0.32    1.94
 255161.415    23.775     1.86    1.81
 255450.704    24.307     1.84    1.32
 255739.973    24.165    -0.49    1.85
 256029.223    23.793    -1.29    2.45
 256318.454    23.372    -1.46    2.78
 256607.665    22.944    -1.48    2.86
 256896.858    22.681    -0.91    2.75
 257186.030    22.516    -0.57    2.66
 257475.184    22.648     0.45    2.54
 257764.318    23.038     1.35    2.12
 258053.433    23.203     0.57    1.80
 258342.529    23.190    -0.04    1.82
 258631.605    23.359     0.58    1.84
 258920.663    23.527     0.58    1.88
 259209.700    23.918     1.35    1.64
 259498.719    23.970     0.18    1.59
 259787.718    24.118     0.51    1.45
 260076.698    24.451     1.15    1.42
 260365.659    24.744     1.01    1.53
 260654.601    24.816     0.25    1.51
 260943.523    24.931     0.40    1.33
 261232.426    25.161     0.80    1.29
 261521.310    25.424     0.91    1.21
 261810.175    25.554     0.45    1.30
 262099.020    25.788     0.81    1.22
 262387.846    25.970     0.63    1.25
 262676.653    26.465     1.71    1.27
 262965.441    26.803     1.17    1.19
 263254.209    27.095     1.01    1.16
 263542.959    27.264     0.58    1.07
 263831.689    27.304     0.14    1.11
 264120.400    27.606     1.05    1.23
 264409.091    27.617     0.04    1.17
 264697.764    27.476    -0.49    1.26
 264986.417    27.307    -0.58    1.37
 265275.051    27.187    -0.42    1.39
 265563.666    27.100    -0.30    1.46
 265852.262    27.211     0.38    1.63
 266140.838    27.516     1.06    1.74
 266429.396    27.986     1.63    1.89
 266717.934    28.598     2.12    1.93
 267006.453    29.384     2.73    2.02
 267294.953    30.113     2.52    1.87
 267583.434    30.736     2.16    1.79
 267871.896    31.187     1.56    1.64
 268160.338    31.554     1.27    1.64
 268448.761    31.984     1.49    1.49
 268737.166    32.370     1.34    1.54
 269025.551    32.548     0.61    1.60
 269313.917    32.896     1.21    1.50
 269602.264    33.318     1.46    1.58
 269890.591    34.100     2.71    1.84
 270178.900    34.595     1.72    1.78
 270467.189    35.113     1.79    1.57
 270755.460    35.580     1.62    1.54
 271043.711    36.122     1.88    1.48
 271331.943    36.635     1.78    1.47
 271620.157    37.061     1.48    1.39
 271908.351    37.478     1.45    1.37
 272196.525    37.898     1.46    1.48
 272484.681    38.073     0.61    1.39
 272772.818    38.171     0.34    1.42
 273060.936    38.177     0.02    1.50
 273349.034    37.977    -0.70    1.68
 273637.114    37.424    -1.92    1.97
 273925.175    36.684    -2.57    2.21
 274213.216    35.983    -2.43    2.27
 274501.238    35.331    -2.26    2.02
 274789.242    34.424    -3.15    1.94
 275077.226    33.794    -2.19    2.16
 275365.191    33.313    -1.67    2.45
 275653.138    32.678    -2.21    2.77
 275941.065    32.264    -1.44    3.00
 276228.973    32.095    -0.59    2.99
 276516.862    31.827    -0.93    3.22
 276804.732    31.970     0.50    3.85
 277092.584    32.398     1.49    4.67
 277380.416    33.749     4.69    5.28
 277668.229    35.030     4.45    5.53
 277956.023    36.100     3.72    5.43
 278243.798    37.437     4.65    5.50
 278531.554    39.113     5.82    5.28
 278819.291    40.059     3.29    5.37
 279107.009    40.806     2.59    5.94
 279394.709    42.280     5.12    5.92
 279682.389    42.619     1.18    5.53
 279970.050    43.268     2.26    5.01
 280257.692    43.658     1.35    4.68
 280545.315    43.727     0.24    4.27
 280832.920    42.762    -3.35    4.76
 281120.505    40.640    -7.38    4.99
 281408.072    39.021    -5.63    5.00
 281695.619    37.622    -4.87    4.96
 281983.148    36.491    -3.93    4.79
 282270.657    36.061    -1.50    4.47
 282558.148    35.567    -1.72    4.41
 282845.619    35.294    -0.95    4.77
 283133.072    35.333     0.14    5.08
 283420.506    35.155    -0.62    5.32
 283707.921    35.069    -0.30    5.88
 283995.317    34.541    -1.84    6.10
 284282.694    34.078    -1.61    5.61
 284570.052    33.870    -0.72    4.46
 284857.392    33.753    -0.41    3.88
 285144.712    33.630    -0.43    3.93
 285432.014    33.264    -1.27    4.12
 285719.296    33.016    -0.86    4.18
 286006.560    33.108     0.32    5.11
 286293.805    33.788     2.36    7.10
 286581.031    34.503     2.49    8.45
 286868.238    34.569     0.23    8.62
 287155.426    34.504    -0.23    8.75
 287442.595    34.260    -0.85    9.20
 287729.746    33.611    -2.26    9.37
 288016.877    32.516    -3.81    9.01
 288303.990    30.972    -5.38    6.97
 288591.084    29.814    -4.03    5.19
 288878.159    28.866    -3.30    5.47
 289165.215    28.345    -1.81    5.84
 289452.253    27.632    -2.48    5.94
 289739.271    26.543    -3.79    5.71
 290026.271    25.242    -4.53    5.68
 290313.252    23.891    -4.71    4.96
 290600.214    23.992     0.35    5.11
 290887.157    24.438     1.55    5.62
 291174.082    25.410     3.39    6.38
 291460.987    25.451     0.14    6.42
 291747.874    24.958    -1.72    6.28
 292034.742    25.148     0.66    6.41
 292321.591    25.892     2.59    6.84
 292608.422    25.783    -0.38    6.67
 292895.233    25.642    -0.49    6.55
 293182.026    24.582    -3.70    6.01
 293468.800    24.582     0.00    5.98
 293755.556    24.011    -1.99    5.63
 294042.292    23.078    -3.25    4.83
 294329.010    21.785    -4.51    4.50
 294615.709    21.013    -2.69    4.55
 294902.389    20.546    -1.63    5.19
 295189.051    20.569     0.08    6.14
 295475.693    20.424    -0.50    7.41
 295762.317    20.385    -0.14    8.30
 296048.922    19.307    -3.76    9.07
 296335.509    17.608    -5.93    9.32
 296622.077    15.450    -7.53    8.85
 296908.626    14.411    -3.63    8.21
 297195.156    13.113    -4.53    7.94
 297481.667    11.174    -6.77    7.14
 297768.160     9.843    -4.64    6.90
 298054.634     9.722    -0.42    7.42
 298341.090     9.806     0.29    7.85
 298627.526    10.372     1.97    7.77
 298913.944    11.087     2.50    7.54
 299200.344    11.784     2.44    7.10
 299486.724    12.840     3.68    6.02
 299773.086    14.187     4.70    3.88
 300059.429    13.691    -1.73    2.82
 300345.754    13.616    -0.26    2.59
 300632.060    13.685     0.24    2.33
 300918.347    13.648    -0.13    2.09
 301204.615    13.851     0.71    1.32
 301490.865    13.451    -1.40    1.39
 301777.096    13.043    -1.43    1.33
 302063.309    12.701    -1.19    1.30
 302349.503    12.280    -1.47    1.26
 302635.678    11.645    -2.22    1.25
 302921.834    11.224    -1.47    1.25
 303207.972    10.990    -0.82    1.30
 303494.091    10.504    -1.70    1.58
 303780.192     9.780    -2.53    1.87
 304066.274     9.160    -2.17    2.14
 304352.337     8.068    -3.82    2.51
 304638.382     7.306    -2.66    2.42
 304924.408     6.370    -3.27    2.36
 305210.415     5.766    -2.11    2.47
 305496.404     5.229    -1.88    2.51
 305782.375     4.944    -1.00    2.69
 306068.326     4.268    -2.36    3.17
 306354.259     3.582    -2.40    3.50
 306640.174     2.727    -2.99    4.29
 306926.069     1.664    -3.72    4.83
 307211.947     0.397    -4.43    5.10
 307497.805    -0.631    -3.59    5.24
 307783.646    -1.576    -3.31    4.77
 308069.467    -2.656    -3.78    3.97
 308355.270    -3.352    -2.43    2.99
 308642.774    -3.629    -0.96    2.42
 308932.624    -2.820     2.79    2.22
