#  176.000  -0.045   2.673 ;Mean Elev.(m), Avg Gradient(m/km), RMS Gradient(m/km) - SRTM1     
#  179.897  -0.219   2.766 ;Mean Elev.(m), Avg Gradient(m/km), RMS Gradient(m/km) - ASTER GDEM
#  176.029   0.055   2.970 ;Mean Elev.(m), Avg Gradient(m/km), RMS Gradient(m/km) - GMTED2010 
   1 269.827165  41.865057   175.268   175.322  3 54667.59554941 36.332
   2 269.827570  41.868469   174.569   174.556  4 54677.51119442 39.895
   3 269.829087  41.872195   174.482   174.483  4 54687.42683818 41.035
   4 269.827621  41.868451   174.504   174.395  4 54697.34247837 52.326
   5 269.826841  41.863139   174.216   174.240  3 54707.25811838 46.419
   6 269.826890  41.863086   176.841   176.841  2 54717.17377015 24.521
   7 269.826976  41.863793   174.219   174.219  2 54727.08941967 50.060
   8 269.828276  41.869193   174.255   174.237  4 54737.00506873 37.961
   9 269.835193  41.883339   175.658   174.359  9 54746.92071965 37.491
  10 269.833979  41.885262   174.688   174.587  6 54756.83636717 34.829
  11 269.836909  41.887877   174.947   174.603  9 54766.75201337 35.097
  12 269.830249  41.874522   173.372   173.351  4 54776.66765248 29.599
  13 269.827421  41.866852   174.559   174.532  4 54786.58329048 41.048
  14 269.827121  41.865232   174.632   174.749  3 54796.49892847 48.786
  15 269.827625  41.865755   174.318   174.326  3 54806.41456636 45.853
  16 269.826677  41.862934   174.457   174.457  2 54816.33020283 44.424
  17 269.827688  41.866085   174.411   174.403  3 54826.24585123 21.399
  18 269.828822  41.871024   174.481   174.463  4 54836.16149144 39.843
  19 269.836094  41.885433   174.730   174.406  9 54846.07714436 37.510
  20 269.836169  41.889663   175.618   175.631  4 54855.99279421 29.806
  24 269.836836  41.888798   175.983   176.198  6 54895.65537998 34.970
  25 269.836889  41.887474   175.660   175.585  9 54905.57101919 49.795
  26 269.835693  41.885213   176.618   175.496  9 54915.48665675 33.986
  27 269.835670  41.884518   176.065   176.015  9 54925.40229427 43.510
  28 269.830912  41.875682   176.023   176.008  4 54935.31792911 28.803
  29 269.826290  41.864083   175.383   175.329  3 54945.23356150 53.602
  30 269.824530  41.854051   175.698   175.668  4 54955.14919204 36.015
  31 269.824061  41.853944   178.075   178.604  4 54965.06483876 30.451
  32 269.826440  41.860648   174.710   174.710  2 54974.98048833 36.610
  33 269.827168  41.865756   174.751   174.766  4 54984.89613725 37.752
  34 269.828727  41.870113   174.762   174.718  4 54994.81178608 29.997
  35 269.829394  41.872495   175.062   175.023  4 55004.72743306 34.652
  36 269.831558  41.876895   174.574   174.592  4 55014.64307831 29.514
  37 269.835136  41.883090   174.575   174.305  9 55024.55872253 40.975
  38 269.836205  41.886201   174.657   174.394  9 55034.47436523 49.313
  39 269.835677  41.884366   175.273   174.435  8 55044.39000605 31.408
  40 269.827391  41.868387   174.996   174.874  4 55054.30564179 50.857
  41 269.826251  41.860501   175.676   174.508  3 55064.22127749 31.275
  42 269.826212  41.860793   175.092   175.092  2 55074.13692381 52.313
  43 269.827897  41.867012   174.361   174.373  3 55084.05257314 48.695
  44 269.829939  41.874144   174.155   174.153  4 55093.96822132 31.611
  45 269.835087  41.883063   174.284   174.256  9 55103.88387008 33.109
  46 269.835670  41.884091   174.442   174.426  8 55113.79951675 39.000
  47 269.830256  41.874969   174.365   174.344  4 55123.71515852 24.784
  48 269.828885  41.870649   176.526   175.295  4 55133.63079864 28.766
  49 269.827345  41.867187   175.634   175.364  3 55143.54643664 31.638
  50 269.827559  41.867711   175.457   174.891  3 55153.46207473 32.811
  51 269.827634  41.867370   174.786   174.787  3 55163.37771290 51.121
  52 269.826622  41.864104   174.536   174.528  3 55173.29335011 49.932
  53 269.826354  41.860337   174.370   174.259  3 55183.20898665 44.537
  54 269.827755  41.866782   175.113   175.104  3 55193.12463914 47.049
  55 269.834396  41.881716   174.566   174.561  8 55203.04029257 40.146
  56 269.833041  41.884924   174.597   174.633  5 55212.95594256 35.866
  57 269.835426  41.889392   176.115   176.115  2 55222.87159275 32.672
  58 269.834588  41.886564   174.556   174.504  4 55232.78723990 37.218
  59 269.835314  41.883498   174.475   174.419  8 55242.70288389 43.008
  60 269.832305  41.878327   174.654   174.656  6 55252.61852374 44.101
  61 269.835901  41.884524   174.864   174.593  9 55262.53416391 47.963
  62 269.836328  41.886222   176.230   176.288  8 55272.44980181 45.879
  63 269.832888  41.879332   176.834   176.679  6 55282.36543747 42.020
  64 269.826723  41.865487   176.903   176.904  3 55292.28107036 42.024
  65 269.825686  41.857400   175.938   175.934  3 55302.19670350 37.295
  66 269.826489  41.859528   175.162   175.162  2 55312.11235146 34.160
  67 269.826530  41.862717   175.538   175.036  3 55322.02799741 33.018
  68 269.828218  41.868786   175.998   175.819  4 55331.94364302 35.658
  69 269.829445  41.873016   176.148   175.466  4 55341.85928829 26.056
  70 269.829278  41.872442   179.172   178.799  4 55351.77493233 22.060
  71 269.827525  41.868621   174.921   174.884  4 55361.69057340 45.274
  72 269.827643  41.868576   176.638   175.923  4 55371.60621317 32.067
  73 269.828236  41.869976   176.115   176.154  3 55381.52185169 25.961
  74 269.828500  41.870247   175.834   175.836  4 55391.43748913 45.549
  75 269.827037  41.864380   176.619   176.619  2 55401.35312389 53.531
  76 269.826580  41.861826   176.156   176.156  2 55411.26877271 52.575
  77 269.826348  41.860340   175.375   175.486  3 55421.18442200 49.284
  78 269.826965  41.862433   176.203   176.217  3 55431.10006924 45.639
  79 269.827500  41.868181   175.397   175.392  4 55441.01571509 41.980
  80 269.833734  41.880475   174.883   174.853  6 55450.93136134 30.285
  81 269.834034  41.881059   175.001   175.030  7 55460.84700430 28.549
  82 269.827612  41.868683   177.207   177.216  4 55470.76264303 32.970
  83 269.826331  41.861806   177.522   177.511  3 55480.67828024 37.155
  84 269.825635  41.857371   176.185   176.173  3 55490.59391536 45.342
  85 269.825938  41.856742   175.323   175.326  3 55500.50954902 39.981
  86 269.826772  41.861600   176.318   176.318  2 55510.42519213 51.301
  87 269.827820  41.868016   175.600   175.596  4 55520.34084302 52.772
  88 269.829021  41.871649   175.267   175.243  3 55530.25649236 31.585
  89 269.829336  41.872400   174.540   174.543  4 55540.17213946 33.624
  90 269.830049  41.874191   175.024   175.010  4 55550.08778473 36.765
  91 269.835504  41.884296   175.857   176.009  8 55560.00343050 33.299
  92 269.836421  41.887582   175.965   176.005  8 55569.91907386 35.175
  93 269.835692  41.885165   175.861   175.979  9 55579.83471506 36.223
  94 269.828516  41.870245   174.829   174.826  4 55589.75035063 30.859
  95 269.826471  41.859868   174.716   174.716  2 55599.66598434 27.040
  96 269.824669  41.852742   174.688   174.671  4 55609.58161617 37.993
  97 269.824061  41.851051   175.385   175.384  4 55619.49724740 54.797
  98 269.826756  41.861747   175.673   175.635  3 55629.41289897 38.825
  99 269.826685  41.865250   175.093   175.094  3 55639.32855029 53.233
 100 269.826724  41.864120   177.132   177.123  3 55649.24419844 52.820
 101 269.826528  41.861426   177.610   177.608  3 55659.15984312 44.181
 102 269.826991  41.861794   178.580   178.580  2 55669.07548481 50.630
 103 269.826429  41.863174   178.179   178.179  3 55678.99112451 48.456
 104 269.826571  41.864862   177.357   177.382  3 55688.90676254 33.726
 105 269.826869  41.864338   176.714   176.728  3 55698.82239876 39.749
 106 269.826563  41.860723   176.180   176.180  2 55708.73803542 35.891
 107 269.826821  41.863094   176.387   176.387  2 55718.65368674 35.989
 108 269.827207  41.866720   176.391   176.256  4 55728.56933570 36.347
 109 269.829735  41.873053   175.983   175.980  4 55738.48498374 42.957
 110 269.833804  41.880518   176.603   176.596  6 55748.40063080 50.604
 111 269.830448  41.875293   175.720   175.742  4 55758.31627248 28.493
 112 269.827111  41.866756   176.161   176.160  3 55768.23191081 51.034
 113 269.826868  41.860958   176.154   176.150  3 55778.14754689 51.286
 114 269.824415  41.853708   175.902   175.891  4 55788.06318010 40.037
 115 269.824637  41.852664   175.918   175.235  4 55797.97881352 32.209
 116 269.826075  41.858125   174.933   174.933  2 55807.89445903 43.197
 117 269.826473  41.861868   174.630   174.698  3 55817.81010908 30.610
 118 269.826943  41.860860   174.335   174.319  3 55827.72575445 35.725
 119 269.824553  41.854676   174.483   174.398  4 55837.64139416 46.711
 120 269.824107  41.852342   174.490   174.484  4 55847.55703153 49.501
 121 269.824087  41.852502   174.573   174.568  4 55857.47266694 54.449
 122 269.826590  41.860476   174.364   174.319  3 55867.38831367 32.358
 123 269.827113  41.866434   174.665   174.533  3 55877.30396669 50.765
 124 269.827461  41.867595   174.541   174.419  4 55887.21961246 49.346
 125 269.827865  41.866111   174.354   174.356  3 55897.13525211 40.185
 126 269.826213  41.860231   174.144   174.144  2 55907.05088579 46.499
 127 269.827001  41.863974   174.533   174.533  2 55916.96653256 44.355
 128 269.829922  41.872867   174.265   174.259  4 55926.88218818 27.050
 129 269.831456  41.876478   174.391   174.387  4 55936.79783934 44.265
 130 269.829329  41.872221   174.411   174.341  4 55946.71348372 43.332
 131 269.827343  41.866849   174.554   174.578  3 55956.62912328 34.787
 132 269.827546  41.865218   174.716   174.616  3 55966.54476101 49.029
 133 269.826775  41.863926   174.638   174.598  3 55976.46039751 47.945
 134 269.826981  41.862688   175.973   174.478  3 55986.37603324 34.456
 135 269.825453  41.857048   174.358   174.341  3 55996.29166853 34.726
 136 269.826548  41.859846   175.345   175.345  2 56006.20732051 34.100
 137 269.826713  41.861021   175.070   175.080  3 56016.12296812 37.832
 138 269.827383  41.865008   175.975   176.512  3 56026.03861351 30.371
 139 269.828162  41.869613   175.723   175.749  4 56035.95425748 25.822
 140 269.829067  41.871631   175.236   175.201  4 56045.86989904 28.392
 141 269.827636  41.868092   175.582   175.510  4 56055.78553652 30.173
 142 269.826298  41.861658   176.045   176.045  2 56065.70116937 36.247
 143 269.826991  41.863797   174.882   174.882  2 56075.61681598 29.849
 144 269.828859  41.870589   175.978   175.973  4 56085.53246664 44.206
 145 269.829868  41.873844   175.712   175.718  4 56095.44811403 39.797
 146 269.828901  41.871745   175.745   175.740  4 56105.36375806 32.513
 147 269.827637  41.867019   175.804   175.803  3 56115.27938707 47.557
 148 269.826598  41.861616   174.740   174.740  2 56125.19502383 45.928
 149 269.824031  41.853995   174.615   174.573  4 56135.11065614 46.137
 150 269.826119  41.857247   174.431   174.477  3 56145.02629836 36.069
 151 269.826637  41.862191   175.958   176.738  3 56154.94194953 28.541
 152 269.827152  41.865811   177.819   176.811  3 56164.85759948 21.661
 153 269.827839  41.867119   174.192   174.202  3 56174.77324684 33.824
 154 269.826738  41.863633   176.006   176.831  3 56184.68888800 26.032
 155 269.826315  41.861095   175.081   174.161  3 56194.60452552 30.893
 156 269.826247  41.860436   174.130   174.130  2 56204.52016039 36.303
 157 269.826530  41.860043   174.346   174.346  2 56214.43579365 53.711
 158 269.826176  41.858211   174.150   174.137  3 56224.35142906 50.934
 159 269.826634  41.862776   174.490   174.490  2 56234.26708561 48.200
 160 269.827710  41.866502   174.382   174.230  3 56244.18273816 45.186
 161 269.827324  41.868102   174.354   174.428  4 56254.09838540 30.371
 162 269.830061  41.873338   174.273   174.186  4 56264.01402951 53.541
 163 269.830237  41.874103   174.214   174.166  4 56273.92967088 27.908
 164 269.828969  41.871357   174.303   174.264  4 56283.84531457 40.173
 165 269.827649  41.869206   174.339   174.383  4 56293.76096572 44.062
 166 269.828318  41.869249   174.262   174.254  4 56303.67661306 41.777
 167 269.828067  41.869600   174.271   174.188  4 56313.59225621 44.946
 168 269.830503  41.874338   174.415   174.310  4 56323.50789812 48.206
 169 269.830687  41.874776   174.355   174.352  4 56333.42353821 46.002
 170 269.827550  41.867671   174.645   174.547  3 56343.33917598 49.472
 171 269.826890  41.861349   174.318   174.187  3 56353.25481181 50.804
 172 269.826893  41.859396   175.568   175.556  3 56363.17045364 38.694
 173 269.826698  41.863446   174.949   174.949  2 56373.08610331 46.890
 175 269.835916  41.885501   176.648   176.126  9 56392.91739900 35.499
 176 269.835667  41.884526   178.042   178.013  9 56402.83304151 46.825
 177 269.830309  41.874022   176.788   176.795  4 56412.74867892 26.291
 178 269.827128  41.863935   177.152   177.134  3 56422.66431155 31.667
 179 269.826962  41.863672   176.907   176.936  3 56432.57995363 33.247
 180 269.830333  41.874670   176.457   176.742  4 56442.49560835 29.199
 181 269.836884  41.887376   177.412   177.356  9 56452.41126104 47.297
 182 269.835494  41.884774   176.714   176.632  9 56462.32690757 46.909
 183 269.830974  41.875279   178.015   178.002  4 56472.24254924 52.312
 184 269.826985  41.865748   176.908   176.909  3 56482.15818753 35.233
 185 269.826863  41.863647   175.988   175.988  2 56492.07382405 33.094
 186 269.826607  41.862219   174.987   174.995  3 56501.98945840 31.424
 187 269.826115  41.858597   174.601   174.685  3 56511.90509090 32.065
 188 269.826021  41.858569   174.372   174.371  3 56521.82073763 34.183
 189 269.826540  41.860837   174.326   174.348  3 56531.73639119 29.043
 191 269.827783  41.866310   177.225   176.783  3 56551.56768665 23.626
 192 269.829622  41.873136   174.201   174.120  4 56561.48333077 35.652
 193 269.835148  41.883100   174.459   174.490  9 56571.39897455 37.914
 194 269.831735  41.877376   174.368   174.368  4 56581.31461295 26.970
 195 269.826349  41.863271   174.590   174.597  3 56591.23024539 29.070
 196 269.826532  41.862566   174.370   174.370  2 56601.14589368 51.747
 197 269.827701  41.867395   174.698   174.695  3 56611.06154467 38.101
 198 269.829835  41.873989   174.305   174.315  4 56620.97719164 28.238
 199 269.834708  41.882110   174.441   174.383  7 56630.89283621 49.608
 200 269.828654  41.870538   174.320   174.343  4 56640.80847235 34.015
 201 269.826560  41.864438   174.822   174.595  3 56650.72411864 25.197
 202 269.827006  41.864772   174.355   174.351  3 56660.63976949 20.678
 203 269.827135  41.867252   174.452   174.439  4 56670.55541712 31.613
 204 269.831564  41.877094   174.391   174.397  5 56680.47106422 25.145
 205 269.835463  41.883448   174.941   175.139  8 56690.38670870 22.800
 206 269.829712  41.872631   175.522   174.470  4 56700.30234575 18.355
 207 269.826548  41.861584   174.438   174.441  3 56710.21797829 30.712
 208 269.826201  41.859852   173.585   173.585  2 56720.13361975 27.741
 209 269.827439  41.867639   175.121   175.121  4 56730.04927337 43.606
 210 269.835589  41.884874   175.490   175.395  9 56739.96492568 38.194
 211 269.833106  41.885071   175.499   175.499  5 56749.88056984 34.822
 212 269.836310  41.886396   175.635   175.628  8 56759.79620988 31.406
 213 269.827849  41.867621   177.398   177.381  3 56769.71183867 32.773
 214 269.827923  41.868346   177.643   177.277  3 56779.62748950 32.269
 215 269.834001  41.881044   177.969   177.914  7 56789.54314778 49.608
 216 269.837413  41.891322   177.799   177.751  3 56799.45880188 37.207
 218 269.836161  41.889210   176.479   176.446  4 56819.29008689 34.388
 219 269.830278  41.874581   177.228   177.235  4 56829.20571994 33.746
 220 269.826499  41.861363   177.729   177.729  2 56839.12135033 38.436
 221 269.824041  41.852974   177.758   177.734  5 56849.03698076 38.012
 222 269.826338  41.863289   176.170   176.131  3 56858.95263759 34.652
 223 269.830405  41.874635   174.775   174.782  4 56868.86829388 28.045
 224 269.835188  41.883418   174.642   174.784  9 56878.78394759 31.530
 225 269.835626  41.884087   174.469   174.372  8 56888.69959599 30.667
 226 269.835877  41.884414   174.796   174.782  8 56898.61524149 32.251
 227 269.836242  41.887201   175.364   175.281  8 56908.53088489 42.926
 228 269.834099  41.886824   176.523   176.202  3 56918.44652540 42.462
 229 269.834428  41.886773   175.749   175.067  3 56928.36216408 48.718
 230 269.834820  41.882230   174.698   174.703  8 56938.27779772 37.917
 231 269.827041  41.864424   175.019   175.019  2 56948.19342689 37.601
 232 269.827143  41.866342   175.297   175.003  3 56958.10908049 24.825
 233 269.828476  41.870535   174.690   174.690  4 56968.02472947 29.764
 234 269.831472  41.876172   174.498   174.486  4 56977.94037507 27.486
 235 269.829355  41.872729   174.574   174.557  4 56987.85601408 44.848
 236 269.826693  41.863426   174.710   174.710  2 56997.77164590 38.382
 237 269.826862  41.862359   175.450   174.949  3 57007.68729400 33.788
 238 269.827074  41.864467   174.973   174.973  2 57017.60294808 42.098
 239 269.827824  41.868273   221.763   222.077  3 57027.51859892 21.465
 240 269.830886  41.875771   174.499   174.490  4 57037.43424869 32.407
 241 269.834709  41.882050   174.691   174.615  8 57047.34989568 44.834
 242 269.830951  41.875222   174.525   174.482  4 57057.26553581 41.966
 243 269.827772  41.866732   174.593   174.499  3 57067.18117025 35.438
 244 269.826264  41.861146   174.377   174.229  3 57077.09680117 35.163
 245 269.825670  41.857298   174.705   174.569  3 57087.01243147 35.760
 246 269.827138  41.868071   174.904   174.916  4 57096.92809261 34.854
 247 269.835993  41.885498   175.269   175.213  9 57106.84375285 31.907
 248 269.836600  41.887243   174.941   174.979  9 57116.75940456 33.085
 249 269.835602  41.884199   175.448   175.380  8 57126.67504890 35.913
 250 269.830820  41.875671   175.150   175.068  4 57136.59068636 26.038
 251 269.827190  41.867631   178.425   179.556  4 57146.50631975 28.780
 252 269.826533  41.862483   174.736   174.739  3 57156.42195141 41.782
 253 269.826899  41.861869   174.520   174.520  2 57166.33759399 37.328
 254 269.826722  41.865318   175.884   175.884  3 57176.25325082 52.293
 255 269.827572  41.867854   176.221   176.151  3 57186.16890372 43.640
 256 269.827129  41.867852   177.915   178.406  4 57196.08455202 30.267
 257 269.829631  41.872421   175.219   175.220  4 57206.00018800 37.553
 258 269.831006  41.875833   174.850   174.820  4 57215.91583409 25.556
 259 269.830282  41.874655   175.026   175.003  4 57225.83147793 27.722
 260 269.828175  41.870004   175.216   175.413  4 57235.74711898 23.773
 261 269.827809  41.866991   174.777   174.752  3 57245.66275699 41.101
 262 269.826851  41.864007   176.203   176.982  3 57255.57839226 25.900
 263 269.826691  41.863147   174.644   174.644  2 57265.49402661 47.587
 264 269.826592  41.864014   174.589   174.549  3 57275.40966923 36.712
 265 269.828695  41.870537   174.876   174.865  4 57285.32532749 53.256
 266 269.830215  41.873888   174.363   174.361  4 57295.24098222 41.515
 267 269.830692  41.875257   174.361   174.327  4 57305.15663292 52.371
 268 269.835505  41.883330   174.361   174.378  8 57315.07228155 31.736
 269 269.836691  41.887283   174.731   174.581  9 57324.98792602 45.397
 270 269.836370  41.886565   176.638   175.119  9 57334.90356766 32.890
 271 269.831459  41.876535   179.974   181.542  4 57344.81920524 23.828
 272 269.835028  41.882983   175.985   175.976  9 57354.73486140 37.202
 273 269.831323  41.876318   175.217   175.206  4 57364.65050392 41.916
 274 269.828779  41.871395   176.176   176.183  4 57374.56614332 33.572
 275 269.827428  41.868640   176.321   176.314  4 57384.48178120 31.147
 276 269.826823  41.865672   175.144   175.172  3 57394.39741853 46.210
 277 269.826553  41.861355   174.686   174.569  3 57404.31305469 49.407
 278 269.826266  41.860485   175.095   175.095  2 57414.22870105 49.671
 279 269.827786  41.865916   175.157   175.165  3 57424.14435351 49.775
 280 269.829813  41.873983   174.738   174.769  4 57434.06000375 49.612
 281 269.835107  41.885823   175.014   175.005  7 57443.97565335 42.632
 282 269.835927  41.888597   175.396   175.363  4 57453.89130026 31.303
 283 269.835811  41.886408   176.489   175.801  9 57463.80694440 32.085
 284 269.829570  41.872127   177.290   177.353  4 57473.72258200 30.242
 286 269.826654  41.860765   175.903   175.903  2 57493.55385066 36.230
 287 269.826136  41.858088   175.150   175.150  2 57503.46948192 34.468
 288 269.826539  41.863346   176.134   176.144  3 57513.38513572 38.753
 289 269.827202  41.866191   175.653   175.648  4 57523.30079072 51.168
 290 269.827591  41.866121   174.946   174.946  3 57533.21644287 52.215
 291 269.827202  41.865791   175.399   175.307  3 57543.13209177 31.805
 292 269.827888  41.868759   175.876   175.840  4 57553.04773886 34.303
 293 269.830781  41.875309   175.240   175.374  4 57562.96338550 29.409
 294 269.833872  41.880792   175.388   175.350  7 57572.87903161 29.253
 295 269.830462  41.875386   175.532   175.413  4 57582.79467494 22.009
 296 269.828410  41.870279   176.016   175.956  4 57592.71031656 28.992
 297 269.827820  41.868308   176.189   176.186  4 57602.62595635 39.072
