#   12.010   0.448   2.647 ;Mean Elev.(m), Avg Gradient(m/km), RMS Gradient(m/km) - SRTM1     
#   -1.999   0.827   3.138 ;Mean Elev.(m), Avg Gradient(m/km), RMS Gradient(m/km) - ASTER GDEM
#   12.000   0.475   2.711 ;Mean Elev.(m), Avg Gradient(m/km), RMS Gradient(m/km) - GMTED2010 
   1 268.483897  30.873049    13.377    13.382  3 54663.61091688 45.607
   2 268.483620  30.877488    12.011    12.199  3 54673.52656255 35.398
   3 268.482454  30.878976    12.183    12.130  4 54683.44220597 31.409
   4 268.483018  30.877907    12.285    12.323  3 54693.35784765 30.657
   5 268.484061  30.872114    12.515    12.460  4 54703.27348593 30.290
   6 268.483017  30.867931    12.759    12.783  5 54713.18913431 31.242
   7 268.483850  30.871685    12.548    12.467  3 54723.10478577 30.798
   8 268.482986  30.877424    11.052    11.738  3 54733.02043531 37.503
   9 268.481255  30.882628    10.538     9.881  3 54742.93608338 33.520
  10 268.480940  30.885760     7.900     7.050  3 54752.85173103 29.147
  11 268.481483  30.885256     5.501     5.530  4 54762.76737768 33.290
  12 268.482016  30.881434     5.002     4.925  4 54772.68302114 41.019
  13 268.482633  30.878822    11.498    11.521  3 54782.59866186 20.722
  14 268.483375  30.878248    10.804    10.776  3 54792.51430038 24.202
  15 268.483251  30.876813     5.208     5.058  4 54802.42993733 46.836
  16 268.483428  30.874440    12.426    12.385  3 54812.34557387 30.727
  17 268.483925  30.873723     9.405     8.883  4 54822.26121581 32.857
  18 268.483292  30.875759    12.243    12.267  4 54832.17685640 30.911
  19 268.482395  30.879817    12.458    12.414  4 54842.09250725 33.286
  20 268.481166  30.885186    11.568    11.235  4 54852.00815727 36.503
  21 268.479858  30.889165     9.168     7.669  3 54861.92380682 34.332
  22 268.479242  30.890781    14.539    14.601  4 54871.83945603 24.892
  23 268.479619  30.888716    13.925    13.372  4 54881.75510284 29.104
  24 268.481072  30.885788    13.436    13.479  3 54891.67074619 24.610
  25 268.481636  30.884292     9.804     9.841  4 54901.58638671 51.008
  26 268.480951  30.884619    10.777    10.727  3 54911.50202554 32.619
  27 268.480389  30.885448    12.555    12.559  4 54921.41766317 35.765
  28 268.481552  30.884329    12.689    12.695  4 54931.33329988 37.249
  29 268.483262  30.877848    13.066    13.074  3 54941.24893411 36.568
  30 268.483522  30.867100    13.228    13.247  6 54951.16456575 45.274
  31 268.484315  30.865347    13.724    13.715  5 54961.08020612 33.239
  32 268.483383  30.869295    15.721    15.711  4 54970.99585541 39.621
  33 268.483657  30.875342    16.639    16.613  3 54980.91150428 40.115
  34 268.483074  30.878011    16.008    16.008  3 54990.82715215 41.250
  35 268.482906  30.879779    13.368    13.392  3 55000.74279963 37.767
  36 268.482510  30.880528    12.664    12.657  3 55010.65844500 36.761
  37 268.482190  30.880392    11.634    11.739  4 55020.57408854 35.180
  38 268.481811  30.881378     8.127     8.030  3 55030.48973099 48.614
  39 268.481484  30.881880     9.163     7.767  3 55040.40537255 33.264
  40 268.482143  30.879469    10.286    10.293  4 55050.32101215 34.178
  41 268.484096  30.875786    10.438    11.284  3 55060.23664951 30.442
  42 268.483969  30.870449    10.485    11.594  4 55070.15228916 27.651
  43 268.483587  30.872363     9.545    10.625  3 55080.06793872 29.881
  44 268.482929  30.877689     6.695     6.685  4 55089.98358731 48.009
  45 268.481882  30.882918     8.618     8.116  3 55099.89923499 26.928
  46 268.481286  30.885258     8.911     8.997  4 55109.81488170 34.202
  47 268.481429  30.882931    10.751    10.754  4 55119.73052605 34.746
  48 268.482411  30.879572    12.954    13.003  3 55129.64616764 32.949
  49 268.483113  30.877855    13.483    13.416  4 55139.56180738 43.554
  50 268.482606  30.876960    14.813    14.802  3 55149.47744579 41.834
  51 268.483212  30.877776    13.074    13.085  3 55159.39308413 37.773
  52 268.483689  30.876277    12.628    12.676  3 55169.30872162 32.656
  53 268.484229  30.872935    11.421    11.405  4 55179.22435767 52.501
  54 268.484406  30.874949    13.078    12.787  3 55189.14000426 32.509
  55 268.482848  30.879114    13.529    13.522  3 55199.05565551 38.784
  56 268.481335  30.883043    12.969    13.015  4 55208.97130610 36.451
  57 268.480448  30.885207    10.411    10.400  4 55218.88695600 47.241
  58 268.480293  30.885978    12.993    12.998  4 55228.80260493 34.887
  59 268.481011  30.885509    14.763    14.731  4 55238.71825053 37.674
  60 268.481664  30.884074    14.603    14.598  4 55248.63389226 37.738
  61 268.481613  30.883417    12.820    12.764  4 55258.54953149 37.095
  62 268.481668  30.883517    12.666    12.742  3 55268.46516985 32.407
  63 268.481860  30.883108    12.008    12.026  4 55278.38080766 39.565
  64 268.482252  30.879017    13.577    13.606  4 55288.29644346 38.218
  65 268.484277  30.874033    14.053    14.058  3 55298.21207686 43.235
  66 268.484015  30.870290    12.739    12.729  5 55308.12771844 40.071
  67 268.483807  30.872633    12.406    12.376  3 55318.04336495 30.943
  68 268.483252  30.876095    12.370    12.373  4 55327.95901082 34.474
  69 268.482695  30.878519    14.201    14.207  4 55337.87465594 38.236
  70 268.482401  30.878839    14.686    14.690  3 55347.79030023 37.204
  71 268.482899  30.879149    13.291    13.309  3 55357.70594288 35.696
  72 268.482775  30.878764    12.185    12.196  4 55367.62158315 34.633
  73 268.482551  30.877684    12.096    12.070  3 55377.53722168 37.305
  74 268.483052  30.876525    12.422    12.383  4 55387.45285925 50.752
  75 268.483631  30.873254    12.271    12.283  3 55397.36849543 31.270
  76 268.483490  30.869057    11.090    11.092  5 55407.28413754 45.539
  77 268.484077  30.872234    11.632    12.054  3 55417.19978899 34.425
  78 268.483903  30.874876    12.403    12.282  3 55427.11543693 31.433
  79 268.483166  30.877338    12.151    12.165  3 55437.03108231 32.478
  80 268.482369  30.879578    11.978    12.019  3 55446.94672660 28.246
  81 268.481861  30.880346    11.759    11.756  3 55456.86237033 28.930
  82 268.482690  30.880547    11.257    11.497  3 55466.77801341 23.699
  83 268.483154  30.876325     7.309     7.239  3 55476.69365238 38.659
  84 268.483962  30.872173     6.771     5.789  4 55486.60928815 31.024
  85 268.483407  30.867597     6.463     6.267  6 55496.52492133 33.912
  86 268.483522  30.867606     5.360     5.388  5 55506.44055699 53.741
  87 268.483738  30.874737     5.011     4.954  3 55516.35620872 41.033
  88 268.482766  30.876064    11.335    10.727  3 55526.27185826 18.532
  89 268.482662  30.877982     7.243     7.201  4 55536.18750601 32.181
  90 268.482319  30.880089     9.122     8.886  4 55546.10315176 24.632
  91 268.481950  30.883437    13.677    13.647  4 55556.01879609 20.805
  92 268.481317  30.884676     5.868     5.871  3 55565.93443929 44.138
  93 268.481773  30.882630     8.165     8.084  4 55575.85008137 51.454
  94 268.483067  30.878885     6.037     5.928  3 55585.76572147 43.834
  95 268.484117  30.873813    12.257    12.244  4 55595.68135794 27.322
  96 268.483613  30.868672    11.554    11.392  5 55605.59699096 27.362
  97 268.483758  30.866322    10.892    10.778  5 55615.51262222 30.299
  98 268.483115  30.866699    11.154    11.060  5 55625.42826285 27.397
  99 268.484088  30.873277    13.359    13.366  3 55635.34391603 53.564
 100 268.484391  30.875129    14.137    14.136  3 55645.25956606 37.253
 101 268.483908  30.874137    14.673    14.684  4 55655.17521271 38.200
 102 268.483905  30.874261    13.439    13.433  3 55665.09085521 53.709
 103 268.483602  30.875412    12.940    12.970  4 55675.00649515 36.151
 104 268.483433  30.876396    15.029    15.007  4 55684.92213362 38.317
 105 268.483651  30.874637    17.767    17.762  4 55694.83777045 42.377
 106 268.483502  30.868390    17.848    17.832  6 55704.75340504 40.485
 107 268.483131  30.868218    17.641    17.619  5 55714.66905220 39.917
 108 268.483381  30.874228    16.183    16.177  3 55724.58470241 39.252
 109 268.482521  30.878733    14.549    14.569  3 55734.50035012 37.805
 110 268.482203  30.881856    13.026    13.019  3 55744.41599620 50.325
 111 268.482027  30.880668    12.896    12.896  4 55754.33163984 39.116
 112 268.482964  30.876103    12.194    12.438  3 55764.24728060 38.064
 113 268.483816  30.871081    12.531    12.532  4 55774.16291852 31.640
 114 268.483729  30.867712    12.297    12.266  6 55784.07855353 30.077
 115 268.482960  30.865506    12.255    12.249  6 55793.99418661 26.939
 116 268.483679  30.866463     9.016     7.758  6 55803.90982383 32.142
 117 268.483650  30.869844     7.097     7.080  5 55813.82547452 50.333
 118 268.483411  30.868531    12.307    12.281  5 55823.74112226 28.234
 119 268.483517  30.866187    12.280    12.230  5 55833.65676508 27.858
 120 268.484107  30.865869     9.789    11.333  5 55843.57240412 31.175
 121 268.484114  30.866046     5.056     5.102  5 55853.48803996 53.541
 122 268.483292  30.865679     5.022     5.018  6 55863.40367631 55.860
 123 268.483311  30.874069    10.881    10.815  3 55873.31933166 24.542
 124 268.483553  30.875355     5.631     5.378  3 55883.23498045 37.769
 125 268.484044  30.874265    12.192    12.159  4 55893.15062256 23.678
 126 268.483646  30.869887    11.433    11.434  5 55903.06625854 28.091
 127 268.483701  30.869671    13.227    13.244  4 55912.98189577 34.261
 128 268.483185  30.878906    13.801    13.800  3 55922.89755209 37.364
 129 268.482197  30.880902    12.785    12.811  4 55932.81320411 36.718
 130 268.482938  30.880019    12.563    12.470  3 55942.72885138 31.581
 131 268.483195  30.876720    11.772    12.529  3 55952.64449371 39.218
 132 268.482961  30.875155    12.552    12.492  3 55962.56013281 37.242
 133 268.483367  30.877218    13.175    13.185  4 55972.47577040 37.643
 134 268.483155  30.875319    12.642    12.617  3 55982.39140574 32.432
 135 268.483203  30.867775    12.742    12.770  5 55992.30703827 31.174
 136 268.483161  30.866506    12.702    12.660  5 56002.22268541 32.499
 137 268.483514  30.869052    13.060    13.054  4 56012.13833537 35.266
 138 268.484024  30.874124    13.476    13.467  3 56022.05398244 42.054
 139 268.482578  30.876956    12.339    12.346  3 56031.96962630 35.497
 140 268.482238  30.879327    10.571    10.540  4 56041.88526824 37.781
 141 268.482818  30.878929     9.514     9.360  4 56051.80090731 36.927
 142 268.483897  30.874722    10.810    11.864  3 56061.71654284 31.289
 143 268.483542  30.868476    12.014    12.023  6 56071.63218068 26.192
 144 268.484096  30.875016     6.074     6.052  3 56081.54783245 35.650
 145 268.482695  30.878024     5.408     5.327  4 56091.46348055 49.916
 146 268.482436  30.880419     4.725     4.654  4 56101.37912619 37.358
 147 268.482844  30.879612     4.539     4.204  3 56111.29475694 47.341
 148 268.484219  30.875724     4.155     4.166  3 56121.21039540 31.823
 149 268.483836  30.866371    10.934    11.057  6 56131.12602899 27.876
 150 268.485105  30.864137     3.101     3.089  4 56141.04166328 34.448
 151 268.483888  30.870965     3.450     3.422  5 56150.95731564 44.994
 152 268.483746  30.877298     3.696     3.771  3 56160.87296633 42.493
 153 268.483416  30.878135    10.971    10.849  3 56170.78861429 21.626
 154 268.483380  30.874888     3.831     3.864  3 56180.70425737 30.396
 155 268.484076  30.872827     3.813     3.812  4 56190.61989672 41.411
 156 268.484115  30.871502    11.616    11.679  4 56200.53553313 21.466
 157 268.483532  30.869003     4.263     4.252  4 56210.45116669 45.731
 158 268.483815  30.866077     3.549     3.486  6 56220.36679824 51.769
 159 268.483431  30.870022     3.315     3.327  4 56230.28244905 38.830
 160 268.483840  30.874696     6.238     3.850  3 56240.19810296 26.363
 161 268.483024  30.876158     4.529     4.534  3 56250.11375232 32.169
 162 268.482840  30.876676     4.052     4.130  3 56260.02939691 31.720
 163 268.483060  30.877739     3.669     3.561  3 56269.94503929 42.071
 164 268.483493  30.877860    12.449    12.457  3 56279.86067987 24.374
 165 268.482662  30.880312    13.913    14.321  3 56289.77633198 23.152
 166 268.482566  30.880616    12.491    12.533  4 56299.69198067 28.705
 167 268.482441  30.879225    12.399    12.478  4 56309.60762489 32.736
 168 268.482332  30.878412    12.421    12.425  3 56319.52326662 37.936
 169 268.482140  30.879019    11.548    11.546  3 56329.43890746 32.622
 170 268.482973  30.879300    12.576    12.512  3 56339.35454739 32.355
 171 268.483930  30.875559    13.574    12.875  3 56349.27018441 34.362
 172 268.483599  30.867342     9.221     9.209  6 56359.18581829 50.785
 173 268.484532  30.874032    12.491    12.473  3 56369.10146994 29.393
 175 268.481714  30.881322    12.719    12.386  3 56388.93276422 31.157
 176 268.481776  30.882501    12.951    12.708  4 56398.84840807 31.135
 177 268.482458  30.881031    12.566    12.559  4 56408.76404894 32.980
 178 268.483455  30.876878    14.194    14.184  3 56418.67968489 37.675
 179 268.483720  30.870140    14.694    14.687  4 56428.59531690 37.654
 180 268.483214  30.877509    14.970    14.966  4 56438.51097191 38.721
 181 268.482319  30.881843    14.039    14.041  4 56448.42662355 37.084
 182 268.482006  30.883044    13.942    13.938  4 56458.34227236 37.907
 183 268.482144  30.882108    13.903    13.906  3 56468.25791749 36.941
 184 268.482400  30.879402    12.405    12.415  4 56478.17355830 36.912
 185 268.482901  30.875803    12.526    12.559  3 56488.08919525 32.993
 186 268.484473  30.874789    12.509    12.514  3 56498.00483049 51.758
 187 268.483340  30.867708    12.533    12.509  6 56507.92046331 28.692
 188 268.484031  30.865127    12.239    12.248  5 56517.83610121 27.275
 189 268.483736  30.869512    12.245    12.244  5 56527.75175663 28.328
 190 268.484359  30.873557     6.670     6.636  3 56537.66740777 35.494
 191 268.483351  30.875337     5.724     5.780  3 56547.58305424 44.380
 192 268.482564  30.878843    12.459    12.439  3 56557.49869827 22.985
 193 268.482360  30.880832     5.405     4.890  4 56567.41434093 29.116
 194 268.482331  30.879367     4.872     4.863  4 56577.32998156 44.971
 195 268.483952  30.875678     5.207     5.220  3 56587.24561839 29.340
 196 268.483340  30.869944     4.397     4.402  4 56597.16125771 39.284
 197 268.483220  30.875851     5.290     5.269  4 56607.07691059 33.164
 198 268.482884  30.880094     5.676     5.780  3 56616.99255842 52.713
 199 268.482413  30.880216     7.661     7.648  3 56626.90820218 30.592
 200 268.483151  30.878561    12.572    12.572  3 56636.82384301 28.041
 201 268.483797  30.874460    11.978    12.040  3 56646.73948380 24.353
 202 268.482769  30.876227    11.756    11.624  3 56656.65513659 31.739
 203 268.482772  30.879473    12.061    12.016  4 56666.57078527 32.341
 204 268.482248  30.881352    10.572    10.590  4 56676.48643073 34.149
 205 268.482149  30.881944    10.353    10.345  4 56686.40207463 34.063
 206 268.482711  30.880116    12.428    12.496  4 56696.31771605 29.083
 207 268.483609  30.874429    12.124    12.219  3 56706.23335218 30.604
 208 268.483073  30.865732    12.733    12.750  6 56716.14898345 28.925
 209 268.483856  30.876877    12.383    12.333  3 56726.06463893 31.305
 210 268.481447  30.881822    11.708    12.087  3 56735.98028913 33.694
 211 268.480791  30.885811    13.430    13.518  3 56745.89593608 28.835
 212 268.481315  30.883499    13.365    13.700  3 56755.81157761 26.245
 213 268.483406  30.877819    13.482    13.467  3 56765.72721292 49.258
 214 268.484031  30.874194    12.961    12.962  4 56775.64285210 35.205
 215 268.481974  30.880168    12.421    12.318  4 56785.55850968 32.949
 216 268.480735  30.887434    12.128    12.133  4 56795.47416375 37.342
 217 268.479780  30.890166    13.341    13.318  4 56805.38981268 33.698
 218 268.480189  30.885874    11.470    11.455  4 56815.30545352 36.713
 219 268.482383  30.881784    11.945    12.006  3 56825.22109113 33.265
 220 268.483364  30.875333    12.627    12.617  3 56835.13672450 32.231
 221 268.483451  30.868852    12.479    12.485  5 56845.05235464 29.006
 222 268.483595  30.872854    11.039    10.486  3 56854.96800138 38.517
 223 268.483051  30.878663    10.418    10.374  3 56864.88365635 43.060
 224 268.482513  30.881212    10.579    11.697  3 56874.79930994 28.853
 225 268.482024  30.881795     7.605     6.415  4 56884.71495998 40.697
 226 268.481957  30.882747     6.007     6.042  3 56894.63060700 37.331
 227 268.481302  30.884897     6.655     6.661  4 56904.54625085 34.105
 228 268.480165  30.887082     6.986     6.953  4 56914.46189239 46.336
 229 268.480194  30.886743     8.314     8.315  4 56924.37753164 33.987
 230 268.481473  30.882239     6.647     6.707  3 56934.29316746 33.461
 231 268.484009  30.874232     7.789     6.652  3 56944.20879744 30.429
 232 268.484616  30.874172    10.799    10.841  3 56954.12444558 28.095
 233 268.483294  30.877335     8.094     8.042  4 56964.04009615 36.045
 234 268.482245  30.881121     8.913    10.249  3 56973.95574239 25.224
 235 268.481803  30.881010    11.584    10.447  4 56983.87138367 19.796
 236 268.483482  30.876754    12.133    12.632  3 56993.78701947 19.384
 237 268.483321  30.866958     7.173     7.189  6 57003.70265577 51.571
 238 268.484337  30.873765     8.963     8.957  3 57013.61831385 31.955
 239 268.483121  30.877486     7.307     7.309  3 57023.53396569 34.935
 240 268.481827  30.881064    10.725    10.018  3 57033.44961470 32.273
 241 268.481358  30.882131     8.900     8.898  4 57043.36526081 34.257
 242 268.482246  30.881196     7.374     7.358  3 57053.28090418 42.026
 243 268.483219  30.876624     9.438     9.374  4 57063.19654235 32.192
 244 268.484056  30.872159    10.370    11.380  4 57073.11217551 30.007
 245 268.483664  30.866806     8.848     8.807  6 57083.02780480 39.818
 246 268.483778  30.874764    11.248    11.219  4 57092.94345484 36.463
 247 268.481816  30.881909    13.859    13.847  3 57102.85911337 37.285
 248 268.481332  30.884166    14.952    14.933  3 57112.77476733 40.078
 249 268.481835  30.881847    14.373    14.376  4 57122.69041445 37.983
 250 268.482376  30.879520    14.045    14.057  4 57132.60605594 37.616
 251 268.482936  30.877368    14.868    14.849  4 57142.52169248 38.190
 252 268.483383  30.875395    14.136    14.136  4 57152.43732587 39.457
 253 268.483748  30.869771    12.461    12.451  4 57162.35295632 38.076
 254 268.483707  30.875202    13.131    13.135  4 57172.26861422 39.474
 255 268.483452  30.876037    13.998    13.998  3 57182.18426827 37.785
 256 268.482906  30.875994    13.812    13.824  3 57192.09991834 37.394
 257 268.482738  30.878759    14.064    14.073  4 57202.01556648 38.942
 258 268.482307  30.881358    15.250    15.216  4 57211.93120121 38.316
 259 268.482354  30.881864    15.840    15.815  3 57221.84684538 38.881
 260 268.482470  30.879437    16.084    16.035  4 57231.76248759 39.404
 261 268.483475  30.877473    15.126    15.129  3 57241.67812740 38.606
 262 268.484241  30.874755    12.576    12.537  3 57251.59376431 34.102
 263 268.483618  30.870841    13.106    12.672  4 57261.50939880 32.046
 264 268.483381  30.867990    12.410    12.393  6 57271.42503217 30.733
 265 268.483455  30.876468     6.182     6.249  4 57281.34068990 50.231
 266 268.482869  30.879642     7.712     5.913  3 57291.25634534 42.529
 267 268.482327  30.879895     5.382     5.361  4 57301.17199715 38.915
 268 268.482718  30.880622     6.207     5.749  3 57311.08764558 52.543
 269 268.482045  30.881724    13.623    13.636  4 57321.00329088 24.099
 270 268.481581  30.883789    10.648    12.527  3 57330.91893405 33.519
 271 268.481691  30.883690     6.997     6.975  4 57340.83457483 34.252
 272 268.480912  30.884566    11.300    10.980  4 57350.75022607 33.193
 273 268.481766  30.882428    11.760    11.543  4 57360.66587114 34.768
 274 268.482806  30.880014    13.414    13.416  3 57370.58151286 37.151
 275 268.483192  30.878856    13.315    13.311  3 57380.49715229 48.127
 276 268.483251  30.877181    14.395    14.402  4 57390.41279041 38.582
 277 268.484112  30.874371    17.285    17.280  3 57400.32842730 53.677
 278 268.483684  30.868877    17.495    17.499  5 57410.24406541 43.092
 279 268.483994  30.874035    15.100    15.073  3 57420.15971859 40.175
 280 268.482687  30.877723    12.832    12.852  3 57430.07536892 36.239
 281 268.481588  30.881713    13.215    13.210  4 57439.99101740 48.023
 282 268.481143  30.883901    12.982    12.971  3 57449.90666470 34.357
 283 268.481385  30.884217    14.390    14.397  4 57459.82231032 37.991
 284 268.482253  30.881207    15.725    15.714  3 57469.73795212 40.176
 285 268.483130  30.876230    15.151    15.157  3 57479.65358938 39.499
 286 268.484055  30.872816    13.768    13.775  4 57489.56922371 37.536
 287 268.483133  30.865562    13.145    13.145  6 57499.48485490 55.215
 288 268.483404  30.867033    12.576    12.612  6 57509.40049863 35.770
 289 268.483626  30.874659    13.246    13.232  3 57519.31615557 39.180
 290 268.483172  30.877056    13.618    13.623  4 57529.23180866 37.523
 291 268.483041  30.877289    13.011    13.025  3 57539.14745830 37.733
 292 268.483115  30.878117    12.732    12.736  3 57549.06310556 35.826
 293 268.482224  30.878416    12.441    12.449  3 57558.97875151 33.323
 294 268.481961  30.879928    10.235     9.365  3 57568.89439718 37.474
 295 268.482427  30.880864    10.553    10.542  4 57578.81004239 34.113
 296 268.482852  30.879822    10.403    10.402  3 57588.72568567 50.495
 297 268.483127  30.878981     8.218     8.219  3 57598.64132628 40.420
