-354144.728    75.387     0.00    8.89
-353855.692    75.405     0.06    9.93
-353566.638    76.181     2.68    9.87
-353277.565    76.986     2.78   10.45
-352988.472    76.729    -0.89   11.14
-352699.361    76.222    -1.75   11.73
-352410.230    76.583     1.25   11.27
-352121.080    76.182    -1.39   11.83
-351831.911    76.236     0.19   11.53
-351542.723    75.950    -0.99   11.11
-351253.516    76.249     1.03   10.26
-350964.289    77.678     4.94    9.81
-350675.044    80.355     9.25    8.97
-350385.779    80.676     1.11    7.79
-350096.495    81.329     2.26    7.86
-349807.192    81.993     2.29    7.61
-349517.870    83.105     3.84    7.97
-349228.528    83.885     2.70    7.72
-348939.168    85.236     4.67    7.50
-348649.788    86.327     3.77    7.03
-348360.389    88.129     6.23    6.47
-348070.971    90.002     6.47    5.63
-347781.534    90.535     1.84    5.70
-347492.078    91.315     2.69    5.97
-347202.602    91.912     2.06    6.27
-346913.107    92.703     2.73    6.44
-346623.593    93.236     1.84    6.18
-346334.060    93.113    -0.43    6.08
-346044.508    91.316    -6.20    7.00
-345754.936    90.328    -3.41    7.22
-345465.345    90.145    -0.63    7.22
-345175.735    89.743    -1.39    7.14
-344886.106    89.368    -1.29    6.68
-344596.457    89.569     0.70    6.40
-344306.789    90.912     4.63    6.26
-344017.102    91.319     1.41    6.09
-343727.396    92.103     2.70    5.77
-343437.670    92.344     0.83    5.68
-343147.926    92.327    -0.06    5.33
-342858.162    92.639     1.08    5.64
-342568.378    92.989     1.21    5.58
-342278.576    93.605     2.12    5.56
-341992.621    93.847     0.85    5.43
-341706.869    94.276     1.50    5.38
-341421.099    94.439     0.57    5.16
-341135.310    94.749     1.09    5.19
-340849.502    95.479     2.55    4.73
-340563.676    96.318     2.93    4.45
-340277.831    96.844     1.84    4.43
-339991.968    96.828    -0.06    3.86
-339706.086    97.118     1.01    3.44
-339420.185    97.503     1.35    3.33
-339134.266    97.886     1.34    3.36
-338848.328    98.473     2.05    3.45
-338562.371    99.355     3.08    3.15
-338276.396    99.907     1.93    2.82
-337990.402   100.209     1.06    2.56
-337704.389   100.183    -0.09    2.60
-337418.358   100.131    -0.18    2.57
-337132.308   100.099    -0.11    2.56
-336846.239    99.606    -1.72    2.63
-336560.152    99.383    -0.78    2.48
-336274.046    99.170    -0.74    2.69
-335987.921    98.950    -0.77    2.76
-335701.778    98.420    -1.85    2.92
-335415.616    98.002    -1.46    2.79
-335129.435    97.314    -2.40    2.55
-334843.236    96.314    -3.49    2.86
-334557.018    95.317    -3.48    3.34
-334270.781    94.428    -3.11    3.39
-333984.526    94.197    -0.81    3.97
-333698.252    94.277     0.28    3.95
-333411.959    94.460     0.64    4.11
-333125.647    94.960     1.75    4.03
-332839.317    95.736     2.71    3.24
-332552.968    96.121     1.34    2.95
-332266.600    96.026    -0.33    2.97
-331980.213    95.976    -0.17    2.98
-331693.808    96.052     0.26    2.94
-331407.384    96.276     0.78    2.77
-331120.941    96.750     1.65    2.28
-330834.480    96.944     0.68    1.92
-330548.000    96.796    -0.52    1.92
-330261.500    96.969     0.60    1.99
-329974.983    97.223     0.88    2.13
-329688.446    97.276     0.18    2.39
-329401.891    97.210    -0.23    2.55
-329115.317    97.184    -0.09    2.65
-328828.724    96.787    -1.38    2.95
-328542.112    96.184    -2.11    3.17
-328255.482    95.407    -2.71    3.52
-327968.832    94.101    -4.56    3.78
-327682.164    92.750    -4.71    3.43
-327395.478    91.529    -4.25    3.12
-327108.772    90.894    -2.22    2.84
-326822.048    90.196    -2.43    2.95
-326535.304    90.009    -0.65    2.52
-326248.542    89.924    -0.30    1.89
-325961.761    89.691    -0.81    1.82
-325674.962    89.441    -0.87    1.88
-325388.143    89.223    -0.76    2.14
-325101.306    88.894    -1.15    2.27
-324814.449    88.524    -1.29    2.18
-324527.574    88.276    -0.86    2.21
-324240.681    88.394     0.41    2.12
-323953.768    88.099    -1.03    2.26
-323666.836    87.496    -2.10    2.20
-323379.886    86.929    -1.98    2.13
-323092.916    86.548    -1.33    2.15
-322805.928    86.057    -1.71    2.06
-322518.921    85.776    -0.98    1.98
-322231.895    85.197    -2.01    1.77
-321944.851    85.028    -0.59    1.57
-321657.787    84.729    -1.04    1.68
-321370.704    84.358    -1.29    1.72
-321083.603    84.044    -1.09    1.85
-320796.483    83.499    -1.90    2.04
-320509.343    82.763    -2.56    1.99
-320222.185    82.052    -2.48    2.12
-319935.008    81.394    -2.29    2.29
-319647.812    80.782    -2.13    2.25
-319360.597    80.184    -2.08    2.57
-319073.364    79.339    -2.94    2.59
-318786.111    78.802    -1.87    2.56
-318498.839    78.356    -1.55    2.46
-318211.549    77.929    -1.48    2.49
-317924.239    77.592    -1.17    2.41
-317636.911    76.929    -2.31    2.88
-317349.563    76.196    -2.55    3.51
-317062.197    75.623    -1.99    3.59
-316774.812    74.379    -4.33    3.78
-316487.408    73.157    -4.25    3.67
-316199.985    72.353    -2.80    3.44
-315912.542    72.157    -0.68    3.68
-315625.081    72.420     0.92    4.23
-315337.601    72.789     1.28    4.39
-315050.102    73.574     2.73    4.22
-314762.584    74.381     2.81    3.35
-314475.047    74.684     1.05    2.71
-314187.491    74.790     0.37    2.46
-313899.916    74.105    -2.38    2.47
-313612.322    73.407    -2.42    2.52
-313324.709    72.539    -3.02    2.74
-313037.077    71.963    -2.00    2.45
-312749.426    71.552    -1.43    2.32
-312461.756    70.782    -2.68    2.54
-312174.067    69.996    -2.73    2.79
-311886.359    69.088    -3.16    3.20
-311598.632    67.709    -4.79    3.97
-311310.886    66.277    -4.97    4.49
-311023.121    64.663    -5.61    4.67
-310735.337    63.669    -3.45    4.59
-310447.534    63.631    -0.13    4.35
-310159.711    63.928     1.03    4.49
-309871.870    64.717     2.74    4.73
-309584.010    66.067     4.69    4.49
-309296.130    66.795     2.53    3.94
-309008.232    67.512     2.49    3.00
-308720.314    67.804     1.01    1.83
-308432.378    67.591    -0.74    1.82
-308144.422    67.524    -0.23    1.74
-307856.447    67.383    -0.49    1.60
-307568.454    67.340    -0.15    1.64
-307280.441    67.171    -0.59    1.96
-306992.409    66.621    -1.91    2.29
-306704.358    65.986    -2.20    2.77
-306416.287    65.057    -3.23    3.06
-306128.198    63.855    -4.17    3.08
-305840.090    62.556    -4.51    2.81
-305551.962    61.479    -3.74    2.68
-305263.816    60.361    -3.88    3.12
-304975.650    58.516    -6.40    4.67
-304687.465    55.916    -9.02    6.23
-304399.261    54.171    -6.05    6.54
-304111.038    52.916    -4.36    6.62
-303822.796    52.031    -3.07    6.71
-303534.534    50.783    -4.33    6.90
-303246.254    50.379    -1.40    7.18
-302957.954    50.522     0.50    7.22
-302669.635    49.790    -2.54    7.21
-302381.297    49.776    -0.05    7.15
-302092.940    49.697    -0.27    7.45
-301804.564    49.088    -2.11    7.48
-301516.168    48.452    -2.20    8.42
-301227.754    45.552   -10.05   10.02
-300939.320    43.131    -8.39   10.36
-300650.867    39.821   -11.47   11.01
-300362.395    36.704   -10.80   10.09
-300073.903    34.769    -6.71    8.51
-299785.393    33.436    -4.62    7.31
-299496.863    34.101     2.30    8.11
-299208.314    35.473     4.75    9.01
-298919.746    37.209     6.01    8.85
-298631.158    38.844     5.66    7.65
-298342.552    41.156     8.01    7.54
-298053.926    44.444    11.39    6.95
-297765.281    47.080     9.13    6.75
-297476.616    48.993     6.62    6.06
-297187.933    50.486     5.17    5.01
-296899.230    51.012     1.82    5.17
-296610.508    50.620    -1.36    6.20
-296321.767    49.236    -4.79    7.89
-296033.006    46.841    -8.29    9.36
-295744.227    43.912   -10.14   10.01
-295455.428    40.470   -11.91   11.10
-295166.609    39.275    -4.14   10.83
-294877.772    38.091    -4.10   11.15
-294588.915    35.782    -7.99   11.81
-294300.039    33.600    -7.55   11.98
-294011.144    31.418    -7.55   11.56
-293722.229    28.796    -9.07   11.49
-293433.295    25.583   -11.12   10.60
-293144.342    24.458    -3.89    9.97
-292855.370    26.385     6.66   11.05
-292566.378    30.736    15.05   11.44
-292277.367    35.522    16.55   11.45
-291988.336    39.444    13.57   10.69
-291699.287    42.710    11.30    9.04
-291410.218    45.287     8.91    7.07
-291121.129    47.132     6.38    5.30
-290832.022    46.999    -0.46    5.37
-290542.895    46.642    -1.24    5.50
-290253.748    46.250    -1.35    5.31
-289964.583    45.697    -1.91    4.99
-289675.398    44.863    -2.88    4.59
-289386.193    43.512    -4.67    4.83
-289096.969    42.828    -2.37    5.60
-288807.726    41.531    -4.48    6.49
-288518.464    37.698   -13.25   10.21
-288229.182    33.080   -15.96   12.72
-287939.881    29.041   -13.96   12.83
-287650.561    25.425   -12.49   12.07
-287361.221    23.657    -6.11   11.76
-287071.861    23.618    -0.14   11.29
-286782.483    25.831     7.65   12.20
-286493.085    29.548    12.84   11.71
-286203.667    33.499    13.65    9.46
-285914.231    34.288     2.72    9.95
-285624.774    32.067    -7.67   12.35
-285335.299    30.005    -7.12   13.49
-285045.804    28.623    -4.77   13.86
-284756.289    26.642    -6.84   13.84
-284466.755    25.777    -2.99   14.17
-284177.202    27.486     5.90   14.86
-283887.629    30.236     9.49   14.41
-283598.037    35.009    16.48   14.21
-283308.426    38.041    10.47   13.35
-283018.795    41.223    10.98   11.84
-282729.144    43.886     9.19   10.14
-282439.474    47.065    10.97    6.01
-282149.785    48.328     4.36    4.80
-281860.076    48.601     0.94    4.70
-281570.348    47.871    -2.52    5.74
-281280.600    47.315    -1.92    5.93
-280990.833    47.249    -0.23    5.15
-280701.046    47.999     2.59    4.74
-280411.240    48.821     2.83    4.92
-280122.738    49.749     3.22    4.70
-279837.045    50.996     4.36    4.49
-279551.333    51.873     3.07    4.02
-279265.602    52.973     3.85    3.21
-278979.853    53.605     2.21    2.82
-278694.085    53.169    -1.52    3.38
-278408.297    53.315     0.51    3.60
-278122.492    53.346     0.11    3.68
-277836.667    53.169    -0.62    3.89
-277550.823    53.520     1.23    3.91
-277264.961    53.889     1.29    3.71
-276979.080    54.457     1.98    3.22
-276693.180    54.691     0.82    2.73
-276407.261    54.950     0.91    2.25
-276121.323    54.903    -0.17    2.25
-275835.366    54.587    -1.10    2.47
-275549.391    54.327    -0.91    2.47
-275263.397    54.080    -0.86    2.60
-274977.384    53.569    -1.79    2.58
-274691.352    52.657    -3.19    2.81
-274405.301    51.844    -2.84    2.94
-274119.231    51.736    -0.38    2.92
-273833.143    51.118    -2.16    2.78
-273547.035    51.106    -0.04    2.65
-273260.909    50.980    -0.44    2.74
-272974.763    51.300     1.12    2.81
-272688.599    51.808     1.77    2.62
-272402.416    52.249     1.54    2.74
-272116.214    52.431     0.64    2.63
-271829.994    52.314    -0.41    2.69
-271543.754    51.916    -1.39    3.02
-271257.495    51.331    -2.04    2.94
-270971.218    50.394    -3.27    3.17
-270684.921    49.655    -2.58    3.23
-270398.606    48.876    -2.72    3.25
-270112.271    48.184    -2.42    2.93
-269825.918    47.381    -2.80    2.74
-269539.546    47.005    -1.31    3.10
-269253.155    45.691    -4.59    3.97
-268966.745    44.678    -3.54    4.28
-268680.316    44.119    -1.95    4.25
-268393.868    43.209    -3.18    4.58
-268107.401    42.682    -1.84    4.65
-267820.915    42.743     0.21    4.83
-267534.410    42.907     0.57    4.56
-267247.886    42.947     0.14    4.62
-266961.343    42.682    -0.92    5.04
-266674.782    41.578    -3.85    6.16
-266388.201    39.431    -7.49    7.77
-266101.601    37.646    -6.23    7.93
-265814.983    36.095    -5.41    7.63
-265528.345    35.685    -1.43    7.50
-265241.688    35.860     0.61    7.65
-264955.012    36.950     3.80    7.38
-264668.318    38.476     5.32    5.91
-264381.604    37.743    -2.56    8.07
-264094.871    37.154    -2.05    9.17
-263808.119    36.979    -0.61   10.26
-263521.349    37.710     2.55   10.15
-263234.559    37.379    -1.15    9.84
-262947.750    37.119    -0.91    9.95
-262660.922    34.847    -7.92   13.25
-262374.075    31.548   -11.50   15.37
-262087.209    27.548   -13.94   16.05
-261800.324    26.275    -4.44   15.21
-261513.420    24.795    -5.16   15.33
-261226.497    24.885     0.31   14.79
-260939.555    25.841     3.33   15.37
-260652.594    27.105     4.40   16.61
-260365.614    31.885    16.65   14.72
-260078.614    35.509    12.62   12.93
-259791.596    38.457    10.27   10.46
-259504.558    38.119    -1.18   11.70
-259217.502    36.405    -5.97   13.31
-258930.426    33.444   -10.31   15.09
-258643.331    32.587    -2.98   15.02
-258356.217    32.236    -1.22   14.53
-258069.084    32.076    -0.56   14.04
-257781.932    33.777     5.92   12.79
-257494.761    35.847     7.21   11.06
-257207.571    37.423     5.48    9.03
-256920.362    36.560    -3.00   10.06
-256633.133    35.067    -5.20   11.91
-256345.885    32.352    -9.45   14.27
-256058.619    26.595   -20.03   17.67
-255771.333    18.736   -27.35   19.64
-255484.028    12.339   -22.26   19.48
-255196.703     6.665   -19.74   19.19
-254909.360     3.847    -9.81   17.19
-254621.998     4.729     3.07   18.15
-254334.616     9.407    16.27   20.65
-254047.215    17.669    28.74   22.34
-253759.795    24.276    22.98   20.84
-253472.356    30.631    22.10   16.42
-253184.898    33.340     9.42   11.33
-252897.420    34.428     3.79    8.16
-252609.924    32.211    -7.71    8.79
-252322.408    30.185    -7.04    8.66
-252034.873    27.980    -7.67    9.34
-251747.319    26.496    -5.16    9.60
-251459.745    28.183     5.86    8.62
-251172.153    28.723     1.88    7.25
-250884.541    28.277    -1.55    6.71
-250596.910    27.999    -0.96    6.41
-250309.260    29.009     3.51    5.33
-250021.590    29.899     3.09    4.56
-249733.902    30.457     1.94    4.47
-249446.194    31.069     2.13    4.10
-249158.467    31.831     2.65    3.38
-248870.720    31.847     0.05    3.62
-248582.955    31.531    -1.10    3.64
-248295.170    29.973    -5.41    6.75
-248007.366    27.052   -10.15    9.66
-247719.542    24.749    -8.00   10.54
-247431.700    22.452    -7.98   10.40
-247143.838    20.250    -7.65   10.47
-246855.957    16.489   -13.06   10.87
-246568.057    13.989    -8.68   10.36
-246280.137    13.954    -0.12   10.06
-245992.198    15.184     4.27    9.99
-245704.240    16.300     3.88    9.87
-245416.262    17.704     4.87    8.88
-245128.266    20.023     8.05    7.39
-244840.250    22.385     8.20    5.73
-244552.214    23.277     3.10    4.85
-244264.160    24.420     3.97    4.45
-243976.086    24.583     0.56    4.75
-243687.992    24.548    -0.12    5.68
-243399.880    24.198    -1.22    5.89
-243111.748    23.185    -3.51    5.89
-242823.597    21.717    -5.09    6.03
-242535.426    20.600    -3.88    5.84
-242247.236    18.340    -7.84    7.38
-241959.027    15.574    -9.60    9.17
-241670.799    12.076   -12.13   10.75
-241382.551     8.499   -12.41   11.26
-241094.283     4.682   -13.24   10.48
-240805.997     3.302    -4.79    9.66
-240517.691     3.301    -0.00    9.44
-240229.366     4.911     5.58   10.11
-239941.021     7.467     8.86    9.50
-239652.657     9.418     6.76    8.34
-239364.273     9.211    -0.72    8.71
-239075.871     6.613    -9.01   10.34
-238787.449     3.329   -11.38   11.05
-238499.007     0.344   -10.35   10.16
-238210.546    -0.724    -3.70    9.10
-237922.066    -0.504     0.77    8.91
-237633.566     1.489     6.91    9.49
-237345.047     5.855    15.13    9.74
-237056.508     9.626    13.07    7.75
-236767.950    11.723     7.27    6.34
-236479.373    12.743     3.53    6.04
-236190.776    13.704     3.33    5.77
-235902.160    13.762     0.20    5.74
-235613.524    12.171    -5.51    7.33
-235324.869     9.466    -9.37    9.74
-235036.195     4.065   -18.70   12.51
-234747.501    -0.698   -16.50   13.60
-234458.788    -5.777   -17.59   13.06
-234170.055   -10.322   -15.74   10.83
-233881.303   -13.764   -11.92    8.03
-233592.531   -15.296    -5.31    5.98
-233303.740   -16.097    -2.77    5.41
-233014.929   -15.675     1.46    5.57
-232726.099   -14.855     2.84    5.92
-232437.249   -14.217     2.21    5.97
-232148.380   -13.093     3.89    6.21
-231859.492   -12.278     2.82    6.23
-231570.583   -11.751     1.82    6.50
-231281.656   -11.071     2.35    6.52
-230992.709    -9.063     6.95    8.09
-230703.742    -5.713    11.59   10.09
-230414.756    -1.828    13.44   11.12
-230125.751     1.287    10.78   10.77
-229836.726     4.967    12.73    9.84
-229547.681     8.343    11.68    7.54
-229258.617    10.155     6.27    6.79
-228969.533     9.749    -1.40    6.16
-228680.430    10.736     3.41    5.38
-228391.307    10.996     0.90    5.23
-228102.165    10.889    -0.37    5.71
-227813.003    10.587    -1.05    5.40
-227523.822     9.800    -2.72    5.81
-227234.621     7.496    -7.97    7.73
-226945.401     4.080   -11.81   10.69
-226656.161     1.326    -9.52   11.22
-226366.901    -0.309    -5.65   11.13
-226077.622    -1.440    -3.91   10.11
-225788.323    -1.066     1.29    9.70
-225499.005     1.131     7.59   10.07
-225209.667     3.756     9.07    9.93
-224920.310     6.659    10.03    7.44
-224630.933     8.730     7.15    5.69
-224341.536    10.364     5.65    4.98
-224052.120    11.134     2.66    4.87
-223762.684    11.928     2.75    4.99
-223473.229    12.595     2.30    4.62
-223183.754    13.569     3.37    3.82
-222894.259    14.262     2.39    3.91
-222604.745    14.763     1.73    4.18
-222315.211    15.157     1.36    4.34
-222025.657    14.470    -2.37    4.66
-221736.084    13.483    -3.41    5.30
-221446.491    12.044    -4.97    6.08
-221156.879     9.756    -7.90    9.10
-220867.247     6.742   -10.40   11.30
-220577.595     1.950   -16.54   13.61
-220287.924    -2.737   -16.18   12.99
-219998.233    -6.711   -13.71   11.69
-219708.522    -7.974    -4.36   11.39
-219418.791    -6.791     4.08   12.03
-219129.041    -3.514    11.31   12.66
-218839.272     0.470    13.75   11.64
-218549.482     2.621     7.42   11.24
-218259.673     1.941    -2.34   12.80
-217972.658     0.031    -6.65   14.48
-217686.982    -2.933   -10.37   16.30
-217401.287    -7.777   -16.95   16.50
-217115.574   -11.777   -14.00   15.63
-216829.841   -15.324   -12.41   14.28
-216544.090   -18.593   -11.44   11.85
-216258.319   -21.777   -11.14    9.10
-215972.530   -24.210    -8.51    4.04
-215686.721   -23.790     1.47    3.90
-215400.893   -23.136     2.29    4.32
-215115.047   -21.724     4.94    4.69
-214829.181   -20.636     3.81    5.04
-214543.296   -19.582     3.68    5.26
-214257.393   -19.341     0.84    5.24
-213971.470   -19.315     0.09    5.51
-213685.528   -19.166     0.52    5.56
-213399.567   -19.031     0.48    5.68
-213113.587   -19.511    -1.68    6.44
-212827.588   -21.065    -5.43    7.25
-212541.570   -23.053    -6.95    7.37
-212255.533   -24.553    -5.24    7.45
-211969.477   -26.461    -6.67    6.75
-211683.402   -28.148    -5.90    5.61
-211397.308   -29.530    -4.83    3.82
-211111.194   -30.663    -3.96    1.65
-210825.062   -31.033    -1.29    1.41
-210538.910   -30.956     0.27    1.47
-210252.740   -30.920     0.13    1.41
-209966.550   -30.933    -0.05    1.40
-209680.341   -30.977    -0.16    1.32
-209394.113   -30.751     0.79    1.19
-209107.866   -30.882    -0.46    1.14
-208821.600   -30.940    -0.20    1.11
-208535.315   -31.271    -1.16    1.14
-208249.010   -31.484    -0.74    1.13
-207962.687   -31.725    -0.84    1.16
-207676.344   -31.943    -0.76    1.09
-207389.983   -32.153    -0.73    1.07
-207103.602   -32.270    -0.41    1.08
-206817.202   -32.200     0.25    1.11
-206530.782   -32.153     0.16    1.28
-206244.344   -32.127     0.09    1.28
-205957.887   -32.331    -0.71    1.11
-205671.410   -32.251     0.28    1.17
-205384.914   -32.211     0.14    1.18
-205098.399   -32.177     0.12    1.20
-204811.865   -32.148     0.10    1.27
-204525.312   -31.988     0.56    1.27
-204238.739   -31.868     0.42    1.34
-203952.148   -31.828     0.14    1.33
-203665.537   -31.623     0.72    1.39
-203378.907   -31.405     0.76    1.53
-203092.258   -30.504     3.14    2.61
-202805.589   -27.657     9.93    9.76
-202518.902   -24.431    11.25   13.50
-202232.195   -21.111    11.58   16.76
-201945.469   -17.316    13.23   19.72
-201658.723   -11.224    21.24   22.82
-201371.959    -4.924    21.97   24.37
-201085.175     0.069    17.41   24.34
-200798.372     4.287    14.70   23.14
-200511.550     9.569    18.41   20.33
-200224.709    10.829     4.39   18.73
-199937.848    13.736    10.13   15.15
-199650.968    14.313     2.01   12.00
-199364.069    13.864    -1.56   10.34
-199077.151    14.249     1.34    9.28
-198790.213    15.526     4.45    8.43
-198503.256    16.628     3.84    7.36
-198216.280    17.289     2.30    7.07
-197929.284    18.703     4.93    5.80
-197642.270    20.263     5.43    4.96
-197355.236    21.171     3.16    4.77
-197068.182    21.882     2.47    4.62
-196781.110    22.416     1.86    4.39
-196494.018    23.557     3.97    4.95
-196206.907    24.873     4.58    6.24
-195919.776    27.144     7.91    7.05
-195632.627    29.314     7.56    7.92
-195345.458    29.912     2.08    7.64
-195058.269    29.012    -3.13    8.89
-194771.061    28.723    -1.01    9.21
-194483.834    27.129    -5.55    9.14
-194196.588    26.839    -1.01    8.38
-193909.322    26.613    -0.79    8.11
-193622.037    27.711     3.82    8.20
-193334.733    30.185     8.61    9.10
-193047.409    33.480    11.47    8.47
-192760.066    35.527     7.12    7.48
-192472.704    37.145     5.63    6.06
-192185.322    37.476     1.15    6.00
-191897.921    37.356    -0.42    6.40
-191610.501    37.306    -0.18    6.66
-191323.061    36.973    -1.16    6.89
-191035.602    36.596    -1.31    7.20
-190748.123    35.783    -2.83    7.96
-190460.625    34.557    -4.26    8.44
-190173.108    32.864    -5.88    7.96
-189885.571    31.428    -4.99    6.77
-189598.015    30.262    -4.06    5.09
-189310.440    29.249    -3.52    3.84
-189022.845    29.275     0.09    3.00
-188735.230    30.012     2.56    2.87
-188447.597    30.723     2.47    2.64
-188159.943    31.289     1.97    2.49
-187872.271    31.262    -0.09    2.14
-187584.579    31.396     0.46    1.89
-187296.867    31.493     0.34    1.84
-187009.137    30.963    -1.84    1.97
-186721.386    30.249    -2.48    2.17
-186433.617    29.416    -2.89    1.99
-186145.828    28.983    -1.50    1.91
-185858.019    28.544    -1.53    1.82
-185570.191    28.368    -0.61    1.93
-185282.343    28.499     0.46    1.98
-184994.476    28.934     1.51    1.85
-184706.590    29.303     1.28    1.65
-184418.684    29.503     0.69    1.41
-184130.759    29.381    -0.42    1.48
-183842.814    29.054    -1.13    1.65
-183554.849    28.496    -1.94    1.74
-183266.866    28.121    -1.30    1.72
-182978.862    27.886    -0.82    1.63
-182690.839    27.756    -0.45    1.49
-182402.797    27.470    -0.99    1.48
-182114.735    26.876    -2.06    1.62
-181826.654    26.499    -1.31    1.78
-181538.553    26.289    -0.73    1.77
-181250.433    25.815    -1.64    1.89
-180962.293    25.489    -1.13    1.76
-180674.134    25.518     0.10    1.75
-180385.955    25.736     0.76    1.79
-180097.756    26.082     1.20    1.73
-179809.538    26.347     0.92    1.59
-179521.301    26.441     0.33    1.35
-179233.044    26.711     0.93    1.07
-178944.767    26.886     0.61    1.00
-178656.471    26.996     0.38    1.08
-178368.155    26.920    -0.26    1.10
-178079.820    26.868    -0.18    1.34
-177791.465    26.684    -0.64    1.69
-177503.090    26.540    -0.50    1.87
-177214.696    26.275    -0.92    2.16
-176926.283    26.275     0.00    2.26
-176637.850    25.989    -0.99    2.32
-176349.397    25.813    -0.61    2.40
-176060.924    26.093     0.97    2.28
-175772.432    26.394     1.04    2.59
-175483.921    27.383     3.43    2.42
-175195.390    28.033     2.25    2.30
-174906.839    28.552     1.80    2.31
-174618.268    29.369     2.83    2.15
-174329.678    30.131     2.64    2.11
-174041.069    31.054     3.20    2.23
-173752.439    32.158     3.82    2.44
-173463.791    33.082     3.20    2.56
-173175.122    34.198     3.86    2.55
-172886.434    35.145     3.28    2.31
-172597.726    36.132     3.42    2.00
-172308.998    36.776     2.23    1.79
-172020.251    37.473     2.41    1.58
-171731.485    37.881     1.41    1.57
-171442.698    38.407     1.82    1.61
-171153.892    38.796     1.35    1.60
-170865.066    39.031     0.81    1.45
-170576.221    39.097     0.23    1.34
-170287.355    38.993    -0.36    1.29
-169998.471    38.724    -0.93    1.34
-169709.566    38.505    -0.76    1.42
-169420.642    37.983    -1.81    1.42
-169131.698    37.486    -1.72    1.20
-168842.734    37.196    -1.00    0.98
-168553.751    36.881    -1.09    1.03
-168264.748    36.409    -1.63    1.36
-167975.725    36.105    -1.05    1.53
-167686.683    35.730    -1.30    1.54
-167397.621    35.313    -1.44    1.59
-167108.539    35.021    -1.01    1.54
-166819.437    35.093     0.25    1.50
-166530.316    35.036    -0.20    1.59
-166241.174    35.031    -0.02    1.61
-165952.013    34.836    -0.67    1.53
-165662.833    34.723    -0.39    1.46
-165373.632    34.776     0.18    1.38
-165084.412    35.052     0.96    1.36
-164795.172    35.476     1.47    1.26
-164505.913    35.873     1.37    1.44
-164216.633    36.364     1.70    1.71
-163927.334    36.813     1.55    1.70
-163638.015    37.287     1.64    1.68
-163348.676    37.782     1.71    1.46
-163059.318    38.144     1.25    1.19
-162769.939    38.356     0.73    1.14
-162480.541    38.210    -0.51    1.17
-162191.123    38.039    -0.59    1.12
-161901.685    38.156     0.41    1.16
-161612.228    38.116    -0.14    1.13
-161322.750    37.989    -0.44    1.20
-161033.253    37.844    -0.50    1.35
-160743.736    37.518    -1.12    1.41
-160454.199    37.057    -1.59    1.70
-160164.642    36.509    -1.89    1.73
-159875.066    36.326    -0.63    1.77
-159585.469    36.197    -0.45    1.83
-159295.853    36.012    -0.64    1.76
-159006.217    35.960    -0.18    1.66
-158716.561    35.736    -0.77    1.79
-158426.885    35.652    -0.29    1.62
-158137.190    35.059    -2.05    1.78
-157847.474    34.249    -2.80    2.12
-157557.739    33.353    -3.09    2.61
-157267.983    32.288    -3.67    2.85
-156978.208    31.441    -2.92    3.12
-156688.413    30.054    -4.79    3.49
-156398.598    29.012    -3.59    3.61
-156108.890    27.710    -4.50    3.43
-155823.265    26.920    -2.76    3.17
-155537.621    25.569    -4.73    3.94
-155251.957    23.743    -6.39    4.71
-154966.275    22.578    -4.08    4.83
-154680.573    21.467    -3.89    4.85
-154394.852    20.375    -3.82    4.72
-154109.112    19.405    -3.40    4.35
-153823.353    18.806    -2.10    4.13
-153537.574    17.621    -4.15    4.25
-153251.776    16.808    -2.84    4.47
-152965.959    15.743    -3.72    4.34
-152680.123    15.116    -2.19    4.41
-152394.268    14.776    -1.19    4.32
-152108.393    14.436    -1.19    4.59
-151822.499    13.762    -2.36    5.07
-151536.586    12.956    -2.82    5.54
-151250.654    13.005     0.17    5.72
-150964.702    12.518    -1.70    6.30
-150678.732    12.595     0.27    6.85
-150392.742    12.274    -1.12    7.49
-150106.732    12.287     0.04    8.11
-149820.704    12.886     2.09    8.42
-149534.656    12.864    -0.07    8.99
-149248.589    13.002     0.48    9.40
-148962.503    13.409     1.42    9.05
-148676.397    13.302    -0.38    8.96
-148390.272    13.605     1.06    9.01
-148104.128    13.684     0.28    8.67
-147817.965    14.183     1.74    8.48
-147531.782    16.103     6.71    6.70
-147245.580    18.262     7.54    4.41
-146959.359    19.198     3.27    3.38
-146673.118    19.350     0.53    3.14
-146386.858    19.496     0.51    3.11
-146100.579    19.021    -1.66    5.13
-145814.280    18.403    -2.16    6.92
-145527.962    16.553    -6.46    9.31
-145241.625    14.470    -7.27   11.85
-144955.269    12.276    -7.66   14.05
-144668.893    10.289    -6.94   15.73
-144382.498     9.776    -1.79   17.04
-144096.083     8.583    -4.16   18.39
-143809.649     5.787    -9.76   19.45
-143523.196     4.557    -4.30   20.01
-143236.723     4.172    -1.34   20.28
-142950.231     2.806    -4.77   20.26
-142663.720     1.377    -4.99   19.51
-142377.189    -1.080    -8.58   18.04
-142090.639    -4.328   -11.33   14.56
-141804.070    -7.471   -10.96    9.69
-141517.481    -8.444    -3.40    7.19
-141230.873    -8.911    -1.63    3.81
-140944.246    -9.066    -0.54    3.24
-140657.599    -9.017     0.17    3.38
-140370.932    -8.644     1.30    3.21
-140084.247    -8.238     1.42    3.22
-139797.541    -7.956     0.98    3.61
-139510.817    -7.926     0.10    3.44
-139224.073    -7.426     1.74    3.34
-138937.309    -7.251     0.61    3.23
-138650.527    -6.892     1.25    3.57
-138363.724    -6.738     0.54    3.41
-138076.903    -7.084    -1.21    3.20
-137790.062    -7.311    -0.79    3.23
-137503.201    -7.211     0.35    3.35
-137216.321    -7.027     0.64    3.16
-136929.422    -6.843     0.64    3.36
-136642.503    -6.933    -0.31    3.18
-136355.565    -6.648     0.99    3.36
-136068.607    -6.283     1.27    3.39
-135781.630    -6.379    -0.33    3.13
-135494.633    -6.392    -0.04    3.18
-135207.617    -6.371     0.07    3.01
-134920.581    -6.153     0.76    2.99
-134633.526    -6.063     0.32    2.77
-134346.451    -6.119    -0.20    2.32
-134059.357    -5.844     0.96    2.31
-133772.244    -5.593     0.87    2.32
-133485.110    -5.564     0.10    2.54
-133197.958    -5.132     1.50    2.43
-132910.786    -4.645     1.70    2.13
-132623.594    -4.549     0.34    2.32
-132336.383    -4.406     0.50    2.26
-132049.152    -4.161     0.85    1.98
-131761.902    -3.840     1.12    2.02
-131474.632    -3.726     0.40    1.78
-131187.343    -3.559     0.58    1.75
-130900.034    -2.777     2.72    2.71
-130612.706    -1.697     3.76    3.60
-130325.358    -0.488     4.21    4.35
-130037.991     0.749     4.30    4.48
-129750.604     1.863     3.87    4.31
-129463.197     2.210     1.21    4.12
-129175.771     1.864    -1.20    3.96
-128888.326     1.262    -2.10    3.69
-128600.860     0.869    -1.37    3.75
-128313.376     0.548    -1.12    3.38
-128025.871     0.511    -0.13    5.18
-127738.347     1.031     1.81    7.86
-127450.804     2.499     5.11   10.55
-127163.240     4.916     8.40   13.89
-126875.658     7.078     7.52   15.41
-126588.055     7.526     1.56   15.80
-126300.433     9.026     5.21   16.58
-126012.792    10.703     5.83   16.81
-125725.131    12.396     5.89   16.98
-125437.450    13.390     3.45   16.55
-125149.750    13.629     0.83   15.96
-124862.030    14.236     2.11   15.97
-124574.290    14.742     1.76   16.05
-124286.531    15.080     1.17   15.77
-123998.752    14.762    -1.11   15.20
-123710.953    15.015     0.88   14.61
-123423.135    14.756    -0.90   14.46
-123135.297    15.157     1.39   14.20
-122847.439    17.262     7.31   13.87
-122559.562    19.091     6.35   13.03
-122271.665    20.755     5.78   12.08
-121983.749    22.916     7.50   11.03
-121695.812    24.749     6.37    9.73
-121407.857    25.513     2.65    9.74
-121119.881    25.121    -1.36    9.78
-120831.886    25.350     0.80    8.94
-120543.871    26.375     3.56    8.77
-120255.836    27.158     2.72    8.12
-119967.782    28.973     6.30    6.12
-119679.708    30.512     5.34    4.74
-119391.614    31.236     2.51    4.04
-119103.500    30.834    -1.40    4.31
-118815.367    28.467    -8.21    8.24
-118527.214    24.483   -13.82   12.08
-118239.042    20.736   -13.00   13.26
-117950.849    19.672    -3.69   12.84
-117662.637    20.413     2.57   12.77
-117374.405    21.608     4.14   13.37
-117086.154    24.119     8.71   12.74
-116797.882    28.436    14.97   10.55
-116509.591    32.039    12.50    5.94
-116221.280    33.697     5.75    2.44
-115932.950    34.089     1.36    2.69
-115644.599    34.289     0.69    2.82
-115356.229    34.552     0.91    3.27
-115067.839    34.441    -0.38    3.42
-114779.429    34.424    -0.06    3.33
-114491.000    34.352    -0.25    3.00
-114202.551    34.287    -0.22    2.75
-113914.082    33.826    -1.60    2.66
-113625.593    32.711    -3.87    3.49
-113337.084    31.132    -5.47    3.99
-113048.555    29.960    -4.06    4.03
-112760.007    29.052    -3.15    3.85
-112471.439    28.697    -1.23    4.06
-112182.851    28.657    -0.14    3.99
-111894.243    27.578    -3.74    7.65
-111605.616    27.044    -1.85    8.29
-111316.968    26.401    -2.23    9.05
-111028.301    26.887     1.68    9.26
-110739.614    25.262    -5.63    9.92
-110450.907    23.578    -5.83   10.83
-110162.180    23.699     0.42   10.64
-109873.434    25.889     7.59    9.70
-109584.667    27.960     7.17    9.22
-109295.881    29.670     5.92    8.75
-109007.075    31.249     5.47    7.99
-108718.248    33.024     6.14    6.76
-108429.403    34.659     5.66    4.55
-108140.537    36.021     4.71    2.80
-107851.651    36.300     0.97    2.73
-107562.745    36.451     0.52    2.60
-107273.820    36.449    -0.01    2.88
-106984.874    36.018    -1.49    2.88
-106695.909    35.303    -2.48    3.06
-106406.924    35.144    -0.55    3.18
-106117.919    35.026    -0.41    3.33
-105828.894    34.626    -1.38    3.24
-105539.849    34.116    -1.76    3.14
-105250.784    33.249    -3.00    3.09
-104961.699    32.742    -1.75    3.16
-104672.594    32.057    -2.37    3.33
-104383.469    31.149    -3.14    3.35
-104094.325    29.515    -5.65    4.81
-103805.160    27.928    -5.48    5.58
-103515.976    26.623    -4.51    6.19
-103226.771    26.316    -1.06    6.28
-102937.547    25.999    -1.10    6.96
-102648.302    26.418     1.45    7.07
-102359.038    27.769     4.67    6.21
-102069.753    30.049     7.88    5.72
-101780.449    31.159     3.84    4.09
-101491.125    29.377    -6.16    7.09
-101201.780    26.095   -11.34   10.94
-100912.416    20.775   -18.39   14.11
-100623.032    15.626   -17.79   14.79
-100333.627    10.963   -16.11   13.54
-100044.203     6.119   -16.74   10.91
 -99754.759     2.486   -12.55    7.63
 -99465.294     1.103    -4.78    5.80
 -99175.810     0.649    -1.57    5.63
 -98886.306     0.649     0.00    5.74
 -98596.781     2.034     4.78    7.00
 -98307.237     4.236     7.61    8.62
 -98017.672     6.403     7.48    9.21
 -97728.088     7.920     5.24    8.98
 -97438.483     9.044     3.88    8.33
 -97148.859    10.717     5.78    7.48
 -96859.214    11.743     3.54    6.85
 -96569.549    12.197     1.57    6.72
 -96279.865    12.091    -0.37    6.36
 -95990.160    11.605    -1.68    6.52
 -95700.435    11.717     0.39    6.24
 -95410.690    11.780     0.22    6.23
 -95120.925    10.920    -2.97    6.34
 -94831.140     9.639    -4.42    6.80
 -94541.334     8.540    -3.79    6.50
 -94251.509     7.540    -3.45    6.22
 -93963.263     6.477    -3.69    5.52
 -93677.654     5.665    -2.84    4.84
 -93392.026     5.697     0.11    4.86
 -93106.379     5.934     0.83    4.83
 -92820.713     6.591     2.30    5.00
 -92535.027     7.118     1.84    4.69
 -92249.321     7.749     2.21    4.59
 -91963.597     8.477     2.55    4.39
 -91677.853     8.493     0.06    4.04
 -91392.089     8.742     0.87    4.01
 -91106.306     8.548    -0.68    3.56
 -90820.504     8.799     0.88    3.26
 -90534.682     9.198     1.40    3.05
 -90248.841     9.337     0.49    2.93
 -89962.981     9.369     0.11    2.92
 -89677.101     9.881     1.79    2.93
 -89391.202    10.457     2.01    3.30
 -89105.283    10.920     1.62    3.34
 -88819.345    10.789    -0.46    3.50
 -88533.387    10.815     0.09    3.50
 -88247.410    10.849     0.12    3.32
 -87961.414    11.084     0.82    3.30
 -87675.398    11.160     0.27    3.24
 -87389.362    11.477     1.11    3.38
 -87103.308    11.999     1.82    3.78
 -86817.233    13.549     5.42    4.22
 -86531.140    14.856     4.57    4.41
 -86245.026    16.907     7.17    4.26
 -85958.894    18.983     7.25    3.75
 -85672.742    21.169     7.64    3.68
 -85386.570    23.157     6.95    3.98
 -85100.379    25.012     6.48    3.85
 -84814.168    26.509     5.23    3.52
 -84527.938    27.808     4.54    2.81
 -84241.689    28.782     3.40    2.33
 -83955.419    29.353     2.00    1.86
 -83669.131    29.198    -0.54    2.18
 -83382.823    28.401    -2.79    3.19
 -83096.495    26.924    -5.16    4.42
 -82810.148    26.223    -2.45    4.44
 -82523.781    25.426    -2.78    4.73
 -82237.395    25.275    -0.53    4.61
 -81950.989    25.046    -0.80    5.57
 -81664.564    24.223    -2.87    6.33
 -81378.119    23.749    -1.66    6.79
 -81091.655    23.618    -0.46    7.42
 -80805.171    23.907     1.01    8.39
 -80518.668    24.644     2.57    9.73
 -80232.145    26.549     6.65   11.02
 -79945.602    30.299    13.09   11.02
 -79659.040    34.069    13.16   10.79
 -79372.458    37.483    11.91    9.50
 -79085.857    40.390    10.14    7.33
 -78799.236    42.692     8.03    4.68
 -78512.596    43.761     3.73    3.94
 -78225.936    44.518     2.64    2.91
 -77939.256    45.183     2.32    2.82
 -77652.557    45.762     2.02    2.82
 -77365.838    46.463     2.44    2.83
 -77079.100    46.960     1.73    3.02
 -76792.342    47.989     3.59    2.80
 -76505.564    48.999     3.52    2.82
 -76218.767    50.405     4.90    2.62
 -75931.950    51.711     4.55    3.07
 -75645.114    52.907     4.17    3.05
 -75358.258    53.672     2.67    2.85
 -75071.382    53.736     0.22    3.21
 -74784.486    53.505    -0.80    4.03
 -74497.571    53.095    -1.43    4.88
 -74210.637    52.211    -3.08    6.15
 -73923.682    50.428    -6.21    7.25
 -73636.708    48.907    -5.30    7.60
 -73349.715    47.855    -3.67    8.19
 -73062.701    46.289    -5.46    8.77
 -72775.668    44.762    -5.32    8.90
 -72488.616    41.818   -10.26    8.94
 -72201.543    38.654   -11.02    9.45
 -71914.451    35.595   -10.65    9.29
 -71627.340    32.116   -12.12   10.49
 -71340.208    28.800   -11.55   10.24
 -71053.057    25.524   -11.41   10.01
 -70765.886    22.553   -10.35    8.32
 -70478.696    21.483    -3.72    7.58
 -70191.486    22.855     4.78    9.56
 -69904.256    25.105     7.83   11.48
 -69617.006    28.172    10.68   12.46
 -69329.737    32.428    14.82   12.68
 -69042.448    37.276    16.87   12.47
 -68755.139    42.717    18.94   10.84
 -68467.810    46.967    14.79    9.75
 -68180.462    49.818     9.92    8.80
 -67893.094    52.717    10.09    8.21
 -67605.706    55.122     8.37    7.58
 -67318.299    57.621     8.69    6.74
 -67030.872    60.119     8.69    5.54
 -66743.425    61.470     4.70    4.21
 -66455.958    62.223     2.62    3.39
 -66168.471    61.973    -0.87    4.30
 -65880.965    60.605    -4.76    5.77
 -65593.439    59.697    -3.16    5.91
 -65305.893    58.983    -2.48    5.90
 -65018.327    58.698    -0.99    5.53
 -64730.742    58.511    -0.65    5.22
 -64443.136    59.249     2.56    5.25
 -64155.511    59.937     2.39    5.13
 -63867.866    61.286     4.69    4.84
 -63580.202    62.945     5.77    4.16
 -63292.517    64.161     4.23    3.54
 -63004.813    65.121     3.34    3.23
 -62717.089    66.039     3.19    3.03
 -62429.345    66.973     3.25    2.70
 -62141.581    67.644     2.33    2.76
 -61853.797    68.157     1.78    2.97
 -61565.994    68.986     2.88    2.84
 -61278.170    69.649     2.30    2.33
 -60990.327    70.046     1.38    1.92
 -60702.464    70.224     0.62    1.74
 -60414.581    69.864    -1.25    2.19
 -60126.678    69.224    -2.23    2.91
 -59838.756    68.110    -3.87    4.07
 -59550.813    66.907    -4.18    4.75
 -59262.851    65.716    -4.14    5.05
 -58974.869    64.776    -3.27    4.99
 -58686.867    64.184    -2.06    5.15
 -58398.845    63.457    -2.52    5.50
 -58110.803    62.911    -1.89    5.92
 -57822.741    62.428    -1.68    6.36
 -57534.659    61.886    -1.88    6.62
 -57246.557    61.388    -1.73    6.75
 -56958.436    61.249    -0.48    6.17
 -56670.294    60.705    -1.89    6.25
 -56382.133    60.557    -0.51    5.80
 -56093.952    60.080    -1.65    5.25
 -55805.751    59.143    -3.25    5.06
 -55517.529    57.691    -5.04    5.71
 -55229.288    55.868    -6.32    6.70
 -54941.027    54.454    -4.90    7.10
 -54652.746    53.316    -3.95    7.51
 -54364.445    51.729    -5.50    7.65
 -54076.125    48.629   -10.75    8.83
 -53787.784    46.986    -5.70    9.80
 -53499.423    45.174    -6.29   10.25
 -53211.042    42.679    -8.65   11.36
 -52922.641    40.287    -8.30   11.50
 -52634.221    37.569    -9.42   11.88
 -52345.780    34.980    -8.98   12.35
 -52057.319    31.980   -10.40   12.13
 -51768.839    30.980    -3.47   11.82
 -51480.338    30.605    -1.30   12.24
 -51191.817    30.736     0.46   12.49
 -50903.277    30.041    -2.41   12.62
 -50614.716    29.849    -0.67   11.61
 -50326.135    30.924     3.72   12.32
 -50037.534    32.034     3.85   12.82
 -49748.914    34.644     9.04   13.36
 -49460.273    36.198     5.39   13.29
 -49171.612    37.174     3.38   12.92
 -48882.931    38.636     5.07   12.53
 -48594.230    38.574    -0.22   11.47
 -48305.510    38.434    -0.49   10.86
 -48016.769    38.907     1.64   10.15
 -47728.008    38.649    -0.89    9.59
 -47439.227    35.553   -10.72   10.57
 -47150.425    34.793    -2.63   10.88
 -46861.604    34.173    -2.15   10.24
 -46572.763    33.374    -2.77    9.63
 -46283.902    33.211    -0.56    8.74
 -45995.020    33.641     1.49    7.95
 -45706.119    32.553    -3.77   10.57
 -45417.197    29.059   -12.09   13.85
 -45128.255    23.434   -19.47   15.61
 -44839.294    17.881   -19.22   16.05
 -44550.312    12.973   -16.98   14.91
 -44261.310     7.665   -18.37   12.33
 -43972.287     4.084   -12.39    8.04
 -43683.245     2.413    -5.78    4.43
 -43394.183     1.818    -2.06    3.21
 -43105.100     1.590    -0.79    3.21
 -42815.998     1.223    -1.27    3.51
 -42526.875     0.911    -1.08    3.59
 -42237.732     0.603    -1.06    3.55
 -41948.569     0.249    -1.22    3.21
 -41659.386    -0.277    -1.82    2.39
 -41370.183    -0.356    -0.27    2.17
 -41080.959     2.172     8.74    7.86
 -40791.716     6.364    14.49   12.21
 -40502.452    12.424    20.95   15.40
 -40213.168    18.717    21.75   16.75
 -39923.864    24.911    21.41   16.03
 -39634.539    31.431    22.53   13.10
 -39345.195    36.386    17.12    8.26
 -39055.830    39.111     9.42    4.80
 -38766.445    40.705     5.51    3.73
 -38477.040    41.876     4.05    2.24
 -38187.615    42.236     1.24    2.10
 -37898.169    42.381     0.50    2.27
 -37608.704    42.327    -0.19    2.32
 -37319.218    41.672    -2.26    2.53
 -37029.712    40.882    -2.73    3.25
 -36740.185    39.839    -3.60    4.53
 -36450.639    38.426    -4.88    5.44
 -36161.072    35.416   -10.40    8.71
 -35871.485    31.063   -15.03   12.38
 -35581.877    25.486   -19.26   15.04
 -35292.250    19.496   -20.68   15.46
 -35002.602    14.131   -18.52   14.84
 -34712.934     9.697   -15.31   12.95
 -34423.246     5.441   -14.69    9.79
 -34133.537     2.313   -10.80    6.44
 -33843.808     0.574    -6.00    3.80
 -33554.059    -0.264    -2.89    3.87
 -33264.290    -0.663    -1.38    4.01
 -32974.500    -0.854    -0.66    4.10
 -32684.690    -0.689     0.57    4.43
 -32394.860    -0.485     0.70    5.07
 -32105.009    -0.366     0.41    5.51
 -31818.260     0.065     1.50    6.60
 -31532.693     1.223     4.05    8.81
 -31247.106     1.667     1.55    9.96
 -30961.499     1.315    -1.23    9.93
 -30675.873     1.236    -0.28   10.50
 -30390.228     1.063    -0.61   10.50
 -30104.563     1.396     1.17   11.03
 -29818.878     2.274     3.07   12.25
 -29533.174     1.849    -1.49   11.74
 -29247.450     2.110     0.91   12.19
 -28961.706     2.185     0.26   11.93
 -28675.943     2.248     0.22   11.66
 -28390.161     1.831    -1.46   10.75
 -28104.359     2.844     3.54   11.29
 -27818.537     3.958     3.90   12.27
 -27532.696     5.608     5.77   14.10
 -27246.835     8.169     8.96   15.91
 -26960.954    10.841     9.35   17.31
 -26675.054    13.855    10.54   18.83
 -26389.134    18.403    15.91   19.09
 -26103.195    23.224    16.86   18.77
 -25817.236    27.742    15.80   17.07
 -25531.257    32.553    16.82   14.25
 -25245.259    36.717    14.56   11.15
 -24959.241    40.388    12.83    5.03
 -24673.203    41.730     4.69    4.47
 -24387.146    42.974     4.35    4.95
 -24101.069    44.730     6.14    4.61
 -23814.973    45.980     4.37    4.41
 -23528.857    46.697     2.51    3.81
 -23242.721    47.067     1.30    3.26
 -22956.565    47.723     2.29    2.88
 -22670.390    47.337    -1.35    3.21
 -22384.195    46.434    -3.16    3.43
 -22097.981    44.486    -6.80    4.91
 -21811.747    43.041    -5.05    6.02
 -21525.493    42.844    -0.69    5.88
 -21239.219    43.236     1.37    5.80
 -20952.926    43.110    -0.44    5.62
 -20666.613    42.591    -1.81    6.58
 -20380.280    42.520    -0.25    6.96
 -20093.928    41.793    -2.54    8.99
 -19807.556    39.026    -9.66   12.93
 -19521.164    34.958   -14.21   15.88
 -19234.753    29.522   -18.98   18.17
 -18948.321    25.052   -15.61   19.49
 -18661.870    19.499   -19.38   19.98
 -18375.400    14.039   -19.06   18.35
 -18088.909    11.587    -8.56   16.61
 -17802.399     9.864    -6.01   14.49
 -17515.869     9.086    -2.72   13.86
 -17229.319     9.544     1.60   14.23
 -16942.750    10.388     2.95   14.70
 -16656.161    11.021     2.21   15.21
 -16369.552    10.449    -2.00   14.88
 -16082.923     9.399    -3.66   14.00
 -15796.274     7.996    -4.89   12.48
 -15509.606     7.039    -3.34   11.05
 -15222.918     6.262    -2.71   10.68
 -14936.210     7.467     4.20   11.16
 -14649.482     7.236    -0.80   10.51
 -14362.735     6.958    -0.97   10.04
 -14075.968     6.143    -2.84    8.77
 -13789.181     5.434    -2.47    7.56
 -13502.374     4.903    -1.85    7.28
 -13215.547     4.347    -1.94    7.37
 -12928.700     3.681    -2.32    6.35
 -12641.834     3.813     0.46    6.10
 -12354.948     4.186     1.30    5.95
 -12068.042     4.711     1.83    5.88
 -11781.116     5.451     2.58    5.71
 -11494.170     5.899     1.56    5.52
 -11207.205     6.441     1.89    5.35
 -10920.219     7.184     2.59    4.95
 -10633.214     8.381     4.17    4.77
 -10346.189     9.631     4.35    3.66
 -10059.144    10.499     3.03    2.68
  -9772.079    10.762     0.91    2.73
  -9484.995    11.236     1.65    2.74
  -9197.890    11.869     2.20    3.32
  -8910.766    12.325     1.59    3.55
  -8623.621    12.646     1.12    3.51
  -8336.457    12.616    -0.10    3.51
  -8049.273    12.607    -0.03    3.40
  -7762.069    12.536    -0.25    3.38
  -7474.845    12.405    -0.46    3.06
  -7187.601    12.262    -0.50    2.65
  -6900.337    11.802    -1.60    2.73
  -6613.054    11.749    -0.19    3.39
  -6325.750    12.262     1.79    3.79
  -6038.427    12.197    -0.23    4.28
  -5751.083    12.431     0.81    4.73
  -5463.720    12.470     0.14    5.04
  -5176.336    12.097    -1.30    5.65
  -4888.933    11.224    -3.04    5.93
  -4601.510     9.611    -5.61    6.36
  -4314.067     7.489    -7.38    6.24
  -4026.604     5.515    -6.87    5.77
  -3739.121     4.444    -3.72    5.18
  -3451.618     3.210    -4.29    4.25
  -3164.095     2.903    -1.07    3.89
  -2876.552     2.881    -0.08    4.17
  -2588.989     3.018     0.48    4.58
  -2301.406     3.447     1.49    4.71
  -2013.803     3.381    -0.23    4.76
  -1726.180     3.768     1.35    4.63
  -1438.537     4.084     1.10    4.89
  -1150.874     4.649     1.96    5.67
   -863.191     4.634    -0.05    6.03
   -575.488     4.386    -0.86    6.39
   -287.765     3.401    -3.42    5.82
     -0.022     3.146    -0.88    6.27
    287.741     3.160     0.05    6.00
    575.524     3.021    -0.48    5.38
    863.327     3.236     0.75    4.82
   1151.150     3.749     1.78    5.05
   1438.993     4.118     1.28    5.11
   1726.856     4.657     1.87    5.06
   2014.739     5.249     2.05    5.02
   2302.642     5.607     1.24    4.81
   2590.566     6.186     2.01    4.82
   2878.509     7.236     3.65    5.88
   3166.473     8.492     4.36    6.50
   3454.456    10.110     5.62    7.28
   3742.460    11.911     6.26    7.64
   4030.483    13.399     5.16    7.91
   4318.527    14.470     3.72    8.31
   4606.591    14.841     1.29    8.25
   4894.675    14.618    -0.78    8.44
   5182.779    14.353    -0.92    8.63
   5470.903    13.698    -2.27    8.41
   5759.048    12.911    -2.73    8.14
   6047.212    12.286    -2.17    7.53
   6335.396    11.337    -3.29    6.67
   6623.601    10.742    -2.07    6.75
   6911.826    10.375    -1.27    6.46
   7200.071    10.261    -0.40    7.52
   7488.336    10.611     1.22    9.61
   7776.621    11.428     2.84   11.05
   8064.926    12.328     3.12   12.23
   8353.252    11.894    -1.51   11.66
   8641.597    12.489     2.06   12.28
   8929.963    11.958    -1.84   11.19
   9218.349    11.172    -2.72   10.37
   9506.755    10.349    -2.86    9.90
   9795.181     8.806    -5.35    8.32
  10083.628     7.730    -3.73    7.25
  10372.094     6.916    -2.82    5.98
  10660.581     6.986     0.24    5.97
  10949.088     7.861     3.03    8.01
  11237.615    10.061     7.63   10.09
  11526.163    11.863     6.24   12.34
  11814.730    12.947     3.76   13.20
  12103.318    13.046     0.35   13.14
  12391.926    11.980    -3.70   13.04
  12680.554    10.364    -5.60   11.89
  12969.203     8.531    -6.35    9.39
  13257.871     6.595    -6.71    5.49
  13546.560     6.945     1.21    5.66
  13835.269     6.565    -1.32    5.49
  14123.999     5.961    -2.09    5.27
  14412.748     4.924    -3.59    4.85
  14701.518     3.649    -4.42    3.96
  14990.308     2.636    -3.51    3.00
  15279.119     2.169    -1.62    2.38
  15567.949     1.685    -1.68    1.46
  15856.800     1.578    -0.37    1.34
  16145.671     1.339    -0.83    0.50
  16434.563     1.314    -0.09    0.48
  16723.475     1.249    -0.22    0.34
  17012.407     1.299     0.17    0.40
  17301.359     1.426     0.44    0.79
  17590.332     1.686     0.90    1.48
  17879.325     1.952     0.92    1.85
  18168.338     2.036     0.29    1.89
  18457.371     2.288     0.87    2.11
  18746.425     2.796     1.76    2.48
  19035.499     3.185     1.34    2.80
  19324.594     3.730     1.88    3.24
  19613.708     4.352     2.15    3.57
  19902.844     5.210     2.97    3.96
  20191.999     6.026     2.82    3.85
  20481.175     6.659     2.19    3.72
  20770.371     7.149     1.69    3.68
  21059.587     7.261     0.39    3.39
  21348.824     8.011     2.59    3.26
  21638.082     8.553     1.87    3.15
  21927.359     9.134     2.01    2.71
  22216.657     9.091    -0.15    2.88
  22505.975     8.665    -1.47    2.84
  22795.314     8.198    -1.61    2.64
  23084.673     7.762    -1.51    2.11
  23374.053     7.685    -0.27    2.02
  23663.452     7.847     0.56    2.27
  23952.873     7.890     0.15    2.16
  24242.313     7.755    -0.47    2.47
  24531.774     7.686    -0.24    2.50
  24821.256     7.374    -1.08    2.21
  25110.758     7.337    -0.13    2.70
  25400.280     7.403     0.23    3.38
  25689.823     7.420     0.06    3.98
  25979.386     7.394    -0.09    4.33
  26268.969     7.388    -0.02    4.62
  26558.573     8.031     2.22    7.86
  26848.198     8.275     0.84    8.86
  27137.843     9.119     2.92   10.94
  27427.508    11.723     8.99   14.30
  27717.194    16.920    17.94   19.07
  28006.900    21.502    15.82   21.32
  28296.627    29.361    27.13   24.85
  28586.374    37.086    26.66   26.97
  28876.141    45.932    30.53   26.87
  29165.930    55.636    33.49   25.14
  29455.738    61.802    21.28   23.50
  29745.567    67.236    18.75   21.73
  30035.205    73.815    22.71   18.41
  30320.738    77.646    13.42   15.75
  30606.291    78.855     4.23   14.40
  30891.863    77.169    -5.90   16.91
  31177.455    72.198   -17.41   19.67
  31463.067    67.274   -17.24   19.68
  31748.699    61.899   -18.82   16.97
  32034.350    60.524    -4.81   14.65
  32320.021    59.349    -4.11   13.14
  32605.712    60.224     3.06   12.27
  32891.423    61.148     3.23   11.12
  33177.153    60.446    -2.46   10.25
  33462.903    60.595     0.52    9.34
  33748.673    60.591    -0.02    8.39
  34034.462    61.223     2.21    7.47
  34320.272    62.697     5.16    6.76
  34606.101    64.131     5.02    5.83
  34891.950    64.980     2.97    5.13
  35177.819    65.641     2.31    4.88
  35463.707    65.286    -1.24    5.45
  35749.615    64.461    -2.89    6.07
  36035.544    63.008    -5.08    6.00
  36321.492    61.175    -6.41    5.38
  36607.459    59.388    -6.25    5.71
  36893.447    58.483    -3.16    5.18
  37179.454    58.090    -1.38    4.67
  37465.481    58.693     2.11    5.00
  37751.528    60.327     5.71    5.39
  38037.595    62.565     7.82    6.77
  38323.682    64.171     5.61    6.20
  38609.788    65.774     5.60    5.61
  38895.915    66.447     2.35    4.93
  39182.061    65.634    -2.84    5.75
  39468.227    63.644    -6.95    7.55
  39754.413    62.916    -2.54    7.93
  40040.619    62.553    -1.27    8.14
  40326.844    62.446    -0.37    8.73
  40613.090    61.899    -1.91    9.34
  40899.355    61.011    -3.10    9.92
  41185.640    63.224     7.73    9.11
  41471.946    64.411     4.15    9.10
  41758.271    66.363     6.82    8.79
  42044.616    68.397     7.10    8.61
  42330.980    70.464     7.22    8.49
  42617.365    73.249     9.72    8.64
  42903.770    76.312    10.70    9.32
  43190.194    78.170     6.49    9.20
  43476.639    78.868     2.43    8.88
  43763.103    79.574     2.46    9.62
  44049.588    80.611     3.62    9.76
  44336.092    80.061    -1.92   10.02
  44622.616    77.983    -7.25   11.34
  44909.160    75.011   -10.37   11.85
  45195.724    72.224    -9.73   11.01
  45482.308    70.607    -5.64   11.53
  45768.912    68.411    -7.66   11.72
  46055.536    66.461    -6.80   11.55
  46342.180    65.360    -3.84   12.25
  46628.844    63.605    -6.12   12.51
  46915.527    62.736    -3.03   12.79
  47202.231    61.605    -3.95   13.70
  47488.955    58.324   -11.44   17.12
  47775.699    52.426   -20.57   19.25
  48062.462    49.954    -8.62   18.96
  48349.246    47.936    -7.04   19.33
  48636.050    45.864    -7.22   19.32
  48922.873    44.793    -3.74   18.62
  49209.717    46.920     7.41   20.67
  49496.581    50.886    13.83   22.14
  49783.465    54.977    14.26   22.78
  50070.368    56.186     4.21   22.58
  50357.292    57.300     3.89   21.67
  50644.236    57.999     2.44   19.47
  50931.200    59.574     5.49   17.85
  51218.183    61.198     5.66   16.14
  51505.187    64.302    10.81   14.75
  51792.211    69.095    16.70   14.17
  52079.255    73.341    14.79   12.09
  52366.319    75.369     7.07   11.96
  52653.403    78.097     9.50   13.76
  52940.508    78.824     2.53   14.50
  53227.632    74.386   -15.46   20.14
  53514.776    68.686   -19.85   22.01
  53801.940    64.761   -13.67   20.59
  54089.125    62.949    -6.31   19.65
  54376.329    62.480    -1.63   18.26
  54663.554    63.311     2.89   17.85
  54950.799    67.603    14.94   18.55
  55238.064    72.595    17.38   16.59
  55525.349    75.174     8.98   15.69
  55812.654    76.618     5.03   15.62
  56099.979    79.420     9.75   16.35
  56387.324    81.595     7.57   16.91
  56674.689    83.861     7.89   18.22
  56962.075    86.078     7.71   17.92
  57249.480    89.386    11.51   16.88
  57536.906    91.461     7.22   16.43
  57824.352    93.468     6.98   17.20
  58111.818    96.325     9.94   17.32
  58399.304    97.458     3.94   19.26
  58686.811    96.668    -2.75   20.17
  58974.337    96.275    -1.37   20.07
  59261.884    96.211    -0.22   18.19
  59549.451    97.368     4.02   16.06
  59837.038    99.605     7.78   15.31
  60124.645   102.834    11.23   15.15
  60412.272   106.300    12.05   14.82
  60699.920   110.607    14.97   13.81
  60987.588   113.811    11.14   12.19
  61275.276   114.679     3.02   10.30
  61562.984   112.465    -7.70   11.16
  61850.712   110.599    -6.49   11.78
  62138.460   108.026    -8.94   11.92
  62426.229   103.924   -14.26   11.71
  62714.018    99.011   -17.07    9.87
  63001.827    95.132   -13.48    8.93
  63289.657    92.512    -9.10    9.68
  63577.506    89.184   -11.57    9.91
  63865.376    84.654   -15.74    7.43
  64153.266    81.426   -11.21    4.73
  64441.177    80.021    -4.88    4.10
  64729.107    78.853    -4.06    3.82
  65017.058    78.375    -1.66    3.56
  65305.029    78.483     0.37    3.62
  65593.021    79.286     2.79    4.00
  65881.032    80.499     4.21    4.60
  66169.064    82.102     5.57    5.21
  66457.116    83.724     5.63    4.90
  66745.189    85.057     4.63    4.98
  67033.282    86.736     5.83    5.24
  67321.395    88.328     5.53    5.40
  67609.528    90.261     6.71    5.48
  67897.682    92.413     7.47    5.10
  68185.855    93.894     5.14    4.96
  68474.050    95.532     5.68    4.80
  68762.264    97.097     5.43    4.81
  69050.499    98.903     6.27    5.69
  69338.754   100.582     5.83    5.85
  69627.030   102.211     5.65    6.04
  69915.326   103.553     4.66    5.24
  70203.642   104.656     3.82    4.70
  70491.978   106.011     4.70    5.28
  70780.335   105.828    -0.63    5.18
  71068.712   105.552    -0.96    4.99
  71357.110   105.350    -0.70    5.37
  71645.528   104.945    -1.40    6.12
  71933.966   105.008     0.22    6.18
  72222.425   105.336     1.14    5.91
  72510.904   105.413     0.27    5.08
  72799.403   105.549     0.47    4.59
  73087.923   105.841     1.01    4.17
  73376.463   105.624    -0.75    4.28
  73665.024   105.999     1.30    4.36
  73953.605   105.323    -2.34    5.46
  74242.206   103.749    -5.45    6.16
  74530.828   102.236    -5.24    6.04
  74819.470   101.710    -1.82    6.42
  75108.132   102.084     1.30    6.21
  75396.815   102.122     0.13    5.48
  75685.519   101.717    -1.40    5.54
  75974.243   100.996    -2.50    6.65
  76262.987   100.108    -3.07    7.75
  76551.752    97.122   -10.34    9.60
  76840.537    92.886   -14.67   11.51
  77129.342    88.352   -15.70   12.95
  77418.168    83.374   -17.24   12.95
  77707.015    77.919   -18.89   12.07
  77995.882    73.411   -15.61   10.17
  78284.769    69.717   -12.79    8.40
  78573.677    67.039    -9.27    7.01
  78862.605    65.527    -5.23    6.64
  79151.554    63.249    -7.89    5.46
  79440.524    62.299    -3.29    4.93
  79729.513    61.679    -2.14    4.49
  80018.524    61.686     0.02    4.60
  80307.554    61.411    -0.95    4.74
  80596.606    61.286    -0.43    5.04
  80885.678    61.441     0.54    4.80
  81174.770    62.372     3.22    5.69
  81463.883    63.026     2.26    6.98
  81753.016    63.520     1.71    8.01
  82042.170    63.934     1.43    8.52
  82331.344    64.157     0.77    8.42
  82620.539    63.986    -0.59    8.37
  82909.755    64.679     2.40    9.08
  83198.991    64.661    -0.06    9.13
  83488.247    65.624     3.33    9.47
  83777.524    67.261     5.66    9.71
  84066.822    68.574     4.54    9.72
  84356.140    70.663     7.22    9.56
  84645.479    72.755     7.23    9.79
  84934.838    75.100     8.11   10.31
  85224.218    77.611     8.68   11.31
  85513.619    79.372     6.08   11.78
  85803.040    79.341    -0.11   11.67
  86092.482    80.091     2.59   10.72
  86381.944    80.302     0.73   10.23
  86671.427    81.326     3.54    9.67
  86960.930    81.894     1.96    9.27
  87250.454    83.649     6.06    9.91
  87539.999    85.693     7.06   10.10
  87829.564    88.641    10.18   10.56
  88119.150    92.019    11.67   10.03
  88408.757    94.878     9.87   10.47
  88698.384    97.532     9.17   10.32
  88988.032    99.824     7.91    9.96
  89277.700   102.186     8.16    8.48
  89567.389   104.364     7.52    8.06
  89857.099   106.355     6.87    7.85
  90146.830   107.973     5.59    7.81
  90436.581   110.518     8.78    8.00
  90726.353   113.224     9.34    6.86
  91016.145   113.878     2.26    6.10
  91305.958   113.036    -2.91    7.07
  91595.792   111.915    -3.87    8.05
  91885.646   111.007    -3.13    8.55
  92173.856   109.603    -4.87    9.32
  92459.358   108.903    -2.45    8.80
  92744.880   109.644     2.59    8.78
  93030.422   110.866     4.28    8.43
  93315.984   111.692     2.89    7.91
  93601.565   111.067    -2.19    8.51
  93887.167   111.736     2.34    8.15
  94172.788   112.328     2.07    8.06
  94458.429   110.616    -6.00    9.03
  94744.091   108.911    -5.97    9.41
  95029.772   108.339    -2.00    9.39
  95315.473   109.384     3.66    9.76
  95601.194   109.464     0.28    9.74
  95886.935   108.711    -2.63    9.53
  96172.696   109.063     1.23    9.10
  96458.477   109.174     0.39    8.79
  96744.277   106.561    -9.14   10.50
  97030.098   103.644   -10.21   10.25
  97315.939   101.961    -5.89    9.69
  97601.800   101.390    -2.00    9.17
  97887.680   101.950     1.96    9.00
  98173.581   102.749     2.79    8.72
  98459.501   105.591     9.94    9.29
  98745.442   107.236     5.76    9.41
  99031.403   109.636     8.39   10.61
  99317.383   111.416     6.22   11.54
  99603.384   113.605     7.65   11.80
  99889.404   116.366     9.66   11.52
 100175.445   117.829     5.11   10.75
 100461.506   119.029     4.20    9.98
 100747.586   119.989     3.36    9.25
 101033.687   121.249     4.40    9.28
 101319.808   123.537     8.00    9.86
 101605.948   125.434     6.63    9.93
 101892.109   128.768    11.65   10.51
 102178.290   133.965    18.16   10.75
 102464.491   138.409    15.53    9.97
 102750.711   141.932    12.31    8.55
 103036.952   143.916     6.93    7.41
 103323.213   144.052     0.48    8.13
 103609.494   141.999    -7.17    9.92
 103895.795   138.327   -12.83   11.74
 104182.116   135.057   -11.42   12.05
 104468.458   132.816    -7.82   10.51
 104754.819   131.841    -3.41    9.31
 105041.200   131.767    -0.26    8.48
 105327.602   133.036     4.43    8.69
 105614.023   136.140    10.84    8.37
 105900.465   138.323     7.62    8.37
 106186.927   139.446     3.92    8.47
 106473.409   140.651     4.21    8.33
 106759.911   139.569    -3.77    9.99
 107046.433   135.786   -13.21   12.57
 107332.975   130.522   -18.37   14.31
 107619.537   123.894   -23.13   14.84
 107906.120   117.544   -22.16   15.93
 108192.722   111.424   -21.36   16.78
 108479.345   104.499   -24.16   15.14
 108765.988    99.907   -16.02   12.43
 109052.651    98.520    -4.84   11.56
 109339.334    98.844     1.13   12.33
 109626.038   101.761    10.18   15.57
 109912.761   105.434    12.81   16.27
 110199.505   111.474    21.07   16.55
 110486.269   117.949    22.58   16.67
 110773.053   122.681    16.50   15.19
 111059.857   124.786     7.34   14.59
 111346.681   123.353    -5.00   14.77
 111633.526   120.470   -10.05   13.89
 111920.390   118.339    -7.43   13.71
 112207.275   116.553    -6.23   12.72
 112494.180   117.954     4.89   13.61
 112781.106   121.363    11.88   14.26
 113068.051   124.044     9.34   12.77
 113355.017   124.548     1.76   12.40
 113642.003   124.223    -1.13   11.43
 113929.009   123.374    -2.96   11.69
 114216.036   121.742    -5.68   12.44
 114503.082   118.899    -9.91   11.85
 114790.149   119.436     1.87   13.23
 115077.236   121.742     8.03   13.46
 115364.344   121.974     0.81   13.10
 115651.471   121.839    -0.47   12.87
 115938.619   122.336     1.73   12.43
 116225.787   124.831     8.69   12.96
 116512.976   124.536    -1.03   12.83
 116800.184   122.799    -6.05   13.35
 117087.413   119.856   -10.24   14.62
 117374.663   115.670   -14.57   16.52
 117661.932   110.106   -19.37   17.37
 117949.222   103.724   -22.22   14.88
 118236.532    98.102   -19.57   10.68
 118523.862    93.761   -15.11    8.51
 118811.213    90.411   -11.66    8.20
 119098.584    87.742    -9.29    7.73
 119385.975    85.841    -6.62    7.41
 119673.387    84.574    -4.41    7.56
 119960.819    83.949    -2.17    8.77
 120248.271    83.961     0.04   10.32
 120535.744    83.524    -1.52   10.88
 120823.237    81.983    -5.36   10.59
 121110.750    80.124    -6.47    9.19
 121398.284    78.420    -5.92    7.31
 121685.838    77.197    -4.26    5.51
 121973.412    76.108    -3.79    4.01
 122261.006    77.187     3.75    6.56
 122548.621    79.626     8.48    9.64
 122836.257    80.224     2.08   10.11
 123123.913    80.424     0.69   10.27
 123411.589    82.517     7.28   10.88
 123699.285    86.039    12.24   12.35
 123987.002    90.961    17.11   13.65
 124274.739    92.853     6.58   13.45
 124562.497    94.511     5.76   13.19
 124850.275    94.474    -0.13   13.43
 125138.074    92.515    -6.81   14.19
 125425.892    88.315   -14.59   14.19
 125713.732    83.039   -18.33   10.47
 126001.591    79.054   -13.84    4.11
 126289.472    78.569    -1.68    2.86
 126577.372    79.335     2.66    2.69
 126865.293    80.102     2.66    2.29
 127153.235    80.755     2.27    1.78
 127441.196    81.355     2.09    2.00
 127729.179    82.335     3.40    3.78
 128017.181    83.924     5.52    5.14
 128305.205    85.656     6.01    6.82
 128593.248    87.492     6.38    8.13
 128881.312    91.125    12.61   11.76
 129169.397    94.974    13.36   14.61
 129457.502    97.973    10.41   15.68
 129745.628   100.934    10.28   16.75
 130033.774   102.613     5.83   16.71
 130321.940   103.711     3.81   15.86
 130610.127   105.928     7.69   15.58
 130898.334   109.541    12.54   17.29
 131186.562   112.883    11.59   17.89
 131474.811   115.694     9.75   18.02
 131763.080   120.248    15.80   17.67
 132051.369   123.886    12.62   16.17
 132339.679   127.895    13.91   15.47
 132628.010   131.468    12.39   14.21
 132916.361   133.674     7.65   12.48
 133204.733   135.021     4.67   11.44
 133493.125   136.287     4.39   11.00
 133781.537   138.447     7.49   11.53
 134069.971   141.802    11.63   11.23
 134358.424   144.061     7.83   10.81
 134646.899   146.100     7.07    8.83
 134935.394   146.675     1.99    7.35
 135223.909   145.878    -2.76    7.63
 135512.445   143.336    -8.81    8.76
 135801.002   139.931   -11.80    8.96
 136089.579   136.136   -13.15    9.41
 136378.177   132.511   -12.56    9.26
 136666.795   128.384   -14.30    9.15
 136955.434   124.786   -12.47    8.07
 137244.094   121.742   -10.55    5.84
 137532.774   120.099    -5.69    4.01
 137821.474   119.394    -2.44    2.30
 138110.196   119.302    -0.32    1.81
 138398.938   119.544     0.84    1.78
 138687.700   120.236     2.40    1.93
 138976.484   121.407     4.05    2.57
 139265.287   122.686     4.43    2.97
 139554.112   124.924     7.75    5.37
 139842.957   128.323    11.77    8.35
 140131.823   131.699    11.69    9.20
 140420.709   133.958     7.82    8.50
 140709.616   135.124     4.04    8.08
 140998.544   135.799     2.34    8.01
 141287.492   135.594    -0.71    8.48
 141576.461   134.599    -3.45    8.59
 141865.451   133.489    -3.84    7.59
 142154.462   132.834    -2.27    6.98
 142443.493   132.223    -2.11    6.90
 142732.544   130.836    -4.80    6.99
 143021.617   129.358    -5.11    6.25
 143310.710   127.774    -5.48    4.84
 143599.824   127.049    -2.51    4.71
 143888.959   126.383    -2.30    4.53
 144178.114   125.249    -3.92    4.61
 144467.290   124.394    -2.96    5.23
 144756.487   123.249    -3.96    6.88
 145045.704   122.008    -4.29    8.15
 145334.942   120.502    -5.21    9.22
 145624.201   118.160    -8.10    9.93
 145913.481   116.069    -7.23   10.00
 146202.781   114.159    -6.60    9.60
 146492.102   111.945    -7.65    7.98
 146781.444   111.036    -3.14    6.91
 147070.807   110.310    -2.51    5.63
 147360.190   110.149    -0.56    4.72
 147649.594   111.036     3.07    4.64
 147939.019   112.858     6.30    5.50
 148228.465   114.878     6.98    6.81
 148517.931   117.091     7.65    8.60
 148807.419   119.670     8.91    9.93
 149096.927   121.464     6.20   10.28
 149386.456   122.799     4.61   10.34
 149676.005   121.965    -2.88   10.44
 149965.576   120.076    -6.52   10.57
 150255.167   117.335    -9.47   10.21
 150544.779   114.186   -10.87   10.16
 150834.412   112.446    -6.01    9.35
 151124.066   110.319    -7.34    8.46
 151413.740   108.041    -7.87    6.94
 151703.436   106.956    -3.75    6.03
 151993.152   106.829    -0.44    6.19
 152282.889   107.274     1.54    6.58
 152572.647   107.375     0.35    7.47
 152862.426   106.276    -3.80    8.34
 153152.226   105.223    -3.63    8.97
 153442.046   103.768    -5.02    9.49
 153731.887   101.046    -9.39    9.56
 154021.750    98.607    -8.42    9.46
 154308.558    95.895    -9.46    8.94
 154594.043    93.114    -9.74    8.24
 154879.549    90.055   -10.72    7.05
 155165.074    88.236    -6.37    6.81
 155450.620    86.333    -6.67    5.02
 155736.185    85.821    -1.79    4.79
 156021.771    85.505    -1.11    4.75
 156307.377    85.111    -1.38    3.91
