-284174.189    -2.279     0.00    0.00
-283884.437    -2.279     0.00    0.00
-283594.673    -2.279     0.00    0.00
-283304.894    -2.279     0.00    0.00
-283015.103    -2.279     0.00    0.00
-282725.297    -2.279     0.00    0.00
-282435.478    -2.279     0.00    0.00
-282145.645    -2.279     0.00    0.00
-281855.799    -2.279     0.00    0.00
-281565.939    -2.279     0.00    0.00
-281276.065    -2.279     0.00    0.00
-280986.178    -2.279     0.00    0.00
-280696.832    -2.279     0.00    0.00
-280409.832    -2.279     0.00    0.00
-280122.818    -2.279     0.00    0.00
-279835.792    -2.279     0.00    0.00
-279548.751    -2.279     0.00    0.00
-279261.698    -2.279     0.00    0.00
-278974.631    -2.279     0.00    0.00
-278687.551    -2.279     0.00    0.00
-278400.457    -2.279     0.00    0.00
-278113.350    -2.279     0.00    0.00
-277826.230    -2.279     0.00    0.00
-277539.097    -2.279     0.00    0.00
-277251.950    -2.279     0.00    0.00
-276964.789    -2.279     0.00    0.00
-276677.616    -2.279     0.00    0.00
-276390.429    -2.279     0.00    0.00
-276103.228    -2.279     0.00    0.00
-275816.015    -2.279     0.00    0.00
-275528.788    -2.279     0.00    0.00
-275241.547    -2.279     0.00    0.00
-274954.293    -2.279     0.00    0.00
-274667.026    -2.279     0.00    0.00
-274379.746    -2.279     0.00    0.00
-274092.452    -2.279     0.00    0.00
-273805.144    -2.279     0.00    0.00
-273517.824    -2.279     0.00    0.00
-273230.489    -2.279     0.00    0.00
-272943.142    -2.279     0.00    0.00
-272655.781    -2.279     0.00    0.00
-272368.407    -2.279     0.00    0.00
-272081.019    -2.279     0.00    0.00
-271793.618    -2.279     0.00    0.00
-271506.204    -2.279     0.00    0.00
-271218.776    -2.279     0.00    0.00
-270931.334    -2.279     0.00    0.00
-270643.880    -2.279     0.00    0.00
-270356.412    -2.279     0.00    0.00
-270068.930    -2.279     0.00    0.00
-269781.435    -2.279     0.00    0.00
-269493.927    -2.279     0.00    0.00
-269206.405    -2.279     0.00    0.00
-268918.870    -2.279     0.00    0.00
-268631.321    -2.279     0.00    0.00
-268343.759    -2.279     0.00    0.00
-268056.184    -2.279     0.00    0.00
-267768.595    -2.279     0.00    0.00
-267480.992    -2.279     0.00    0.00
-267193.377    -2.279     0.00    0.00
-266905.747    -2.279     0.00    0.00
-266618.105    -2.279     0.00    0.00
-266330.448    -2.279     0.00    0.00
-266042.779    -2.279     0.00    0.00
-265755.096    -2.279     0.00    0.00
-265467.399    -2.279     0.00    0.00
-265179.689    -2.279     0.00    0.00
-264891.966    -2.279     0.00    0.00
-264604.229    -2.279     0.00    0.00
-264316.479    -2.279     0.00    0.00
-264028.715    -2.279     0.00    0.00
-263740.938    -2.279     0.00    0.00
-263453.147    -2.279     0.00    0.00
-263165.342    -2.279     0.00    0.00
-262877.525    -2.279     0.00    0.00
-262589.694    -2.279     0.00    0.00
-262301.849    -2.279     0.00    0.00
-262013.991    -2.279     0.00    0.00
-261726.119    -2.279     0.00    0.00
-261438.234    -2.279     0.00    0.00
-261150.335    -2.279     0.00    0.00
-260862.423    -2.279     0.00    0.00
-260574.497    -2.279     0.00    0.00
-260286.558    -2.279     0.00    0.00
-259998.605    -2.279     0.00    0.00
-259710.639    -2.279     0.00    0.00
-259422.660    -2.279     0.00    0.00
-259134.666    -2.279     0.00    0.00
-258846.660    -2.279     0.00    0.00
-258558.639    -2.279     0.00    0.00
-258270.606    -2.279     0.00    0.00
-257982.558    -2.279     0.00    0.00
-257694.497    -2.279     0.00    0.00
-257406.423    -2.279     0.00    0.00
-257118.335    -2.279     0.00    0.00
-256830.234    -2.279     0.00    0.00
-256542.119    -2.279     0.00    0.00
-256253.990    -2.279     0.00    0.00
-255965.848    -2.279     0.00    0.00
-255677.693    -2.279     0.00    0.00
-255389.524    -2.279     0.00    0.00
-255101.341    -2.279     0.00    0.00
-254813.145    -2.279     0.00    0.00
-254524.935    -2.279     0.00    0.00
-254236.711    -2.279     0.00    0.00
-253948.475    -2.279     0.00    0.00
-253660.224    -2.279     0.00    0.00
-253371.960    -2.279     0.00    0.00
-253083.682    -2.279     0.00    0.00
-252795.391    -2.279     0.00    0.00
-252507.086    -2.279     0.00    0.00
-252218.768    -2.279     0.00    0.00
-251930.436    -2.279     0.00    0.00
-251642.091    -2.279     0.00    0.00
-251353.732    -2.279     0.00    0.00
-251065.359    -2.279     0.00    0.00
-250776.973    -2.279     0.00    0.00
-250488.573    -2.279     0.00    0.00
-250200.159    -2.279     0.00    0.00
-249911.732    -2.279     0.00    0.00
-249623.292    -2.279     0.00    0.00
-249334.837    -2.279     0.00    0.00
-249046.370    -2.279     0.00    0.00
-248757.888    -2.279     0.00    0.00
-248469.393    -2.279     0.00    0.00
-248180.884    -2.279     0.00    0.00
-247892.362    -2.279     0.00    0.00
-247603.826    -2.279     0.00    0.00
-247315.277    -2.279     0.00    0.00
-247026.713    -2.279     0.00    0.00
-246738.137    -2.279     0.00    0.00
-246449.546    -2.279     0.00    0.00
-246160.942    -2.279     0.00    0.00
-245872.324    -2.279     0.00    0.00
-245583.693    -2.279     0.00    0.00
-245295.048    -2.279     0.00    0.00
-245006.389    -2.279     0.00    0.00
-244717.717    -2.279     0.00    0.00
-244429.031    -2.279     0.00    0.00
-244140.332    -2.279     0.00    0.00
-243851.618    -2.279     0.00    0.00
-243562.892    -2.279     0.00    0.00
-243274.151    -2.279     0.00    0.00
-242985.397    -2.279     0.00    0.00
-242696.629    -2.279     0.00    0.00
-242407.847    -2.279     0.00    0.00
-242119.052    -2.279     0.00    0.00
-241830.243    -2.279     0.00    0.00
-241541.421    -2.279     0.00    0.00
-241252.585    -2.279     0.00    0.00
-240963.735    -2.279     0.00    0.00
-240674.871    -2.279     0.00    0.00
-240385.994    -2.279     0.00    0.00
-240097.103    -2.279     0.00    0.00
-239808.198    -2.279     0.00    0.00
-239519.280    -2.279     0.00    0.00
-239230.348    -2.279     0.00    0.00
-238941.402    -2.279     0.00    0.00
-238652.443    -2.279     0.00    0.00
-238363.470    -2.279     0.00    0.00
-238074.483    -2.279     0.00    0.00
-237785.482    -2.279     0.00    0.00
-237496.468    -2.279     0.00    0.00
-237207.440    -2.279     0.00    0.00
-236918.398    -2.279     0.00    0.00
-236629.343    -2.279     0.00    0.00
-236340.274    -2.279     0.00    0.00
-236051.191    -2.279     0.00    0.00
-235762.094    -2.279     0.00    0.00
-235472.984    -2.279     0.00    0.00
-235183.860    -2.279     0.00    0.00
-234894.722    -2.279     0.00    0.00
-234605.570    -2.279     0.00    0.00
-234316.405    -2.279     0.00    0.00
-234027.226    -2.279     0.00    0.00
-233738.033    -2.279     0.00    0.00
-233448.827    -2.279     0.00    0.00
-233159.606    -2.279     0.00    0.00
-232870.372    -2.279     0.00    0.00
-232581.125    -2.279     0.00    0.00
-232291.863    -2.279     0.00    0.00
-232002.588    -2.279     0.00    0.00
-231713.299    -2.279     0.00    0.00
-231423.996    -2.279     0.00    0.00
-231134.679    -2.279     0.00    0.00
-230845.349    -2.279     0.00    0.00
-230556.005    -2.279     0.00    0.00
-230266.647    -2.279     0.00    0.00
-229977.275    -2.279     0.00    0.00
-229687.889    -2.279     0.00    0.00
-229398.490    -2.279     0.00    0.00
-229109.077    -2.279     0.00    0.00
-228819.650    -2.279     0.00    0.00
-228530.209    -2.279     0.00    0.00
-228240.755    -2.279     0.00    0.00
-227951.287    -2.279     0.00    0.00
-227661.804    -2.279     0.00    0.00
-227372.309    -2.279     0.00    0.00
-227082.799    -2.279     0.00    0.00
-226793.275    -2.279     0.00    0.00
-226503.738    -2.279     0.00    0.00
-226214.187    -2.279     0.00    0.00
-225924.622    -2.279     0.00    0.00
-225635.043    -2.279     0.00    0.00
-225345.451    -2.279     0.00    0.00
-225055.844    -2.279     0.00    0.00
-224766.224    -2.279     0.00    0.00
-224476.590    -2.279     0.00    0.00
-224186.942    -2.279     0.00    0.00
-223897.280    -2.279     0.00    0.00
-223607.604    -2.279     0.00    0.00
-223317.915    -2.279     0.00    0.00
-223028.212    -2.279     0.00    0.00
-222738.494    -2.279     0.00    0.00
-222448.763    -2.279     0.00    0.00
-222159.019    -2.279     0.00    0.00
-221869.260    -2.279     0.00    0.00
-221579.487    -2.279     0.00    0.00
-221289.701    -2.279     0.00    0.00
-220999.900    -2.279     0.00    0.00
-220710.086    -2.279     0.00    0.00
-220420.258    -2.279     0.00    0.00
-220130.416    -2.279     0.00    0.00
-219840.560    -2.279     0.00    0.00
-219550.691    -2.279     0.00    0.00
-219260.807    -2.279     0.00    0.00
-218970.910    -2.279     0.00    0.00
-218680.998    -2.279     0.00    0.00
-218393.216    -2.279     0.00    0.00
-218106.245    -2.279     0.00    0.00
-217819.261    -2.279     0.00    0.00
-217532.263    -2.279     0.00    0.00
-217245.251    -2.279     0.00    0.00
-216958.226    -2.279     0.00    0.00
-216671.187    -2.279     0.00    0.00
-216384.135    -2.279     0.00    0.00
-216097.069    -2.279     0.00    0.00
-215809.989    -2.279     0.00    0.00
-215522.896    -2.279     0.00    0.00
-215235.789    -2.279     0.00    0.00
-214948.669    -2.279     0.00    0.00
-214661.535    -2.279     0.00    0.00
-214374.388    -2.279     0.00    0.00
-214087.226    -2.279     0.00    0.00
-213800.052    -2.279     0.00    0.00
-213512.863    -2.279     0.00    0.00
-213225.661    -2.279     0.00    0.00
-212938.446    -2.279     0.00    0.00
-212651.217    -2.279     0.00    0.00
-212363.974    -2.279     0.00    0.00
-212076.717    -2.279     0.00    0.00
-211789.447    -2.279     0.00    0.00
-211502.164    -2.279     0.00    0.00
-211214.867    -2.279     0.00    0.00
-210927.556    -2.279     0.00    0.00
-210640.231    -2.279     0.00    0.00
-210352.893    -2.279     0.00    0.00
-210065.541    -2.279     0.00    0.00
-209778.176    -2.279     0.00    0.00
-209490.797    -2.279     0.00    0.00
-209203.404    -2.279     0.00    0.00
-208915.998    -2.279     0.00    0.00
-208628.577    -2.279     0.00    0.00
-208341.144    -2.279     0.00    0.00
-208053.696    -2.279     0.00    0.00
-207766.235    -2.279     0.00    0.00
-207478.761    -2.279     0.00    0.00
-207191.273    -2.279     0.00    0.00
-206903.771    -2.279     0.00    0.00
-206616.255    -2.279     0.00    0.00
-206328.726    -2.279     0.00    0.00
-206041.183    -2.279     0.00    0.00
-205753.626    -2.279     0.00    0.00
-205466.056    -2.279     0.00    0.00
-205178.471    -2.279     0.00    0.00
-204890.874    -2.279     0.00    0.00
-204603.262    -2.279     0.00    0.00
-204315.637    -2.279     0.00    0.00
-204027.998    -2.279     0.00    0.00
-203740.346    -2.279     0.00    0.00
-203452.680    -2.279     0.00    0.00
-203165.000    -2.279     0.00    0.00
-202877.306    -2.279     0.00    0.00
-202589.599    -2.279     0.00    0.00
-202301.878    -2.279     0.00    0.00
-202014.143    -2.279     0.00    0.00
-201726.395    -2.279     0.00    0.00
-201438.633    -2.279     0.00    0.00
-201150.857    -2.279     0.00    0.00
-200863.067    -2.279     0.00    0.00
-200575.264    -2.279     0.00    0.00
-200287.447    -2.279     0.00    0.00
-199999.616    -2.279     0.00    0.00
-199711.772    -2.279     0.00    0.00
-199423.914    -2.279     0.00    0.00
-199136.042    -2.279     0.00    0.00
-198848.156    -2.279     0.00    0.00
-198560.256    -2.279     0.00    0.00
-198272.343    -2.279     0.00    0.00
-197984.416    -2.279     0.00    0.00
-197696.476    -2.279     0.00    0.00
-197408.521    -2.279     0.00    0.00
-197120.553    -2.279     0.00    0.00
-196832.571    -2.279     0.00    0.00
-196544.575    -2.279     0.00    0.00
-196256.566    -2.279     0.00    0.00
-195968.542    -2.279     0.00    0.00
-195680.505    -2.279     0.00    0.00
-195392.455    -2.279     0.00    0.00
-195104.390    -2.279     0.00    0.00
-194816.312    -2.279     0.00    0.00
-194528.220    -2.279     0.00    0.00
-194240.114    -2.279     0.00    0.00
-193951.994    -2.279     0.00    0.00
-193663.860    -2.279     0.00    0.00
-193375.713    -2.279     0.00    0.00
-193087.552    -2.279     0.00    0.00
-192799.377    -2.279     0.00    0.00
-192511.189    -2.279     0.00    0.00
-192222.986    -2.279     0.00    0.00
-191934.770    -2.279     0.00    0.00
-191646.540    -2.279     0.00    0.00
-191358.296    -2.279     0.00    0.00
-191070.038    -2.279     0.00    0.00
-190781.767    -2.279     0.00    0.00
-190493.481    -2.279     0.00    0.00
-190205.182    -2.279     0.00    0.00
-189916.869    -2.279     0.00    0.00
-189628.542    -2.279     0.00    0.00
-189340.202    -2.279     0.00    0.00
-189051.847    -2.279     0.00    0.00
-188763.479    -2.279     0.00    0.00
-188475.097    -2.279     0.00    0.00
-188186.701    -2.279     0.00    0.00
-187898.291    -2.279     0.00    0.00
-187609.867    -2.279     0.00    0.00
-187321.430    -2.279     0.00    0.00
-187032.978    -2.279     0.00    0.00
-186744.513    -2.279     0.00    0.00
-186456.034    -2.279     0.00    0.00
-186167.541    -2.279     0.00    0.00
-185879.034    -2.279     0.00    0.00
-185590.514    -2.279     0.00    0.00
-185301.979    -2.279     0.00    0.00
-185013.431    -2.279     0.00    0.00
-184724.868    -2.279     0.00    0.00
-184436.292    -2.279     0.00    0.00
-184147.702    -2.279     0.00    0.00
-183859.098    -2.279     0.00    0.00
-183570.481    -2.279     0.00    0.00
-183281.849    -2.279     0.00    0.00
-182993.203    -2.279     0.00    0.00
-182704.544    -2.279     0.00    0.00
-182415.870    -2.279     0.00    0.00
-182127.183    -2.279     0.00    0.00
-181838.482    -2.279     0.00    0.00
-181549.767    -2.279     0.00    0.00
-181261.038    -2.279     0.00    0.00
-180972.295    -2.279     0.00    0.00
-180683.539    -2.279     0.00    0.00
-180394.768    -2.279     0.00    0.00
-180105.983    -2.279     0.00    0.00
-179817.185    -2.279     0.00    0.00
-179528.372    -2.279     0.00    0.00
-179239.546    -2.279     0.00    0.00
-178950.706    -2.279     0.00    0.00
-178661.851    -2.279     0.00    0.00
-178372.983    -2.279     0.00    0.00
-178084.101    -2.279     0.00    0.00
-177795.205    -2.279     0.00    0.00
-177506.295    -2.279     0.00    0.00
-177217.371    -2.279     0.00    0.00
-176928.434    -2.279     0.00    0.00
-176639.482    -2.279     0.00    0.00
-176350.516    -2.279     0.00    0.00
-176061.536    -2.279     0.00    0.00
-175772.543    -2.279     0.00    0.00
-175483.535    -2.279     0.00    0.00
-175194.514    -2.279     0.00    0.00
-174905.478    -2.279     0.00    0.00
-174616.429    -2.279     0.00    0.00
-174327.365    -2.279     0.00    0.00
-174038.288    -2.279     0.00    0.00
-173749.196    -2.279     0.00    0.00
-173460.091    -2.279     0.00    0.00
-173170.971    -2.279     0.00    0.00
-172881.838    -2.279     0.00    0.00
-172592.691    -2.279     0.00    0.00
-172303.529    -2.279     0.00    0.00
-172014.354    -2.279     0.00    0.00
-171725.165    -2.279     0.00    0.00
-171435.962    -2.279     0.00    0.00
-171146.744    -2.279     0.00    0.00
-170857.513    -2.279     0.00    0.00
-170568.268    -2.279     0.00    0.00
-170279.008    -2.279     0.00    0.00
-169989.735    -2.279     0.00    0.00
-169700.448    -2.279     0.00    0.00
-169411.146    -2.279     0.00    0.00
-169121.831    -2.279     0.00    0.00
-168832.501    -2.279     0.00    0.00
-168543.158    -2.279     0.00    0.00
-168253.801    -2.279     0.00    0.00
-167964.429    -2.279     0.00    0.00
-167675.043    -2.279     0.00    0.00
-167385.644    -2.279     0.00    0.00
-167096.230    -2.279     0.00    0.00
-166806.803    -2.279     0.00    0.00
-166517.361    -2.279     0.00    0.00
-166227.905    -2.279     0.00    0.00
-165938.436    -2.279     0.00    0.00
-165648.952    -2.279     0.00    0.00
-165359.454    -2.279     0.00    0.00
-165069.942    -2.279     0.00    0.00
-164780.416    -2.279     0.00    0.00
-164490.876    -2.279     0.00    0.00
-164201.322    -2.279     0.00    0.00
-163911.754    -2.279     0.00    0.00
-163622.171    -2.279     0.00    0.00
-163332.575    -2.279     0.00    0.00
-163042.964    -2.279     0.00    0.00
-162753.340    -2.279     0.00    0.00
-162463.701    -2.279     0.00    0.00
-162174.049    -2.279     0.00    0.00
-161884.382    -2.279     0.00    0.00
-161594.701    -2.279     0.00    0.00
-161305.006    -2.279     0.00    0.00
-161015.297    -2.279     0.00    0.00
-160725.574    -2.279     0.00    0.00
-160435.837    -2.279     0.00    0.00
-160146.086    -2.279     0.00    0.00
-159856.320    -2.279     0.00    0.00
-159566.541    -2.279     0.00    0.00
-159276.747    -2.279     0.00    0.00
-158986.939    -2.279     0.00    0.00
-158697.117    -2.279     0.00    0.00
-158407.281    -2.279     0.00    0.00
-158117.431    -2.279     0.00    0.00
-157827.567    -2.279     0.00    0.00
-157537.688    -2.279     0.00    0.00
-157247.796    -2.279     0.00    0.00
-156957.889    -2.279     0.00    0.00
-156667.968    -2.279     0.00    0.00
-156378.785    -2.279     0.00    0.00
-156091.862    -2.279     0.00    0.00
-155804.925    -2.279     0.00    0.00
-155517.974    -2.279     0.00    0.00
-155231.009    -2.279     0.00    0.00
-154944.030    -2.279     0.00    0.00
-154657.038    -2.279     0.00    0.00
-154370.032    -2.279     0.00    0.00
-154083.012    -2.279     0.00    0.00
-153795.978    -2.279     0.00    0.00
-153508.931    -2.279     0.00    0.00
-153221.869    -2.279     0.00    0.00
-152934.794    -2.279     0.00    0.00
-152647.705    -2.279     0.00    0.00
-152360.602    -2.279     0.00    0.00
-152073.485    -2.279     0.00    0.00
-151786.354    -2.279     0.00    0.00
-151499.210    -2.279     0.00    0.00
-151212.052    -2.279     0.00    0.00
-150924.879    -2.279     0.00    0.00
-150637.693    -2.279     0.00    0.00
-150350.493    -2.279     0.00    0.00
-150063.280    -2.279     0.00    0.00
-149776.052    -2.279     0.00    0.00
-149488.811    -2.279     0.00    0.00
-149201.555    -2.279     0.00    0.00
-148914.286    -2.279     0.00    0.00
-148627.003    -2.279     0.00    0.00
-148339.706    -2.279     0.00    0.00
-148052.396    -2.279     0.00    0.00
-147765.071    -2.279     0.00    0.00
-147477.732    -2.279     0.00    0.00
-147190.380    -2.279     0.00    0.00
-146903.014    -2.279     0.00    0.00
-146615.633    -2.279     0.00    0.00
-146328.239    -2.279     0.00    0.00
-146040.831    -2.279     0.00    0.00
-145753.409    -2.279     0.00    0.00
-145465.974    -2.279     0.00    0.00
-145178.524    -2.279     0.00    0.00
-144891.060    -2.279     0.00    0.00
-144603.583    -2.279     0.00    0.00
-144316.091    -2.279     0.00    0.00
-144028.586    -2.279     0.00    0.00
-143741.067    -2.279     0.00    0.00
-143453.534    -2.279     0.00    0.00
-143165.986    -2.279     0.00    0.00
-142878.425    -2.279     0.00    0.00
-142590.851    -2.279     0.00    0.00
-142303.262    -2.279     0.00    0.00
-142015.659    -2.279     0.00    0.00
-141728.042    -2.279     0.00    0.00
-141440.411    -2.279     0.00    0.00
-141152.767    -2.279     0.00    0.00
-140865.108    -2.279     0.00    0.00
-140577.436    -2.279     0.00    0.00
-140289.749    -2.279     0.00    0.00
-140002.049    -2.279     0.00    0.00
-139714.335    -2.279     0.00    0.00
-139426.606    -2.279     0.00    0.00
-139138.864    -2.279     0.00    0.00
-138851.108    -2.279     0.00    0.00
-138563.338    -2.279     0.00    0.00
-138275.553    -2.279     0.00    0.00
-137987.755    -2.279     0.00    0.00
-137699.943    -2.279     0.00    0.00
-137412.117    -2.279     0.00    0.00
-137124.277    -2.279     0.00    0.00
-136836.423    -2.279     0.00    0.00
-136548.555    -2.279     0.00    0.00
-136260.673    -2.279     0.00    0.00
-135972.777    -2.279     0.00    0.00
-135684.867    -2.279     0.00    0.00
-135396.943    -2.279     0.00    0.00
-135109.005    -2.279     0.00    0.00
-134821.053    -2.279     0.00    0.00
-134533.087    -2.279     0.00    0.00
-134245.107    -2.279     0.00    0.00
-133957.113    -2.279     0.00    0.00
-133669.105    -2.279     0.00    0.00
-133381.083    -2.279     0.00    0.00
-133093.047    -2.279     0.00    0.00
-132804.997    -2.279     0.00    0.00
-132516.933    -2.279     0.00    0.00
-132228.855    -2.279     0.00    0.00
-131940.763    -2.279     0.00    0.00
-131652.657    -2.279     0.00    0.00
-131364.536    -2.279     0.00    0.00
-131076.402    -2.279     0.00    0.00
-130788.254    -2.279     0.00    0.00
-130500.092    -2.279     0.00    0.00
-130211.915    -2.279     0.00    0.00
-129923.725    -2.279     0.00    0.00
-129635.520    -2.279     0.00    0.00
-129347.302    -2.279     0.00    0.00
-129059.069    -2.279     0.00    0.00
-128770.823    -2.279     0.00    0.00
-128482.562    -2.279     0.00    0.00
-128194.287    -2.279     0.00    0.00
-127905.999    -2.279     0.00    0.00
-127617.696    -2.279     0.00    0.00
-127329.379    -2.279     0.00    0.00
-127041.048    -2.279     0.00    0.00
-126752.703    -2.279     0.00    0.00
-126464.344    -2.279     0.00    0.00
-126175.970    -2.279     0.00    0.00
-125887.583    -2.279     0.00    0.00
-125599.182    -2.279     0.00    0.00
-125310.766    -2.279     0.00    0.00
-125022.337    -2.279     0.00    0.00
-124733.893    -2.279     0.00    0.00
-124445.435    -2.279     0.00    0.00
-124156.963    -2.279     0.00    0.00
-123868.477    -2.279     0.00    0.00
-123579.977    -2.279     0.00    0.00
-123291.463    -2.279     0.00    0.00
-123002.934    -2.279     0.00    0.00
-122714.392    -2.279     0.00    0.00
-122425.835    -2.279     0.00    0.00
-122137.265    -2.279     0.00    0.00
-121848.680    -2.279     0.00    0.00
-121560.081    -2.279     0.00    0.00
-121271.468    -2.279     0.00    0.00
-120982.841    -2.279     0.00    0.00
-120694.200    -2.279     0.00    0.00
-120405.544    -2.279     0.00    0.00
-120116.874    -2.279     0.00    0.00
-119828.191    -2.279     0.00    0.00
-119539.493    -2.279     0.00    0.00
-119250.781    -2.279     0.00    0.00
-118962.055    -2.279     0.00    0.00
-118673.314    -2.279     0.00    0.00
-118384.560    -2.279     0.00    0.00
-118095.791    -2.279     0.00    0.00
-117807.008    -2.279     0.00    0.00
-117518.211    -2.279     0.00    0.00
-117229.400    -2.279     0.00    0.00
-116940.575    -2.279     0.00    0.00
-116651.735    -2.279     0.00    0.00
-116362.882    -2.279     0.00    0.00
-116074.014    -2.279     0.00    0.00
-115785.132    -2.279     0.00    0.00
-115496.236    -2.279     0.00    0.00
-115207.325    -2.279     0.00    0.00
-114918.401    -2.279     0.00    0.00
-114629.462    -2.279     0.00    0.00
-114340.509    -2.279     0.00    0.00
-114051.542    -2.279     0.00    0.00
-113762.560    -2.279     0.00    0.00
-113473.565    -2.279     0.00    0.00
-113184.555    -2.279     0.00    0.00
-112895.531    -2.279     0.00    0.00
-112606.493    -2.279     0.00    0.00
-112317.440    -2.279     0.00    0.00
-112028.374    -2.279     0.00    0.00
-111739.293    -2.279     0.00    0.00
-111450.198    -2.279     0.00    0.00
-111161.088    -2.279     0.00    0.00
-110871.965    -2.279     0.00    0.00
-110582.827    -2.279     0.00    0.00
-110293.675    -2.279     0.00    0.00
-110004.509    -2.279     0.00    0.00
-109715.328    -2.279     0.00    0.00
-109426.134    -2.279     0.00    0.00
-109136.925    -2.279     0.00    0.00
-108847.702    -2.279     0.00    0.00
-108558.464    -2.279     0.00    0.00
-108269.212    -2.279     0.00    0.00
-107979.946    -2.279     0.00    0.00
-107690.666    -2.279     0.00    0.00
-107401.372    -2.279     0.00    0.00
-107112.063    -2.279     0.00    0.00
-106822.740    -2.279     0.00    0.00
-106533.403    -2.279     0.00    0.00
-106244.051    -2.279     0.00    0.00
-105954.685    -2.279     0.00    0.00
-105665.305    -2.279     0.00    0.00
-105375.911    -2.279     0.00    0.00
-105086.502    -2.279     0.00    0.00
-104797.079    -2.279     0.00    0.00
-104507.642    -2.279     0.00    0.00
-104218.190    -2.279     0.00    0.00
-103928.724    -2.279     0.00    0.00
-103639.244    -2.279     0.00    0.00
-103349.750    -2.279     0.00    0.00
-103060.241    -2.279     0.00    0.00
-102770.718    -2.279     0.00    0.00
-102481.181    -2.279     0.00    0.00
-102191.629    -2.279     0.00    0.00
-101902.063    -2.279     0.00    0.00
-101612.483    -2.279     0.00    0.00
-101322.888    -2.279     0.00    0.00
-101033.279    -2.279     0.00    0.00
-100743.656    -2.279     0.00    0.00
-100454.018    -2.279     0.00    0.00
-100164.366    -2.279     0.00    0.00
 -99874.700    -2.279     0.00    0.00
 -99585.019    -2.279     0.00    0.00
 -99295.324    -2.279     0.00    0.00
 -99005.615    -2.279     0.00    0.00
 -98715.891    -2.279     0.00    0.00
 -98426.153    -2.279     0.00    0.00
 -98136.401    -2.279     0.00    0.00
 -97846.634    -2.279     0.00    0.00
 -97556.853    -2.279     0.00    0.00
 -97267.058    -2.279     0.00    0.00
 -96977.248    -2.279     0.00    0.00
 -96687.424    -2.279     0.00    0.00
 -96397.585    -2.279     0.00    0.00
 -96107.732    -2.279     0.00    0.00
 -95817.865    -2.279     0.00    0.00
 -95527.983    -2.279     0.00    0.00
 -95238.087    -2.279     0.00    0.00
 -94948.177    -2.279     0.00    0.00
 -94658.252    -2.279     0.00    0.00
 -94368.313    -2.279     0.00    0.00
 -94080.714    -2.279     0.00    0.00
 -93793.822    -2.279     0.00    0.00
 -93506.915    -2.279     0.00    0.00
 -93219.994    -2.279     0.00    0.00
 -92933.058    -2.279     0.00    0.00
 -92646.109    -2.279     0.00    0.00
 -92359.146    -2.279     0.00    0.00
 -92072.169    -2.279     0.00    0.00
 -91785.178    -2.279     0.00    0.00
 -91498.172    -2.279     0.00    0.00
 -91211.153    -2.279     0.00    0.00
 -90924.119    -2.279     0.00    0.00
 -90637.072    -2.279     0.00    0.00
 -90350.010    -2.279     0.00    0.00
 -90062.935    -2.279     0.00    0.00
 -89775.845    -2.279     0.00    0.00
 -89488.741    -2.279     0.00    0.00
 -89201.623    -2.279     0.00    0.00
 -88914.491    -2.279     0.00    0.00
 -88627.345    -2.279     0.00    0.00
 -88340.185    -2.279     0.00    0.00
 -88053.010    -2.279     0.00    0.00
 -87765.822    -2.279     0.00    0.00
 -87478.620    -2.279     0.00    0.00
 -87191.403    -2.279     0.00    0.00
 -86904.172    -2.279     0.00    0.00
 -86616.928    -2.279     0.00    0.00
 -86329.669    -2.279     0.00    0.00
 -86042.396    -2.279     0.00    0.00
 -85755.108    -2.279     0.00    0.00
 -85467.807    -2.279     0.00    0.00
 -85180.492    -2.279     0.00    0.00
 -84893.162    -2.279     0.00    0.00
 -84605.819    -2.279     0.00    0.00
 -84318.461    -2.279     0.00    0.00
 -84031.089    -2.279     0.00    0.00
 -83743.703    -2.279     0.00    0.00
 -83456.303    -2.279     0.00    0.00
 -83168.889    -2.279     0.00    0.00
 -82881.460    -2.279     0.00    0.00
 -82594.018    -2.279     0.00    0.00
 -82306.561    -2.279     0.00    0.00
 -82019.090    -2.279     0.00    0.00
 -81731.605    -2.279     0.00    0.00
 -81444.106    -2.279     0.00    0.00
 -81156.592    -2.279     0.00    0.00
 -80869.065    -2.279     0.00    0.00
 -80581.523    -2.279     0.00    0.00
 -80293.967    -2.279     0.00    0.00
 -80006.397    -2.279     0.00    0.00
 -79718.813    -2.279     0.00    0.00
 -79431.215    -2.279     0.00    0.00
 -79143.602    -2.279     0.00    0.00
 -78855.975    -2.279     0.00    0.00
 -78568.334    -2.279     0.00    0.00
 -78280.679    -2.279     0.00    0.00
 -77993.010    -2.279     0.00    0.00
 -77705.327    -2.279     0.00    0.00
 -77417.629    -2.279     0.00    0.00
 -77129.917    -2.279     0.00    0.00
 -76842.191    -2.279     0.00    0.00
 -76554.451    -2.279     0.00    0.00
 -76266.696    -2.279     0.00    0.00
 -75978.927    -2.279     0.00    0.00
 -75691.145    -2.279     0.00    0.00
 -75403.347    -2.279     0.00    0.00
 -75115.536    -2.279     0.00    0.00
 -74827.711    -2.279     0.00    0.00
 -74539.871    -2.279     0.00    0.00
 -74252.017    -2.279     0.00    0.00
 -73964.149    -2.279     0.00    0.00
 -73676.266    -2.279     0.00    0.00
 -73388.369    -2.279     0.00    0.00
 -73100.458    -2.279     0.00    0.00
 -72812.533    -2.279     0.00    0.00
 -72524.594    -2.279     0.00    0.00
 -72236.640    -2.279     0.00    0.00
 -71948.672    -2.279     0.00    0.00
 -71660.690    -2.279     0.00    0.00
 -71372.694    -2.279     0.00    0.00
 -71084.683    -2.279     0.00    0.00
 -70796.658    -2.279     0.00    0.00
 -70508.619    -2.279     0.00    0.00
 -70220.565    -2.279     0.00    0.00
 -69932.498    -2.279     0.00    0.00
 -69644.416    -2.279     0.00    0.00
 -69356.319    -2.279     0.00    0.00
 -69068.209    -2.279     0.00    0.00
 -68780.084    -2.279     0.00    0.00
 -68491.945    -2.279     0.00    0.00
 -68203.791    -2.279     0.00    0.00
 -67915.624    -2.279     0.00    0.00
 -67627.442    -2.279     0.00    0.00
 -67339.245    -2.279     0.00    0.00
 -67051.035    -2.279     0.00    0.00
 -66762.810    -2.279     0.00    0.00
 -66474.571    -2.279     0.00    0.00
 -66186.317    -2.279     0.00    0.00
 -65898.050    -2.279     0.00    0.00
 -65609.768    -2.279     0.00    0.00
 -65321.471    -2.279     0.00    0.00
 -65033.160    -2.279     0.00    0.00
 -64744.835    -2.279     0.00    0.00
 -64456.496    -2.279     0.00    0.00
 -64168.142    -2.279     0.00    0.00
 -63879.774    -2.279     0.00    0.00
 -63591.392    -2.279     0.00    0.00
 -63302.995    -2.279     0.00    0.00
 -63014.584    -2.279     0.00    0.00
 -62726.159    -2.279     0.00    0.00
 -62437.719    -2.279     0.00    0.00
 -62149.265    -2.279     0.00    0.00
 -61860.797    -2.279     0.00    0.00
 -61572.314    -2.279     0.00    0.00
 -61283.817    -2.279     0.00    0.00
 -60995.306    -2.279     0.00    0.00
 -60706.780    -2.279     0.00    0.00
 -60418.240    -2.279     0.00    0.00
 -60129.685    -2.279     0.00    0.00
 -59841.117    -2.279     0.00    0.00
 -59552.533    -2.279     0.00    0.00
 -59263.936    -2.279     0.00    0.00
 -58975.324    -2.279     0.00    0.00
 -58686.697    -2.279     0.00    0.00
 -58398.057    -2.279     0.00    0.00
 -58109.402    -2.279     0.00    0.00
 -57820.732    -2.279     0.00    0.00
 -57532.048    -2.279     0.00    0.00
 -57243.350    -2.279     0.00    0.00
 -56954.637    -2.279     0.00    0.00
 -56665.910    -2.279     0.00    0.00
 -56377.169    -2.279     0.00    0.00
 -56088.413    -2.279     0.00    0.00
 -55799.643    -2.279     0.00    0.00
 -55510.858    -2.279     0.00    0.00
 -55222.059    -2.279     0.00    0.00
 -54933.245    -2.279     0.00    0.00
 -54644.417    -2.279     0.00    0.00
 -54355.575    -2.279     0.00    0.00
 -54066.718    -2.279     0.00    0.00
 -53777.847    -2.279     0.00    0.00
 -53488.961    -2.279     0.00    0.00
 -53200.061    -2.279     0.00    0.00
 -52911.147    -2.279     0.00    0.00
 -52622.218    -2.279     0.00    0.00
 -52333.275    -2.279     0.00    0.00
 -52044.317    -2.279     0.00    0.00
 -51755.345    -2.279     0.00    0.00
 -51466.358    -2.279     0.00    0.00
 -51177.357    -2.279     0.00    0.00
 -50888.341    -2.279     0.00    0.00
 -50599.311    -2.279     0.00    0.00
 -50310.267    -2.279     0.00    0.00
 -50021.208    -2.279     0.00    0.00
 -49732.134    -2.279     0.00    0.00
 -49443.046    -2.279     0.00    0.00
 -49153.944    -2.279     0.00    0.00
 -48864.827    -2.279     0.00    0.00
 -48575.696    -2.279     0.00    0.00
 -48286.550    -2.279     0.00    0.00
 -47997.390    -2.279     0.00    0.00
 -47708.215    -2.279     0.00    0.00
 -47419.026    -2.279     0.00    0.00
 -47129.822    -2.279     0.00    0.00
 -46840.604    -2.279     0.00    0.00
 -46551.371    -2.279     0.00    0.00
 -46262.124    -2.279     0.00    0.00
 -45972.862    -2.279     0.00    0.00
 -45683.586    -2.279     0.00    0.00
 -45394.295    -2.279     0.00    0.00
 -45104.990    -2.279     0.00    0.00
 -44815.670    -2.279     0.00    0.00
 -44526.336    -2.279     0.00    0.00
 -44236.987    -2.279     0.00    0.00
 -43947.624    -2.279     0.00    0.00
 -43658.246    -2.279     0.00    0.00
 -43368.854    -2.279     0.00    0.00
 -43079.447    -2.279     0.00    0.00
 -42790.025    -2.279     0.00    0.00
 -42500.589    -2.279     0.00    0.00
 -42211.139    -2.279     0.00    0.00
 -41921.674    -2.279     0.00    0.00
 -41632.194    -2.279     0.00    0.00
 -41342.700    -2.279     0.00    0.00
 -41053.191    -2.279     0.00    0.00
 -40763.668    -2.279     0.00    0.00
 -40474.130    -2.279     0.00    0.00
 -40184.578    -2.279     0.00    0.00
 -39895.011    -2.279     0.00    0.00
 -39605.429    -2.279     0.00    0.00
 -39315.833    -2.279     0.00    0.00
 -39026.223    -2.279     0.00    0.00
 -38736.598    -2.279     0.00    0.00
 -38446.958    -2.279     0.00    0.00
 -38157.304    -2.279     0.00    0.00
 -37867.635    -2.279     0.00    0.00
 -37577.951    -2.279     0.00    0.00
 -37288.253    -2.279     0.00    0.00
 -36998.540    -2.279     0.00    0.00
 -36708.813    -2.279     0.00    0.00
 -36419.071    -2.279     0.00    0.00
 -36129.315    -2.279     0.00    0.00
 -35839.544    -2.279     0.00    0.00
 -35549.758    -2.279     0.00    0.00
 -35259.958    -2.279     0.00    0.00
 -34970.143    -2.279     0.00    0.00
 -34680.313    -2.279     0.00    0.00
 -34390.469    -2.279     0.00    0.00
 -34100.610    -2.279     0.00    0.00
 -33810.737    -2.279     0.00    0.00
 -33520.849    -2.279     0.00    0.00
 -33230.946    -2.279     0.00    0.00
 -32941.029    -2.279     0.00    0.00
 -32651.097    -2.279     0.00    0.00
 -32361.151    -2.279     0.00    0.00
 -32072.055    -2.279     0.00    0.00
 -31785.208    -2.279     0.00    0.00
 -31498.346    -2.279     0.00    0.00
 -31211.471    -2.279     0.00    0.00
 -30924.580    -2.279     0.00    0.00
 -30637.676    -2.279     0.00    0.00
 -30350.757    -2.279     0.00    0.00
 -30063.824    -2.279     0.00    0.00
 -29776.877    -2.279     0.00    0.00
 -29489.915    -2.279     0.00    0.00
 -29202.939    -2.279     0.00    0.00
 -28915.949    -2.279     0.00    0.00
 -28628.945    -2.279     0.00    0.00
 -28341.926    -2.279     0.00    0.00
 -28054.893    -2.279     0.00    0.00
 -27767.845    -2.279     0.00    0.00
 -27480.783    -2.279     0.00    0.00
 -27193.707    -2.279     0.00    0.00
 -26906.617    -2.279     0.00    0.00
 -26619.512    -2.279     0.00    0.00
 -26332.393    -2.279     0.00    0.00
 -26045.260    -2.279     0.00    0.00
 -25758.112    -2.279     0.00    0.00
 -25470.950    -2.279     0.00    0.00
 -25183.774    -2.279     0.00    0.00
 -24896.583    -2.279     0.00    0.00
 -24609.378    -2.279     0.00    0.00
 -24322.158    -2.279     0.00    0.00
 -24034.925    -2.279     0.00    0.00
 -23747.677    -2.279     0.00    0.00
 -23460.414    -2.279     0.00    0.00
 -23173.137    -2.279     0.00    0.00
 -22885.846    -2.279     0.00    0.00
 -22598.540    -2.279     0.00    0.00
 -22311.221    -2.279     0.00    0.00
 -22023.886    -2.279     0.00    0.00
 -21736.538    -2.279     0.00    0.00
 -21449.175    -2.279     0.00    0.00
 -21161.797    -2.279     0.00    0.00
 -20874.405    -2.279     0.00    0.00
 -20586.999    -2.279     0.00    0.00
 -20299.579    -2.279     0.00    0.00
 -20012.144    -2.279     0.00    0.00
 -19724.694    -2.279     0.00    0.00
 -19437.231    -2.279     0.00    0.00
 -19149.753    -2.279     0.00    0.00
 -18862.260    -2.279     0.00    0.00
 -18574.753    -2.279     0.00    0.00
 -18287.232    -2.279     0.00    0.00
 -17999.696    -2.279     0.00    0.00
 -17712.146    -2.279     0.00    0.00
 -17424.581    -2.279     0.00    0.00
 -17137.002    -2.279     0.00    0.00
 -16849.409    -2.279     0.00    0.00
 -16561.801    -2.279     0.00    0.00
 -16274.179    -2.279     0.00    0.00
 -15986.542    -2.279     0.00    0.00
 -15698.891    -2.279     0.00    0.00
 -15411.226    -2.279     0.00    0.00
 -15123.546    -2.279     0.00    0.00
 -14835.851    -2.279     0.00    0.00
 -14548.142    -2.279     0.00    0.00
 -14260.419    -2.279     0.00    0.00
 -13972.681    -2.251     0.10    0.17
 -13684.929    -2.221     0.10    0.48
 -13397.163    -2.132     0.31    0.55
 -13109.381    -2.044     0.31    0.60
 -12821.586    -1.998     0.16    0.65
 -12533.776    -1.876     0.42    0.72
 -12245.951    -1.765     0.39    0.80
 -11958.112    -1.743     0.07    0.70
 -11670.259    -1.737     0.02    0.72
 -11382.391    -1.809    -0.25    0.72
 -11094.509    -1.941    -0.46    0.66
 -10806.612    -2.049    -0.37    0.58
 -10518.701    -2.160    -0.39    0.44
 -10230.775    -2.279    -0.41    0.00
  -9942.834    -2.279     0.00    0.00
  -9654.880    -2.279     0.00    0.00
  -9366.910    -2.250     0.10    0.24
  -9078.927    -2.103     0.51    0.57
  -8790.928    -2.002     0.35    0.70
  -8502.916    -1.992     0.04    0.70
  -8214.888    -1.885     0.37    0.74
  -7926.847    -1.794     0.32    0.76
  -7638.790    -1.714     0.28    0.81
  -7350.719    -1.618     0.34    1.09
  -7062.634    -1.309     1.07    1.59
  -6774.534    -0.987     1.12    1.82
  -6486.420    -0.795     0.67    1.95
  -6198.291    -0.250     1.89    2.41
  -5910.148    -0.064     0.64    2.47
  -5621.990     0.004     0.24    2.39
  -5333.817     0.094     0.31    2.26
  -5045.630     0.097     0.01    2.11
  -4757.429     0.198     0.35    1.99
  -4469.213     0.167    -0.11    1.77
  -4180.982     0.118    -0.17    1.54
  -3892.737     0.536     1.45    1.62
  -3604.477     0.460    -0.26    1.68
  -3316.203     0.463     0.01    1.72
  -3027.914     0.294    -0.59    1.70
  -2739.611     0.176    -0.41    1.63
  -2451.293    -0.033    -0.73    1.32
  -2162.960    -0.412    -1.31    1.12
  -1874.613    -0.473    -0.21    1.13
  -1586.251    -0.308     0.57    1.26
  -1297.875    -0.208     0.35    1.35
  -1009.484    -0.130     0.27    1.73
   -721.079     0.124     0.88    1.97
   -432.659     0.205     0.28    2.05
   -144.225     0.221     0.05    1.97
    144.225    -0.126    -1.20    2.25
    432.688    -0.308    -0.63    2.56
    721.167    -0.366    -0.20    2.61
   1009.659    -0.503    -0.47    2.58
   1298.167    -0.682    -0.62    2.39
   1586.689    -0.653     0.10    2.32
   1875.226    -0.779    -0.44    1.65
   2163.777    -0.704     0.26    1.54
   2452.343    -0.697     0.02    1.57
   2740.924    -0.897    -0.69    1.27
   3029.519    -1.126    -0.79    1.02
   3318.128    -1.250    -0.43    0.92
   3606.753    -1.324    -0.26    0.92
   3895.392    -1.219     0.36    1.14
   4184.045    -1.145     0.26    1.19
   4472.714    -0.931     0.74    1.20
   4761.397    -0.885     0.16    1.15
   5050.094    -0.772     0.39    1.13
   5338.806    -0.894    -0.42    0.97
   5627.533    -1.000    -0.37    0.88
   5916.275    -1.249    -0.86    0.90
   6205.031    -1.559    -1.07    0.86
   6493.801    -1.895    -1.16    0.68
   6782.587    -2.085    -0.66    0.50
   7071.387    -2.250    -0.57    0.17
   7360.202    -2.279    -0.10    0.00
   7649.031    -2.279     0.00    0.00
   7937.875    -2.279     0.00    0.00
   8226.734    -2.279     0.00    0.00
   8515.607    -2.279     0.00    0.00
   8804.495    -2.279     0.00    0.00
   9093.398    -2.279     0.00    0.00
   9382.315    -2.279     0.00    0.00
   9671.247    -2.279     0.00    0.00
   9960.194    -2.279     0.00    0.00
  10249.156    -2.279     0.00    0.00
  10538.132    -2.279     0.00    0.00
  10827.123    -2.279     0.00    0.00
  11116.128    -2.279     0.00    0.00
  11405.148    -2.279     0.00    0.00
  11694.183    -2.279     0.00    0.00
  11983.233    -2.279     0.00    0.00
  12272.297    -2.279     0.00    0.00
  12561.376    -2.279     0.00    0.00
  12850.470    -2.279     0.00    0.00
  13139.579    -2.279     0.00    0.00
  13428.702    -2.279     0.00    0.00
  13717.840    -2.279     0.00    0.00
  14006.992    -2.279     0.00    0.00
  14296.160    -2.279     0.00    0.00
  14585.342    -2.279     0.00    0.00
  14874.539    -2.279     0.00    0.00
  15163.750    -2.279     0.00    0.00
  15452.977    -2.279     0.00    0.00
  15742.218    -2.279     0.00    0.00
  16031.474    -2.279     0.00    0.00
  16320.744    -2.279     0.00    0.00
  16610.029    -2.279     0.00    0.00
  16899.329    -2.279     0.00    0.00
  17188.644    -2.279     0.00    0.00
  17477.974    -2.279     0.00    0.00
  17767.318    -2.279     0.00    0.00
  18056.677    -2.279     0.00    0.00
  18346.051    -2.279     0.00    0.00
  18635.440    -2.279     0.00    0.00
  18924.843    -2.279     0.00    0.00
  19214.261    -2.279     0.00    0.00
  19503.694    -2.279     0.00    0.00
  19793.142    -2.279     0.00    0.00
  20082.605    -2.279     0.00    0.00
  20372.082    -2.279     0.00    0.00
  20661.574    -2.279     0.00    0.00
  20951.081    -2.279     0.00    0.00
  21240.603    -2.279     0.00    0.00
  21530.139    -2.279     0.00    0.00
  21819.691    -2.279     0.00    0.00
  22109.257    -2.279     0.00    0.00
  22398.838    -2.279     0.00    0.00
  22688.433    -2.279     0.00    0.00
  22978.044    -2.279     0.00    0.00
  23267.669    -2.279     0.00    0.00
  23557.310    -2.279     0.00    0.00
  23846.965    -2.279     0.00    0.00
  24136.634    -2.279     0.00    0.00
  24426.319    -2.279     0.00    0.00
  24716.019    -2.279     0.00    0.00
  25005.733    -2.279     0.00    0.00
  25295.462    -2.279     0.00    0.00
  25585.206    -2.279     0.00    0.00
  25874.965    -2.279     0.00    0.00
  26164.739    -2.279     0.00    0.00
  26454.527    -2.279     0.00    0.00
  26744.331    -2.279     0.00    0.00
  27034.149    -2.279     0.00    0.00
  27323.982    -2.279     0.00    0.00
  27613.830    -2.279     0.00    0.00
  27903.693    -2.279     0.00    0.00
  28193.571    -2.279     0.00    0.00
  28483.463    -2.279     0.00    0.00
  28773.371    -2.279     0.00    0.00
  29063.293    -2.279     0.00    0.00
  29353.230    -2.279     0.00    0.00
  29643.182    -2.279     0.00    0.00
  29933.149    -2.279     0.00    0.00
  30220.654    -2.279     0.00    0.00
  30507.475    -2.279     0.00    0.00
  30794.311    -2.279     0.00    0.00
  31081.161    -2.279     0.00    0.00
  31368.026    -2.279     0.00    0.00
  31654.905    -2.279     0.00    0.00
  31941.799    -2.279     0.00    0.00
  32228.707    -2.279     0.00    0.00
  32515.630    -2.279     0.00    0.00
  32802.568    -2.279     0.00    0.00
  33089.520    -2.279     0.00    0.00
  33376.486    -2.279     0.00    0.00
  33663.467    -2.279     0.00    0.00
  33950.463    -2.279     0.00    0.00
  34237.473    -2.279     0.00    0.00
  34524.497    -2.279     0.00    0.00
  34811.537    -2.279     0.00    0.00
  35098.590    -2.279     0.00    0.00
  35385.659    -2.279     0.00    0.00
  35672.742    -2.279     0.00    0.00
  35959.839    -2.279     0.00    0.00
  36246.951    -2.279     0.00    0.00
  36534.078    -2.279     0.00    0.00
  36821.219    -2.279     0.00    0.00
  37108.375    -2.279     0.00    0.00
  37395.545    -2.279     0.00    0.00
  37682.730    -2.279     0.00    0.00
  37969.929    -2.279     0.00    0.00
  38257.143    -2.279     0.00    0.00
  38544.372    -2.279     0.00    0.00
  38831.615    -2.279     0.00    0.00
  39118.873    -2.279     0.00    0.00
  39406.145    -2.279     0.00    0.00
  39693.432    -2.279     0.00    0.00
  39980.734    -2.279     0.00    0.00
  40268.050    -2.279     0.00    0.00
  40555.381    -2.279     0.00    0.00
  40842.727    -2.279     0.00    0.00
  41130.087    -2.279     0.00    0.00
  41417.461    -2.279     0.00    0.00
  41704.851    -2.279     0.00    0.00
  41992.255    -2.279     0.00    0.00
  42279.673    -2.279     0.00    0.00
  42567.107    -2.279     0.00    0.00
  42854.554    -2.279     0.00    0.00
  43142.017    -2.279     0.00    0.00
  43429.494    -2.279     0.00    0.00
  43716.986    -2.279     0.00    0.00
  44004.492    -2.279     0.00    0.00
  44292.013    -2.279     0.00    0.00
  44579.549    -2.279     0.00    0.00
  44867.099    -2.279     0.00    0.00
  45154.664    -2.279     0.00    0.00
  45442.244    -2.279     0.00    0.00
  45729.838    -2.279     0.00    0.00
  46017.447    -2.279     0.00    0.00
  46305.071    -2.279     0.00    0.00
  46592.709    -2.279     0.00    0.00
  46880.362    -2.279     0.00    0.00
  47168.030    -2.279     0.00    0.00
  47455.712    -2.279     0.00    0.00
  47743.409    -2.279     0.00    0.00
  48031.121    -2.279     0.00    0.00
  48318.847    -2.279     0.00    0.00
  48606.588    -2.279     0.00    0.00
  48894.344    -2.279     0.00    0.00
  49182.115    -2.279     0.00    0.00
  49469.900    -2.279     0.00    0.00
  49757.700    -2.279     0.00    0.00
  50045.514    -2.250     0.10    0.24
  50333.344    -2.279    -0.10    0.00
  50621.188    -2.279     0.00    0.00
  50909.046    -2.279     0.00    0.00
  51196.920    -2.279     0.00    0.00
  51484.808    -2.279     0.00    0.00
  51772.711    -2.279     0.00    0.00
  52060.628    -2.279     0.00    0.00
  52348.561    -2.279     0.00    0.00
  52636.508    -2.279     0.00    0.00
  52924.470    -2.279     0.00    0.00
  53212.446    -2.279     0.00    0.00
  53500.437    -2.279     0.00    0.00
  53788.443    -2.279     0.00    0.00
  54076.464    -2.279     0.00    0.00
  54364.500    -2.279     0.00    0.00
  54652.550    -2.279     0.00    0.00
  54940.615    -2.279     0.00    0.00
  55228.695    -2.279     0.00    0.00
  55516.789    -2.279     0.00    0.00
  55804.899    -2.279     0.00    0.00
  56093.023    -2.279     0.00    0.00
  56381.161    -2.279     0.00    0.00
  56669.315    -2.279     0.00    0.00
  56957.483    -2.088     0.66    0.80
  57245.666    -1.838     0.87    1.10
  57533.864    -1.737     0.35    1.14
  57822.077    -1.665     0.25    1.18
  58110.305    -1.706    -0.14    1.12
  58398.547    -1.765    -0.20    1.07
  58686.804    -1.976    -0.73    0.80
  58975.076    -2.143    -0.58    0.43
  59263.362    -2.249    -0.37    0.17
  59551.664    -2.279    -0.11    0.00
  59839.980    -2.279     0.00    0.00
  60128.311    -2.279     0.00    0.00
  60416.657    -2.279     0.00    0.00
  60705.018    -2.279     0.00    0.00
  60993.393    -2.279     0.00    0.00
  61281.784    -2.279     0.00    0.00
  61570.189    -2.279     0.00    0.00
  61858.609    -2.279     0.00    0.00
  62147.044    -2.279     0.00    0.00
  62435.493    -2.279     0.00    0.00
  62723.958    -2.279     0.00    0.00
  63012.437    -2.279     0.00    0.00
  63300.931    -2.279     0.00    0.00
  63589.440    -2.279     0.00    0.00
  63877.964    -2.279     0.00    0.00
  64166.502    -2.279     0.00    0.00
  64455.056    -2.279     0.00    0.00
  64743.624    -2.279     0.00    0.00
  65032.208    -2.279     0.00    0.00
  65320.806    -2.279     0.00    0.00
  65609.419    -2.279     0.00    0.00
  65898.046    -2.103     0.61    0.57
  66186.689    -1.965     0.48    0.73
  66475.347    -1.921     0.15    0.77
  66764.019    -1.921     0.00    0.77
  67052.706    -1.910     0.04    0.78
  67341.408    -1.976    -0.23    0.72
  67630.125    -2.103    -0.44    0.57
  67918.857    -2.249    -0.50    0.25
  68207.604    -2.279    -0.11    0.00
  68496.366    -2.279     0.00    0.00
  68785.143    -2.279     0.00    0.00
  69073.934    -2.279     0.00    0.00
  69362.740    -2.279     0.00    0.00
  69651.562    -2.279     0.00    0.00
  69940.398    -2.279     0.00    0.00
  70229.249    -2.279     0.00    0.00
  70518.115    -2.279     0.00    0.00
  70806.996    -2.279     0.00    0.00
  71095.892    -2.279     0.00    0.00
  71384.803    -2.279     0.00    0.00
  71673.728    -2.279     0.00    0.00
  71962.669    -2.279     0.00    0.00
  72251.625    -2.279     0.00    0.00
  72540.595    -2.279     0.00    0.00
  72829.580    -2.279     0.00    0.00
  73118.581    -2.279     0.00    0.00
  73407.596    -2.279     0.00    0.00
  73696.626    -2.279     0.00    0.00
  73985.672    -2.279     0.00    0.00
  74274.732    -2.279     0.00    0.00
  74563.807    -2.279     0.00    0.00
  74852.897    -2.279     0.00    0.00
  75142.002    -2.279     0.00    0.00
  75431.122    -2.279     0.00    0.00
  75720.257    -2.279     0.00    0.00
  76009.407    -2.279     0.00    0.00
  76298.572    -2.279     0.00    0.00
  76587.751    -2.279     0.00    0.00
  76876.946    -2.279     0.00    0.00
  77166.156    -2.279     0.00    0.00
  77455.381    -2.279     0.00    0.00
  77744.621    -2.279     0.00    0.00
  78033.875    -2.279     0.00    0.00
  78323.145    -2.279     0.00    0.00
  78612.430    -2.279     0.00    0.00
  78901.730    -2.279     0.00    0.00
  79191.044    -2.279     0.00    0.00
  79480.374    -2.279     0.00    0.00
  79769.719    -2.279     0.00    0.00
  80059.079    -2.279     0.00    0.00
  80348.453    -2.279     0.00    0.00
  80637.843    -2.279     0.00    0.00
  80927.248    -2.279     0.00    0.00
  81216.668    -2.279     0.00    0.00
  81506.103    -2.279     0.00    0.00
  81795.552    -2.279     0.00    0.00
  82085.017    -2.279     0.00    0.00
  82374.497    -2.279     0.00    0.00
  82663.992    -2.279     0.00    0.00
  82953.502    -2.279     0.00    0.00
  83243.027    -2.279     0.00    0.00
  83532.567    -2.279     0.00    0.00
  83822.123    -2.279     0.00    0.00
  84111.693    -2.279     0.00    0.00
  84401.278    -2.279     0.00    0.00
  84690.878    -2.279     0.00    0.00
  84980.494    -2.279     0.00    0.00
  85270.124    -2.279     0.00    0.00
  85559.770    -2.279     0.00    0.00
  85849.430    -2.279     0.00    0.00
  86139.106    -2.279     0.00    0.00
  86428.796    -2.279     0.00    0.00
  86718.502    -2.279     0.00    0.00
  87008.223    -2.279     0.00    0.00
  87297.959    -2.279     0.00    0.00
  87587.710    -2.279     0.00    0.00
  87877.476    -2.279     0.00    0.00
  88167.257    -2.279     0.00    0.00
  88457.054    -2.279     0.00    0.00
  88746.865    -2.279     0.00    0.00
  89036.692    -2.279     0.00    0.00
  89326.533    -2.279     0.00    0.00
  89616.390    -2.279     0.00    0.00
  89906.262    -2.279     0.00    0.00
  90196.149    -2.279     0.00    0.00
  90486.051    -2.279     0.00    0.00
  90775.968    -2.279     0.00    0.00
  91065.900    -2.279     0.00    0.00
  91355.848    -2.279     0.00    0.00
  91645.810    -2.279     0.00    0.00
  91935.788    -2.279     0.00    0.00
  92224.874    -2.279     0.00    0.00
  92511.647    -2.279     0.00    0.00
  92798.434    -2.279     0.00    0.00
  93085.236    -2.279     0.00    0.00
  93372.052    -2.279     0.00    0.00
  93658.884    -2.279     0.00    0.00
  93945.730    -2.279     0.00    0.00
  94232.591    -2.279     0.00    0.00
  94519.466    -2.279     0.00    0.00
  94806.357    -2.279     0.00    0.00
  95093.262    -2.279     0.00    0.00
  95380.182    -2.279     0.00    0.00
  95667.117    -2.279     0.00    0.00
  95954.066    -2.279     0.00    0.00
  96241.031    -2.279     0.00    0.00
  96528.010    -2.279     0.00    0.00
  96815.004    -2.279     0.00    0.00
  97102.012    -2.279     0.00    0.00
  97389.036    -2.279     0.00    0.00
  97676.074    -2.279     0.00    0.00
  97963.127    -2.279     0.00    0.00
  98250.195    -2.279     0.00    0.00
  98537.278    -2.279     0.00    0.00
  98824.375    -2.279     0.00    0.00
  99111.487    -2.279     0.00    0.00
  99398.614    -2.279     0.00    0.00
  99685.756    -2.279     0.00    0.00
  99972.913    -2.279     0.00    0.00
 100260.085    -2.279     0.00    0.00
 100547.271    -2.279     0.00    0.00
 100834.472    -2.279     0.00    0.00
 101121.688    -2.279     0.00    0.00
 101408.919    -2.279     0.00    0.00
 101696.165    -2.279     0.00    0.00
 101983.425    -2.279     0.00    0.00
 102270.700    -2.279     0.00    0.00
 102557.991    -2.279     0.00    0.00
 102845.296    -2.279     0.00    0.00
 103132.616    -2.279     0.00    0.00
 103419.950    -2.279     0.00    0.00
 103707.300    -2.279     0.00    0.00
 103994.664    -2.279     0.00    0.00
 104282.044    -2.279     0.00    0.00
 104569.438    -2.279     0.00    0.00
 104856.847    -2.279     0.00    0.00
 105144.271    -2.279     0.00    0.00
 105431.710    -2.279     0.00    0.00
 105719.163    -2.279     0.00    0.00
 106006.632    -2.279     0.00    0.00
 106294.115    -2.279     0.00    0.00
 106581.613    -2.279     0.00    0.00
 106869.127    -2.279     0.00    0.00
 107156.655    -2.279     0.00    0.00
 107444.198    -2.279     0.00    0.00
 107731.756    -2.279     0.00    0.00
 108019.328    -2.279     0.00    0.00
 108306.916    -2.279     0.00    0.00
 108594.519    -2.279     0.00    0.00
 108882.136    -2.279     0.00    0.00
 109169.768    -2.279     0.00    0.00
 109457.416    -2.279     0.00    0.00
 109745.078    -2.279     0.00    0.00
 110032.755    -2.279     0.00    0.00
 110320.447    -2.279     0.00    0.00
 110608.154    -2.279     0.00    0.00
 110895.876    -2.279     0.00    0.00
 111183.613    -2.279     0.00    0.00
 111471.365    -2.279     0.00    0.00
 111759.131    -2.279     0.00    0.00
 112046.913    -2.279     0.00    0.00
 112334.710    -2.279     0.00    0.00
 112622.521    -2.279     0.00    0.00
 112910.348    -2.279     0.00    0.00
 113198.189    -2.279     0.00    0.00
 113486.045    -2.279     0.00    0.00
 113773.917    -2.279     0.00    0.00
 114061.803    -2.279     0.00    0.00
 114349.704    -2.279     0.00    0.00
 114637.621    -2.279     0.00    0.00
 114925.552    -2.279     0.00    0.00
 115213.498    -2.279     0.00    0.00
 115501.459    -2.279     0.00    0.00
 115789.435    -2.279     0.00    0.00
 116077.426    -2.279     0.00    0.00
 116365.432    -2.279     0.00    0.00
 116653.454    -2.279     0.00    0.00
 116941.490    -2.279     0.00    0.00
 117229.541    -2.279     0.00    0.00
 117517.607    -2.279     0.00    0.00
 117805.688    -2.279     0.00    0.00
 118093.784    -2.279     0.00    0.00
 118381.895    -2.279     0.00    0.00
 118670.021    -2.279     0.00    0.00
 118958.162    -2.279     0.00    0.00
 119246.318    -2.279     0.00    0.00
 119534.489    -2.279     0.00    0.00
 119822.675    -2.279     0.00    0.00
 120110.877    -2.279     0.00    0.00
 120399.093    -2.279     0.00    0.00
 120687.324    -2.279     0.00    0.00
 120975.570    -2.279     0.00    0.00
 121263.832    -2.279     0.00    0.00
 121552.108    -2.279     0.00    0.00
 121840.399    -2.279     0.00    0.00
 122128.706    -2.279     0.00    0.00
 122417.027    -2.279     0.00    0.00
 122705.364    -2.279     0.00    0.00
 122993.715    -2.279     0.00    0.00
 123282.082    -2.279     0.00    0.00
 123570.463    -2.279     0.00    0.00
 123858.860    -2.279     0.00    0.00
 124147.272    -2.279     0.00    0.00
 124435.699    -2.279     0.00    0.00
 124724.141    -2.279     0.00    0.00
 125012.598    -2.279     0.00    0.00
 125301.070    -2.279     0.00    0.00
 125589.557    -2.279     0.00    0.00
 125878.059    -2.279     0.00    0.00
 126166.576    -1.956     1.12    1.16
 126455.109    -1.365     2.05    1.80
 126743.656    -0.471     3.10    3.15
 127032.219     0.974     5.01    4.07
 127320.797     2.766     6.21    4.97
 127609.389     4.842     7.19    5.37
 127897.997     6.590     6.06    4.89
 128186.620     7.882     4.48    4.01
 128475.258     8.735     2.95    3.25
 128763.912     8.692    -0.15    2.98
 129052.580     8.103    -2.04    3.00
 129341.263     6.941    -4.02    3.30
 129629.962     5.645    -4.49    3.77
 129918.676     4.333    -4.55    4.07
 130207.404     2.988    -4.66    4.06
 130496.148     2.054    -3.24    3.94
 130784.907     2.242     0.65    4.56
 131073.682     2.569     1.13    5.01
 131362.471     3.294     2.51    5.45
 131651.275     4.539     4.31    6.03
 131940.095     6.069     5.30    6.16
 132228.930     7.452     4.79    5.45
 132517.780     8.923     5.10    4.54
 132806.645     9.636     2.47    4.57
 133095.525    10.349     2.47    4.68
 133384.421    11.811     5.06    3.58
 133673.331    11.868     0.19    3.99
 133962.257    11.967     0.34    4.03
 134251.198    11.941    -0.09    4.06
 134540.154    11.192    -2.59    4.40
 134829.125    10.392    -2.77    4.49
 135118.111     9.382    -3.49    4.39
 135407.113     8.221    -4.02    4.19
 135696.130     7.412    -2.80    3.88
 135985.162     7.160    -0.87    3.76
 136274.209     6.750    -1.42    3.31
 136563.271     6.956     0.71    3.24
 136852.349     7.281     1.13    3.19
 137141.442     7.532     0.87    3.38
 137430.550     8.329     2.76    3.44
 137719.673     8.613     0.98    3.35
 138008.811     8.441    -0.59    3.21
 138297.965     8.505     0.22    3.08
 138587.133     8.527     0.07    2.78
 138876.317     8.387    -0.48    2.47
 139165.517     8.503     0.40    2.20
 139454.731     8.588     0.29    2.28
 139743.961     9.094     1.75    2.17
 140033.206     8.838    -0.88    2.57
 140322.466     8.539    -1.04    2.81
 140611.741     8.535    -0.01    2.79
 140901.032     8.392    -0.49    2.76
 141190.338     8.452     0.21    2.77
 141479.659     9.124     2.32    2.86
 141768.995     9.853     2.52    3.47
 142058.347    10.524     2.32    3.92
 142347.714    11.235     2.46    3.79
 142637.096    12.437     4.15    3.68
 142926.493    13.497     3.66    3.54
 143215.906    14.763     4.38    4.19
 143505.333    15.806     3.60    4.48
 143794.777    17.265     5.04    4.85
 144084.235    18.524     4.35    4.73
 144373.709    18.676     0.53    4.47
 144663.198    18.485    -0.66    5.06
 144952.702    17.749    -2.54    4.89
 145242.222    17.563    -0.64    4.84
 145531.756    16.985    -2.00    4.43
 145821.306    16.561    -1.46    4.08
 146110.872    17.175     2.12    4.00
 146400.453    17.781     2.09    3.66
 146690.049    18.387     2.09    3.62
 146979.660    19.257     3.00    3.51
 147269.286    20.292     3.57    3.80
 147558.928    21.010     2.48    3.88
 147848.586    21.892     3.04    3.42
 148138.258    22.795     3.12    3.35
 148427.946    23.338     1.87    3.46
 148717.649    24.118     2.69    3.99
 149007.368    25.397     4.42    4.34
 149297.102    26.054     2.27    4.67
 149586.851    26.635     2.01    4.36
 149876.615    27.097     1.60    3.80
 150166.395    27.559     1.59    3.61
 150456.190    27.993     1.50    3.87
 150746.001    28.616     2.15    4.18
 151035.826    29.735     3.86    4.68
 151325.668    30.544     2.79    4.31
 151615.524    31.235     2.38    4.10
 151905.396    32.170     3.23    3.41
 152195.283    32.418     0.85    3.37
 152485.186    32.765     1.20    3.59
 152775.104    33.273     1.75    3.72
 153065.037    33.547     0.94    3.99
 153354.986    34.779     4.25    4.02
 153644.950    35.235     1.57    4.07
 153934.930    35.735     1.72    4.08
 154224.924    35.941     0.71    5.11
 154512.408    34.529    -4.91    6.02
 154799.152    32.918    -5.62    7.08
 155085.911    31.377    -5.37    7.38
 155372.686    29.635    -6.08    7.00
 155659.475    28.527    -3.87    6.02
 155946.279    28.537     0.04    5.30
 156233.098    28.923     1.35    4.49
 156519.932    30.478     5.42    4.85
 156806.782    31.646     4.07    4.78
 157093.646    33.039     4.86    4.81
 157380.525    33.676     2.22    4.78
 157667.419    34.518     2.93    4.43
 157954.328    34.878     1.26    4.41
 158241.253    34.978     0.35    4.33
 158528.192    35.112     0.47    4.13
 158815.146    35.265     0.53    3.82
 159102.115    35.493     0.80    3.71
 159389.100    36.318     2.87    3.67
 159676.099    37.303     3.43    3.95
 159963.113    39.097     6.25    4.84
 160250.143    40.463     4.76    5.02
 160537.187    41.808     4.68    5.01
 160824.246    42.849     3.63    4.74
 161111.321    42.508    -1.19    4.66
 161398.410    41.963    -1.90    5.17
 161685.515    40.441    -5.30    5.84
 161972.635    38.706    -6.04    6.38
 162259.769    36.481    -7.75    6.01
 162546.919    34.678    -6.28    5.01
 162834.084    33.015    -5.79    4.99
 163121.264    31.132    -6.56    5.03
 163408.459    28.810    -8.09    5.89
 163695.669    26.993    -6.33    6.35
 163982.894    25.303    -5.89    5.98
 164270.134    23.855    -5.04    5.77
 164557.389    23.243    -2.13    4.67
 164844.659    22.749    -1.72    4.44
 165131.945    22.406    -1.19    4.35
 165419.245    22.088    -1.11    4.49
 165706.561    21.437    -2.27    4.14
 165993.891    21.544     0.37    4.04
 166281.237    21.109    -1.52    4.04
 166568.598    20.506    -2.10    3.83
 166855.974    19.792    -2.49    3.64
 167143.365    19.160    -2.20    3.63
 167430.771    18.213    -3.29    3.40
 167718.192    17.441    -2.69    3.23
 168005.628    16.721    -2.51    2.86
 168293.080    15.897    -2.87    2.95
 168580.546    15.288    -2.12    3.11
 168868.028    14.985    -1.05    3.14
 169155.525    15.213     0.79    3.70
 169443.037    15.445     0.81    4.00
 169730.564    15.941     1.73    4.24
 170018.106    16.342     1.39    4.34
 170305.663    17.088     2.60    3.75
 170593.236    17.266     0.62    3.48
 170880.823    17.344     0.27    3.31
 171168.426    17.662     1.11    3.39
 171456.044    18.764     3.83    4.20
 171743.677    20.221     5.06    4.92
 172031.325    20.935     2.48    5.31
 172318.989    21.478     1.89    5.59
 172606.667    20.824    -2.28    5.94
 172894.361    20.168    -2.28    5.96
 173182.070    19.315    -2.97    5.58
 173469.794    18.335    -3.41    4.48
 173757.533    17.378    -3.33    3.82
 174045.287    17.547     0.59    3.52
 174333.057    17.959     1.43    3.49
 174620.842    17.868    -0.32    3.48
 174908.641    17.963     0.33    3.49
 175196.457    18.221     0.90    3.61
 175484.287    18.547     1.13    3.53
 175772.132    18.445    -0.35    3.91
 176059.993    16.791    -5.75    5.05
 176347.869    15.049    -6.05    5.30
 176635.760    13.971    -3.75    5.32
 176923.666    13.765    -0.72    5.24
 177211.588    13.870     0.37    5.09
 177499.524    14.059     0.66    5.28
 177787.476    15.592     5.33    5.12
 178075.443    16.981     4.83    4.56
 178363.426    17.406     1.48    4.10
 178651.423    17.015    -1.36    4.06
 178939.436    16.145    -3.02    4.65
 179227.464    15.190    -3.31    4.69
 179515.507    14.736    -1.58    4.74
 179803.566    13.735    -3.48    4.44
 180091.639    13.103    -2.19    4.35
 180379.728    13.078    -0.09    4.37
 180667.833    13.649     1.98    4.42
 180955.952    14.431     2.71    4.12
 181244.087    14.191    -0.83    3.96
 181532.237    14.235     0.15    3.80
 181820.402    14.004    -0.80    3.56
 182108.582    14.049     0.16    3.11
 182396.778    14.170     0.42    2.95
 182684.989    14.863     2.41    3.20
 182973.215    16.431     5.44    6.19
 183261.457    18.183     6.08    7.46
 183549.714    19.855     5.80    8.01
 183837.986    20.221     1.27    7.05
 184126.273    21.824     5.56    6.96
 184414.576    22.692     3.01    7.23
 184702.894    24.378     5.85    7.96
 184991.227    26.335     6.79    9.33
 185279.575    29.029     9.35   10.83
 185567.939    34.118    17.65   11.88
 185856.318    37.554    11.92   11.30
 186144.713    39.362     6.27   10.83
 186433.122    42.618    11.29   10.39
 186721.547    44.779     7.50   10.37
 187009.988    46.397     5.61    9.79
 187298.443    46.721     1.12    9.40
 187586.914    46.039    -2.36    9.89
 187875.400    46.279     0.83    9.50
 188163.902    45.243    -3.59    9.03
 188452.419    45.324     0.28    8.27
 188740.951    45.363     0.14    7.73
 189029.499    46.474     3.85    8.17
 189318.062    47.242     2.66    8.82
 189606.640    48.967     5.98    8.44
 189895.233    48.632    -1.16    8.77
 190183.842    48.387    -0.85    9.09
 190472.467    45.751    -9.13   10.19
 190761.106    43.147    -9.02   10.05
 191049.761    40.634    -8.71    8.39
 191338.432    39.262    -4.75    6.41
 191627.117    38.978    -0.99    5.25
 191915.818    39.279     1.05    5.32
 192204.535    41.221     6.72    5.90
 192493.266    43.959     9.49    6.82
 192782.014    46.412     8.49    7.61
 193070.776    49.563    10.92    8.09
 193359.554    52.068     8.68    7.88
 193648.347    53.778     5.92    8.13
 193937.156    55.912     7.39    7.51
 194225.980    58.971    10.59    7.55
 194514.819    59.615     2.23    7.56
 194803.674    61.160     5.35    7.22
 195092.545    62.373     4.20    8.11
 195381.430    63.706     4.62    9.23
 195670.331    64.735     3.56   10.27
 195959.248    64.312    -1.46   11.18
 196248.179    63.456    -2.96   12.04
 196537.127    62.574    -3.05   12.53
 196826.089    61.705    -3.00   11.60
 197115.067    61.303    -1.39   10.96
 197404.061    62.878     5.45    9.92
 197693.070    62.294    -2.02    9.18
 197982.094    61.368    -3.20    8.89
 198271.134    59.044    -8.04    8.61
 198560.189    56.870    -7.52    7.69
 198849.260    57.015     0.50    8.34
 199138.346    55.079    -6.70    7.99
 199427.447    54.750    -1.14    7.96
 199716.564    55.286     1.85    8.21
 200005.697    56.463     4.07    9.48
 200294.845    57.765     4.50    9.97
 200584.008    56.392    -4.75    9.72
 200873.187    53.691    -9.34    9.43
 201162.381    51.654    -7.05    9.57
 201451.591    50.336    -4.56    9.36
 201740.816    48.769    -5.42    7.77
