#  164.000  -1.004   9.405 ;Mean Elev.(m), Avg Gradient(m/km), RMS Gradient(m/km) - SRTM1     
#  161.499  -0.936   9.034 ;Mean Elev.(m), Avg Gradient(m/km), RMS Gradient(m/km) - ASTER GDEM
#  165.576  -0.189   7.966 ;Mean Elev.(m), Avg Gradient(m/km), RMS Gradient(m/km) - GMTED2010 
   2 269.102055  41.432222   199.949   199.949  2 54672.92359083 18.401
   3 269.102270  41.432090   226.441   226.441  2 54682.83923441  6.377
   4 269.103826  41.432942   177.160   177.160  2 54692.75487678 18.000
   5 269.107009  41.432576   209.827   202.234  3 54702.67051717 11.111
   6 269.104504  41.433158   191.057   192.479  3 54712.58616578 16.966
   7 269.099864  41.433360   234.752   234.752  2 54722.50181642 12.133
   8 269.095818  41.431813   221.909   221.909  2 54732.41746479 25.309
   9 269.093703  41.430915   182.952   182.952  2 54742.33311147 18.544
  10 269.094099  41.430093   220.580   220.580  2 54752.24875806 26.117
  11 269.094216  41.430811   190.611   190.611  2 54762.16440399 18.005
  12 269.094995  41.430044   182.720   182.720  2 54772.08004780 19.961
  13 269.093832  41.431839   182.717   182.717  2 54781.99568804 23.901
  14 269.094637  41.432276   204.230   204.230  2 54791.91132639 20.449
  15 269.097096  41.432977   195.516   195.516  2 54801.82696396 15.837
  16 269.100758  41.432809   216.608   216.608  2 54811.74260188 19.113
  17 269.102540  41.433178   226.518   226.868  3 54821.65824372  9.827
  18 269.099685  41.433679   215.851   215.851  2 54831.57389583 21.288
  19 269.097976  41.432005   214.178   214.178  2 54841.48953493 15.016
  20 269.096069  41.431484   217.430   217.430  2 54851.40518393 11.394
  21 269.095752  41.431109   221.738   221.738  2 54861.32083251 10.126
  22 269.095298  41.431660   190.353   190.353  2 54871.23648083 17.522
  23 269.094463  41.432071   218.039   218.039  2 54881.15212751 12.604
  24 269.093929  41.430972   220.999   220.999  2 54891.06777127 11.909
  25 269.092432  41.429708   228.310   228.310  2 54900.98341208 10.875
  26 269.090520  41.431017   204.936   204.936  2 54910.89905071 13.833
  27 269.092366  41.430682   202.628   197.578  3 54920.81468898 18.036
  28 269.095023  41.431797   190.462   190.462  2 54930.73032663 18.200
  29 269.098531  41.431648   221.476   221.476  2 54940.64596333 23.438
  30 269.100017  41.432645   221.282   221.282  2 54950.56159797 12.713
  31 269.099849  41.432186   225.092   225.092  2 54960.47723820 11.993
  32 269.098836  41.431192   215.020   215.020  2 54970.39288696 27.568
  33 269.098047  41.432694   216.981   216.981  2 54980.30853388 25.377
  34 269.099649  41.431615   227.707   227.707  2 54990.22418115 18.879
  35 269.099001  41.431626   226.838   226.838  2 55000.13982783  8.223
  36 269.098362  41.431133   227.816   227.816  2 55010.05547286 11.129
  37 269.096494  41.432985   216.916   216.916  2 55019.97111578 13.075
  38 269.098374  41.431559   219.770   219.770  2 55029.88675858 10.835
  39 269.098823  41.433008   197.783   197.783  2 55039.80240022 16.433
  40 269.101669  41.433023   179.832   179.832  2 55049.71804111 21.214
  41 269.103360  41.432853   169.739   169.739  2 55059.63367985 31.518
  42 269.102420  41.431956   222.997   222.997  2 55069.54932027 26.496
  43 269.096992  41.432002   219.586   219.586  2 55079.46496943 26.446
  44 269.094208  41.430777   182.756   182.756  2 55089.38061689 20.426
  45 269.093544  41.430739   182.867   182.867  2 55099.29626290 19.769
  46 269.094406  41.431543   219.885   219.885  2 55109.21190829 17.068
  47 269.095529  41.431474   200.398   200.398  2 55119.12755255 16.064
  48 269.094200  41.432120   220.315   220.315  2 55129.04319402 20.137
  49 269.093604  41.430773   208.283   219.771  3 55138.95883398 27.596
  50 269.093516  41.431835   190.395   190.395  2 55148.87447239 20.480
  51 269.096852  41.432918   198.290   198.290  2 55158.79011092 15.841
  52 269.101737  41.432769   187.727   187.727  2 55168.70574962 18.187
  53 269.104098  41.433675   213.278   211.684  3 55178.62138706 20.865
  54 269.102721  41.432618   226.575   226.575  2 55188.53703289  8.663
  55 269.098967  41.431858   214.010   214.010  2 55198.45268360 17.398
  56 269.096388  41.432404   220.949   220.949  2 55208.36833307  8.198
  57 269.097270  41.431759   227.428   227.428  2 55218.28398242  5.920
  58 269.096506  41.432527   225.837   225.837  2 55228.19963049  5.926
  59 269.095690  41.431690   220.627   220.627  2 55238.11527587 12.737
  60 269.092922  41.431708   165.642   165.642  2 55248.03091737 32.681
  61 269.091321  41.430231   223.741   223.741  2 55257.94655697 13.792
  62 269.091378  41.430151   213.411   213.222  3 55267.86219586 26.582
  63 269.094330  41.430137   200.211   200.211  2 55277.77783471 21.250
  64 269.097668  41.431399   198.368   198.368  2 55287.69347221 14.467
  65 269.100257  41.433094   200.288   200.288  2 55297.60910720 16.680
  66 269.099959  41.431580   219.651   219.651  2 55307.52474964 11.022
  67 269.095343  41.432210   208.207   208.207  2 55317.44039573 17.573
  68 269.094340  41.431334   227.768   227.768  2 55327.35604107 12.858
  69 269.096381  41.431128   201.494   201.494  2 55337.27168554 23.258
  70 269.098248  41.432709   217.459   217.459  2 55347.18732912 24.510
  71 269.099249  41.433490   190.279   190.279  2 55357.10297122 18.663
  72 269.100213  41.431799   226.595   226.595  2 55367.01861179  9.721
  73 269.098699  41.433411   188.473   188.473  2 55376.93425014 14.094
  74 269.100316  41.433476   185.565   185.565  2 55386.84988835 20.173
  75 269.104275  41.432449   167.710   168.442  3 55396.76552619 33.449
  76 269.106605  41.432231   220.373   220.417  3 55406.68116890 27.597
  77 269.102792  41.432599   176.450   176.450  2 55416.59681987 17.394
  78 269.097740  41.432185   218.158   218.158  2 55426.51246748 27.018
  79 269.094653  41.430582   200.227   200.227  2 55436.42811264 19.314
  80 269.093136  41.430604   183.021   183.034  3 55446.34375614 23.055
  81 269.094593  41.430534   219.759   219.759  2 55456.25939922 23.140
  82 269.097398  41.430644   222.389   222.389  2 55466.17504165  9.853
  83 269.098895  41.431885   221.446   221.446  2 55476.09068065 26.513
  84 269.098894  41.432909   219.984   219.984  2 55486.00631644 24.008
  85 269.099072  41.432424   214.754   214.754  2 55495.92195053 12.157
  86 269.101255  41.431605   187.569   187.569  2 55505.83758572 17.070
  87 269.100764  41.431498   209.855   209.855  2 55515.75323647 11.045
  88 269.101633  41.431976   177.994   177.994  2 55525.66888638 23.493
  89 269.101598  41.431686   195.429   195.429  2 55535.58453438 18.113
  90 269.098786  41.432653   218.430   218.430  2 55545.50017974 11.553
  91 269.096668  41.432403   214.215   214.215  2 55555.41582343 19.325
  92 269.097568  41.430594   217.972   217.972  2 55565.33146659 11.201
  93 269.098570  41.431790   217.989   217.989  2 55575.24710847 12.084
  94 269.100474  41.431577   226.431   226.431  2 55585.16274899  7.479
  95 269.100543  41.432722   220.864   220.864  2 55595.07838577 10.021
  96 269.100356  41.433070   219.386   219.386  2 55604.99401947  9.789
  97 269.101157  41.433179   218.203   218.203  2 55614.90965142 23.340
  98 269.102367  41.432415   214.226   214.226  2 55624.82529160 28.465
  99 269.100634  41.432274   202.507   202.507  2 55634.74094423 16.119
 100 269.098803  41.433417   214.721   214.721  2 55644.65659443 11.754
 101 269.098363  41.432378   218.029   218.029  2 55654.57224236 10.747
 102 269.097125  41.431920   224.210   224.210  2 55664.48788551 26.327
 103 269.096050  41.431754   226.246   226.246  2 55674.40352546 14.495
 104 269.097176  41.431345   221.296   221.296  2 55684.31916383 27.061
 105 269.099396  41.433324   224.230   224.230  2 55694.23480052 21.272
 106 269.105464  41.432248   215.515   214.948  3 55704.15043669 24.429
 107 269.104837  41.434066   214.604   220.909  3 55714.06608200 15.375
 108 269.102694  41.433045   170.262   168.947  3 55723.98173088 33.393
 109 269.100635  41.431948   177.033   177.033  2 55733.89737797 22.983
 110 269.099613  41.431400   211.648   211.648  2 55743.81302393 13.033
 111 269.099144  41.431717   214.667   214.667  2 55753.72866842  8.120
 112 269.099924  41.431475   219.196   219.196  2 55763.64431089  8.802
 113 269.099761  41.431748   223.079   223.079  2 55773.55995036 11.871
 114 269.099382  41.431468   216.927   216.927  2 55783.47558645 26.702
 115 269.099330  41.433533   221.448   221.448  2 55793.39121945 24.289
 116 269.102808  41.433062   171.063   168.522  3 55803.30685514 29.172
 117 269.102167  41.433223   175.841   175.841  2 55813.22250450 24.375
 118 269.102094  41.432547   199.823   199.823  2 55823.13815219 20.847
 119 269.102082  41.431852   221.254   221.254  2 55833.05379514 26.752
 120 269.101075  41.433059   187.358   187.358  2 55842.96943346 19.544
 121 269.102028  41.433365   176.417   176.417  2 55852.88506927 24.764
 122 269.104913  41.433141   177.861   177.908  3 55862.80070513 19.220
 123 269.102597  41.433012   173.662   177.398  3 55872.71635940 27.301
 124 269.102795  41.432575   193.211   193.211  2 55882.63200903 19.904
 125 269.102647  41.433286   168.263   168.263  2 55892.54765195 31.070
 126 269.104070  41.433376   173.808   177.545  3 55902.46328941 29.552
 127 269.105765  41.433341   218.843   218.384  3 55912.37892535 29.012
 128 269.101842  41.432931   190.267   196.667  3 55922.29457932 20.086
 129 269.099713  41.432405   220.461   220.461  2 55932.21023058  9.460
 130 269.097535  41.432630   209.421   209.421  2 55942.12587748 12.627
 131 269.096951  41.430696   214.313   214.313  2 55952.04152056 18.310
 132 269.095213  41.431682   206.559   206.559  2 55961.95715960 15.659
 133 269.096145  41.431952   220.375   220.375  2 55971.87279713 13.982
 134 269.100281  41.431733   179.686   179.686  2 55981.78843395 18.555
 135 269.104370  41.432485   219.574   219.617  3 55991.70406922 24.927
 136 269.102535  41.433356   174.781   174.781  2 56001.61971599 23.536
 138 269.095677  41.432487   206.000   206.000  2 56021.45101252 14.908
 139 269.095481  41.431913   213.596   213.596  2 56031.36665605 13.630
 140 269.097586  41.432183   220.298   220.298  2 56041.28229742 25.249
 141 269.101174  41.431762   227.656   227.656  2 56051.19793667 15.740
 142 269.103742  41.432992   186.132   177.112  3 56061.11357274 29.594
 143 269.105440  41.433105   177.993   177.993  2 56071.02921053 19.820
 144 269.101852  41.433016   187.974   187.974  2 56080.94486074 19.589
 145 269.100199  41.432231   187.661   187.661  2 56090.86050876 20.050
 146 269.100081  41.432301   195.227   195.227  2 56100.77615447 16.312
 147 269.099970  41.432473   219.416   219.416  2 56110.69178608 15.247
 148 269.100033  41.432173   220.409   220.409  2 56120.60742611 23.732
 149 269.100502  41.431685   201.754   201.754  2 56130.52306250 13.015
 150 269.101346  41.431868   219.988   219.988  2 56140.43869620 25.267
 151 269.099186  41.431508   198.109   198.109  2 56150.35434690 19.406
 152 269.098671  41.432918   219.354   219.354  2 56160.26999538 24.074
 153 269.100493  41.431849   197.148   197.148  2 56170.18564292 15.918
 154 269.099618  41.432473   219.392   219.392  2 56180.10128610 23.231
 155 269.098293  41.432468   218.490   218.490  2 56190.01692535 10.316
 156 269.098158  41.432340   202.303   202.303  2 56199.93256189 12.415
 157 269.101599  41.432573   176.847   176.847  2 56209.84819639 23.988
 158 269.107077  41.433255   219.824   226.756  4 56219.76382934 13.088
 159 269.107590  41.433358   218.727   226.448  3 56229.67947842 10.681
 160 269.105298  41.432494   183.880   177.755  3 56239.59513210 22.579
 161 269.101468  41.432699   222.129   222.129  2 56249.51078148 27.183
 162 269.099290  41.432838   205.804   205.804  2 56259.42642608 18.970
 163 269.100433  41.431964   190.109   190.109  2 56269.34206826 16.662
 164 269.101095  41.433079   199.393   199.393  2 56279.25770818 26.160
 165 269.099371  41.433200   206.067   206.067  2 56289.17335818 16.032
 166 269.097105  41.432203   215.948   215.948  2 56299.08900643 21.693
 167 269.095227  41.430491   213.265   213.265  2 56309.00465093 21.634
 168 269.092982  41.431320   215.920   215.920  2 56318.92029266 17.883
 169 269.094148  41.431719   214.802   214.802  2 56328.83593394 17.144
 170 269.098156  41.431767   222.168   222.168  2 56338.75157477  8.561
 171 269.101877  41.432808   225.951   225.951  2 56348.66721343  8.630
 172 269.103940  41.432961   214.847   213.681  3 56358.58284916 24.430
 173 269.097847  41.433070   216.484   216.484  2 56368.49849938 10.521
 175 269.094643  41.431212   195.503   182.972  3 56388.32979287 24.128
 176 269.097512  41.432410   222.453   222.453  2 56398.24543610 23.288
 177 269.101299  41.432706   223.518   223.518  2 56408.16107710 19.530
 178 269.103395  41.433326   196.415   196.415  2 56418.07671374 26.163
 179 269.105149  41.433720   220.559   219.778  3 56427.99234580 31.026
 180 269.100816  41.431788   175.972   175.972  2 56437.90799950 19.152
 181 269.096909  41.432660   220.656   220.656  2 56447.82365040 11.824
 182 269.098023  41.430773   219.499   219.499  2 56457.73930018 10.093
 183 269.096266  41.432518   226.620   226.620  2 56467.65494581  9.716
 184 269.096555  41.431144   222.879   222.879  2 56477.57058813 24.397
 185 269.095285  41.432032   202.530   202.530  2 56487.48622606 18.820
 186 269.097054  41.431337   220.486   220.486  2 56497.40186178 25.029
 187 269.100652  41.432062   220.327   220.327  2 56507.31749595 25.015
 188 269.105967  41.432382   224.105   227.048  3 56517.23313258 23.472
 189 269.104592  41.432612   170.504   167.326  3 56527.14878640 35.211
 190 269.101907  41.433241   175.911   175.911  2 56537.06443580 23.161
 192 269.096556  41.431503   211.733   211.733  2 56556.89572508 10.393
 193 269.096615  41.432518   196.227   196.227  2 56566.81136759 18.048
 194 269.100237  41.433027   186.983   186.983  2 56576.72700930 20.579
 195 269.105470  41.432898   185.702   177.469  3 56586.64264794 21.037
 196 269.107341  41.433209   227.036   227.230  4 56596.55828770 11.296
 197 269.102490  41.432488   177.948   177.948  2 56606.47393962 18.621
 198 269.098277  41.432869   221.998   221.998  2 56616.38958636  9.943
 199 269.098957  41.431244   214.233   214.233  2 56626.30523028 25.558
 201 269.101771  41.433017   216.492   216.492  2 56646.13651067 23.553
 202 269.098953  41.431851   225.850   225.850  2 56656.05216277  6.540
 203 269.094945  41.432370   221.635   221.635  2 56665.96781021  8.005
 204 269.094489  41.430744   226.689   226.689  2 56675.88345594  7.454
 205 269.094395  41.431980   221.750   221.750  2 56685.79910029  8.698
 206 269.097098  41.432357   220.571   220.571  2 56695.71474316  9.639
 207 269.101238  41.432331   228.382   228.382  2 56705.63038172  7.542
 208 269.104208  41.432785   219.959   219.959  2 56715.54601456 17.955
 209 269.099258  41.431316   241.107   241.107  2 56725.46166787 22.696
 210 269.095736  41.430443   215.822   215.822  2 56735.37731742 26.602
 211 269.095502  41.430776   221.233   221.233  2 56745.29296351 30.175
 212 269.098553  41.431911   218.281   218.281  2 56755.20860538 26.184
 213 269.103144  41.432996   191.919   191.919  2 56765.12424175 31.384
 214 269.104668  41.433403   226.816   227.184  3 56775.03987961 12.859
 216 269.095072  41.430583   176.839   176.839  2 56794.87118918 20.458
 217 269.092944  41.429852   204.700   204.700  2 56804.78683872 16.076
 218 269.094088  41.430112   182.810   182.810  2 56814.70248140 18.293
 219 269.094592  41.431883   202.811   202.811  2 56824.61812026 18.754
 220 269.097037  41.431556   241.640   241.640  2 56834.53375580  6.064
 221 269.100173  41.431737   224.607   224.607  2 56844.44938778 23.631
 222 269.100296  41.431574   222.186   222.186  2 56854.36503203 22.040
 223 269.098269  41.431624   222.305   222.305  2 56864.28068529  7.823
 224 269.097227  41.431228   227.034   227.034  2 56874.19633799  9.995
 225 269.095602  41.431935   220.211   220.211  2 56884.11198725 24.897
 226 269.095898  41.430207   196.267   196.267  2 56894.02763397 15.059
 227 269.094686  41.430183   187.718   187.718  2 56903.94327714 17.819
 228 269.094192  41.430492   200.423   200.423  2 56913.85891848 19.573
 229 269.095010  41.432560   209.760   209.760  2 56923.77455804 15.425
 231 269.104858  41.433157   184.050   177.720  3 56943.60582841 20.161
 232 269.103951  41.433017   202.644   214.836  3 56953.52147526 19.991
 233 269.100253  41.432078   193.426   193.426  2 56963.43712554 18.672
 234 269.098404  41.431243   192.352   192.352  2 56973.35277098 15.881
 235 269.097964  41.432819   210.748   210.748  2 56983.26841167 22.597
 236 269.102086  41.431636   213.930   213.930  2 56993.18404848 21.755
 237 269.103652  41.433190   216.361   217.057  3 57003.09968430 28.362
 238 269.099103  41.432076   214.538   214.538  2 57013.01534056 10.417
 239 269.096407  41.431102   216.392   216.392  2 57022.93099170 20.738
 240 269.095991  41.431125   222.531   222.531  2 57032.84664045  8.085
 241 269.097714  41.430654   214.411   214.411  2 57042.76228740 19.027
 243 269.098904  41.432363   222.597   222.597  2 57062.59357176 12.449
 244 269.099671  41.433475   214.371   214.371  2 57072.50920639 18.264
 245 269.103248  41.433336   225.887   225.932  3 57082.42483740  8.377
 246 269.103990  41.432387   209.228   209.228  2 57092.34048397 23.952
 247 269.101378  41.432527   198.576   198.576  2 57102.25614074 15.307
 248 269.099522  41.433193   180.139   180.139  2 57112.17179387 20.993
 249 269.099155  41.432609   196.203   196.203  2 57122.08744146 16.353
 250 269.098493  41.431877   220.530   220.530  2 57132.00308353 23.646
 251 269.098535  41.432840   220.824   220.824  2 57141.91872055 25.138
 252 269.101701  41.432502   190.513   177.735  3 57151.83435515 20.718
 253 269.105770  41.433594   206.696   197.085  3 57161.74998621 14.929
 254 269.102582  41.432429   197.655   196.558  3 57171.66564343 16.907
 255 269.098104  41.432561   226.252   226.252  2 57181.58129786  9.140
 256 269.095318  41.431138   200.484   200.484  2 57191.49694879 16.923
 257 269.093706  41.431302   220.190   220.190  2 57201.41259635 17.530
 258 269.094769  41.431701   183.060   183.060  2 57211.32823027 18.156
 259 269.097201  41.432511   220.294   220.294  2 57221.24387386 26.260
 260 269.098509  41.433374   218.380   218.380  2 57231.15951599 24.775
 261 269.099427  41.433100   221.364   221.364  2 57241.07515585 21.950
 262 269.099646  41.433611   197.534   197.534  2 57250.99079291 16.656
 263 269.103038  41.432458   171.649   171.649  2 57260.90642869 28.902
 264 269.106902  41.433161   208.897   205.528  4 57270.82206310 13.981
 265 269.106621  41.432351   193.949   196.895  3 57280.73771821 14.103
 266 269.103886  41.433044   196.880   193.084  3 57290.65337336 20.444
 267 269.100147  41.433059   209.120   209.120  2 57300.56902553 17.523
 268 269.097440  41.431467   217.592   217.592  2 57310.48467436  8.856
 269 269.095637  41.430194   218.673   218.673  2 57320.40031968 28.006
 270 269.094167  41.432083   182.743   182.743  2 57330.31596157 23.365
 271 269.097855  41.431020   218.656   218.656  2 57340.23160225 29.721
 272 269.097177  41.430608   206.999   206.999  2 57350.14725206 17.992
 273 269.095466  41.431304   187.949   187.949  2 57360.06289678 15.678
 274 269.094049  41.431279   225.424   225.424  2 57369.97853858 18.029
 275 269.094025  41.432233   204.732   204.732  2 57379.89417817 21.365
 276 269.098590  41.431904   198.619   198.619  2 57389.80981747 21.268
 277 269.103993  41.432553   211.376   211.376  2 57399.72545580 19.156
 278 269.107112  41.433050   219.016   218.472  4 57409.64109482 13.956
 279 269.102971  41.432277   213.633   213.633  2 57419.55674756 27.387
 280 269.097387  41.433125   212.965   212.965  2 57429.47239719 19.454
 281 269.097211  41.430551   214.691   214.691  2 57439.38804553 28.165
 282 269.098338  41.431341   209.864   209.864  2 57449.30369206 13.298
 283 269.100274  41.432221   220.558   220.558  2 57459.21933722 17.887
 284 269.102015  41.432782   172.771   172.771  2 57469.13497927 24.233
 285 269.102530  41.432877   168.599   168.599  2 57479.05061729 33.124
 286 269.101962  41.433098   180.059   180.059  2 57488.96625217 21.951
 287 269.103468  41.433173   173.943   177.603  3 57498.88188544 31.950
 288 269.104958  41.432692   227.380   227.659  3 57508.79752811 11.912
 289 269.101891  41.432979   200.213   200.213  2 57518.71318404 18.851
 290 269.099530  41.433508   207.121   207.121  2 57528.62883717 21.099
 291 269.097624  41.432157   225.301   225.301  2 57538.54448766  8.987
 292 269.094369  41.432288   218.276   218.276  2 57548.46013500 25.085
 293 269.093551  41.431249   220.250   220.250  2 57558.37578118 17.874
 294 269.094551  41.432123   218.950   218.950  2 57568.29142613 26.205
 295 269.098525  41.431194   215.478   215.478  2 57578.20707100 22.465
 296 269.099435  41.433428   220.591   220.591  2 57588.12271354 25.654
 297 269.100540  41.432114   185.478   185.478  2 57598.03835427 17.440
