#  150.000  -1.392   8.397 ;Mean Elev.(m), Avg Gradient(m/km), RMS Gradient(m/km) - SRTM1     
#  145.005  -1.361   8.655 ;Mean Elev.(m), Avg Gradient(m/km), RMS Gradient(m/km) - ASTER GDEM
#  150.000   0.121   8.767 ;Mean Elev.(m), Avg Gradient(m/km), RMS Gradient(m/km) - GMTED2010 
   1 268.498663  40.087209   184.326   184.326  2 54667.59509277  9.443
   2 268.499087  40.090796   190.733   190.613  3 54677.51073781  9.816
   3 268.498812  40.092115   141.104   141.039  3 54687.42638094 24.657
   4 268.499287  40.090656   197.174   197.073  3 54697.34202172 24.247
   5 268.498730  40.085348   144.453   144.453  2 54707.25766173 36.171
   6 268.499495  40.086541   143.564   143.564  2 54717.17331380 43.594
   7 268.499408  40.087328   146.037   146.037  2 54727.08896332 47.933
   8 268.498735  40.090460   200.073   200.073  2 54737.00461179  9.341
   9 268.498372  40.095428   144.196   143.486  3 54746.92026034 33.758
  10 268.497111  40.097267   143.977   143.977  2 54756.83590787 40.911
  11 268.497372  40.096380   146.191   146.191  2 54766.75155318 25.014
  12 268.497840  40.092113   145.761   145.745  3 54776.66719465 25.834
  13 268.498555  40.088991   184.087   183.937  3 54786.58283383  9.733
  14 268.499148  40.088504   188.603   184.014  3 54796.49847212 14.730
  15 268.498921  40.087839   178.437   178.437  2 54806.41410971 21.594
  16 268.499064  40.086106   197.961   197.961  2 54816.32974648 26.339
  17 268.499164  40.088133   184.115   184.115  2 54826.24539459 12.586
  18 268.498375  40.090833   197.442   198.276  3 54836.16103420 26.913
  19 268.497474  40.094994   188.970   195.088  3 54846.07668446 15.883
  20 268.496524  40.098057   191.518   191.518  2 54855.99233402 13.703
  21 268.496075  40.100527   182.213   182.213  2 54865.90798357 13.569
  22 268.496786  40.101951   200.198   200.198  2 54875.82363261 21.272
  23 268.497422  40.100312   199.863   199.863  2 54885.73927816 22.455
  24 268.497841  40.098208   146.020   146.020  2 54895.65492008 29.894
  25 268.497850  40.096925   146.929   146.998  3 54905.57055929 38.822
  26 268.497606  40.095844   145.528   145.528  2 54915.48619715 43.280
  27 268.497720  40.095171   145.913   145.913  2 54925.40183467 49.259
  28 268.498474  40.093198   193.751   190.885  3 54935.31747128  9.727
  29 268.498592  40.087302   200.387   200.408  3 54945.23310515 22.633
  30 268.500994  40.082442   193.223   193.223  2 54955.14873702 12.043
  31 268.500472  40.082403   183.815   183.815  2 54965.06438374 11.253
  32 268.499628  40.085135   177.130   174.068  3 54974.98003227 16.025
  33 268.498532  40.087928   190.201   190.220  3 54984.89568061 14.684
  34 268.498310  40.089957   145.347   145.525  3 54994.81132884 33.993
  35 268.498907  40.092324   201.005   201.666  3 55004.72697582 22.045
  36 268.499207  40.094467   145.123   145.081  3 55014.64262048 30.370
  37 268.498341  40.094980   144.889   144.911  3 55024.55826322 45.558
  38 268.497675  40.095841   144.443   144.535  3 55034.47390533 48.375
  39 268.498144  40.095170   145.143   145.929  3 55044.38954645 26.442
  40 268.498950  40.090620   200.265   200.147  3 55054.30518514 11.300
  41 268.499777  40.085038   178.600   178.600  2 55064.22082143 15.778
  42 268.499645  40.085405   146.328   146.391  3 55074.13646775 46.630
  43 268.498483  40.088250   198.916   199.686  3 55084.05211620 27.678
  44 268.499157  40.093993   184.444   184.648  3 55093.96776401  9.301
  45 268.498249  40.095115   144.996   145.506  3 55103.88341078 31.380
  46 268.497932  40.094929   146.141   146.154  3 55113.79905715 26.403
  47 268.497864  40.092592   184.397   184.313  3 55123.71470069 10.633
  48 268.498270  40.090512   188.027   189.261  3 55133.63034140  9.077
  49 268.499332  40.090475   183.992   183.979  3 55143.54598029  8.865
  50 268.498723  40.089845   201.765   201.765  2 55153.46161808 14.178
  51 268.498897  40.089489   199.047   199.047  2 55163.37725625 14.891
  52 268.498960  40.087326   198.635   199.103  3 55173.29289375 22.840
  53 268.499743  40.084668   144.562   144.562  2 55183.20853060 45.925
  54 268.499194  40.088864   200.513   200.513  2 55193.12418249 26.511
  55 268.498495  40.094683   198.867   197.986  3 55203.03983355 26.121
  56 268.496996  40.097859   199.174   199.174  2 55212.95548355 16.245
  57 268.497478  40.100009   186.945   186.945  2 55222.87113315 16.700
  58 268.497080  40.097703   190.663   190.934  3 55232.78678045 23.009
  59 268.498222  40.095193   144.312   144.312  2 55242.70242459 46.438
  60 268.497850  40.093456   144.157   144.173  3 55252.61806532 46.538
  61 268.497829  40.095127   181.420   181.420  2 55262.53370431 14.544
  62 268.497445  40.095709   147.379   147.379  2 55272.44934192 51.265
  63 268.498574  40.094555   147.113   147.113  3 55282.36497905 37.594
  64 268.498896  40.088710   184.234   184.279  3 55292.28061401 10.701
  65 268.499869  40.082927   198.616   198.862  3 55302.19624773 23.370
  66 268.499722  40.083987   183.231   181.081  3 55312.11189540 14.978
  67 268.498813  40.086057   200.095   200.925  3 55322.02754105 13.658
  68 268.498618  40.089836   198.161   198.161  2 55331.94318608 22.127
  69 268.498883  40.092907   145.954   145.837  3 55341.85883105 50.362
  70 268.498754  40.092297   184.128   184.199  3 55351.77447509 11.192
  71 268.498837  40.090737   190.975   190.877  3 55361.69011675 11.627
  72 268.498982  40.090699   201.664   201.503  3 55371.60575653 18.205
  73 268.498756  40.090971   184.365   184.504  3 55381.52139474  7.881
  74 268.498271  40.090115   184.336   184.290  3 55391.43703189  9.866
  75 268.498782  40.086548   146.816   146.693  3 55401.35266725 39.874
  76 268.499220  40.085217   202.606   202.606  2 55411.26831635 25.677
  77 268.499778  40.084974   147.177   147.177  2 55421.18396595 44.340
  78 268.498928  40.085341   146.846   146.846  2 55431.09961272 41.169
  79 268.498862  40.090613   194.589   199.611  3 55441.01525844  8.633
  80 268.497923  40.093715   144.920   144.732  3 55450.93090233 35.692
  81 268.498204  40.094228   146.295   146.295  2 55460.84654529 27.708
  82 268.498914  40.090925   182.027   183.856  3 55470.76218638 10.427
  83 268.499351  40.086101   146.966   146.966  2 55480.67782414 47.451
  84 268.499330  40.082382   174.631   174.631  2 55490.59345945 16.345
  85 268.500110  40.082279   200.893   200.769  3 55500.50909325 17.460
  86 268.499182  40.084846   201.818   201.818  2 55510.42473578 24.230
  87 268.499207  40.090156   198.308   198.968  3 55520.34038638 23.949
  88 268.499450  40.092685   184.047   184.208  3 55530.25603542 10.161
  89 268.498873  40.092304   193.480   197.643  3 55540.17168222 16.911
  90 268.498623  40.092915   197.346   198.544  3 55550.08732718 22.030
  91 268.497819  40.095016   180.171   179.965  3 55560.00297090 15.259
  92 268.497779  40.097094   198.374   198.374  2 55569.91861396 18.219
  93 268.497951  40.095743   185.483   185.483  2 55579.83425546  9.898
  94 268.498801  40.091053   183.153   183.153  2 55589.74989368 13.590
  95 268.499531  40.084064   191.039   191.231  3 55599.66552828 21.080
  96 268.500453  40.080359   190.053   190.053  2 55609.58116100 15.225
  97 268.501657  40.080961   200.071   200.071  2 55619.49679282 25.507
  98 268.499875  40.085980   197.462   197.462  2 55629.41244291 24.635
  99 268.498923  40.088387   200.399   200.118  3 55639.32809394 18.496
 100 268.498990  40.087325   201.474   201.242  3 55649.24374209 21.111
 101 268.499644  40.085863   201.314   201.314  2 55659.15938706 26.871
 102 268.499208  40.085130   146.942   146.942  2 55669.07502846 46.516
 103 268.498653  40.086485   148.014   147.935  3 55678.99066816 44.423
 104 268.498847  40.088098   184.280   184.089  3 55688.90630619 10.732
 105 268.498726  40.086762   201.094   201.094  2 55698.82194222 22.502
 106 268.499401  40.084243   184.688   184.688  2 55708.73757918 13.309
 107 268.499196  40.086253   184.477   184.477  2 55718.65323039 11.804
 108 268.498581  40.088796   203.291   203.983  3 55728.56887905 24.264
 109 268.499229  40.092914   201.765   201.689  3 55738.48452650 24.035
 110 268.498060  40.093557   146.482   146.549  3 55748.40017179 48.912
 111 268.498316  40.092954   145.386   145.332  3 55758.31581465 36.206
 112 268.498647  40.089038   184.196   184.196  2 55768.23145417  9.564
 113 268.499383  40.084430   145.566   145.648  3 55778.14709054 35.801
 114 268.500507  40.081767   200.156   200.156  2 55788.06272493 24.327
 115 268.500801  40.080663   183.661   183.661  2 55797.97835835 13.262
 116 268.500398  40.083776   183.656   183.656  2 55807.89400326 11.499
 117 268.499003  40.085159   176.901   173.683  3 55817.80965273 14.806
 118 268.499435  40.084111   174.823   173.736  3 55827.72529809 15.000
 119 268.500934  40.083074   197.309   197.309  2 55837.64093913 28.974
 120 268.500081  40.080159   173.172   173.172  2 55847.55657636 16.013
 121 268.500710  40.081116   198.877   198.877  2 55857.47221197 23.910
 122 268.499931  40.084854   176.380   176.380  2 55867.38785761 13.531
 123 268.498655  40.088529   198.495   198.495  2 55877.30351004 11.213
 124 268.498982  40.089713   198.786   200.448  3 55887.21915581 27.647
 125 268.498562  40.087076   180.405   183.594  3 55897.13479517 13.120
 126 268.499603  40.084596   196.651   197.760  3 55907.05042973 28.225
 127 268.499367  40.087175   198.466   198.466  2 55916.96607621 24.686
 128 268.499378  40.092620   183.568   183.699  3 55926.88173094 10.679
 129 268.499034  40.093899   146.028   146.019  3 55936.79738151 22.441
 130 268.498219  40.091327   190.370   196.814  3 55946.71302633 17.486
 131 268.499239  40.089961   182.983   183.222  3 55956.62866693 12.061
 132 268.498617  40.087185   199.543   199.543  2 55966.54430436 27.627
 133 268.498817  40.087043   198.973   199.539  3 55976.45994115 27.218
 134 268.499222  40.085790   200.021   199.682  3 55986.37557689 12.049
 135 268.500543  40.083576   179.049   179.049  2 55996.29121306 12.863
 136 268.499836  40.084160   198.232   198.911  3 56006.20686445 26.637
 137 268.499872  40.085422   178.059   178.059  2 56016.12251206 13.428
 138 268.498667  40.087167   199.732   199.732  2 56026.03815686 10.431
 139 268.499290  40.091772   177.835   174.859  3 56035.95380083 11.126
 140 268.498540  40.091418   183.537   183.468  3 56045.86944180 10.210
 141 268.499010  40.090091   172.841   172.854  3 56055.78507988 16.642
 142 268.498801  40.084725   177.351   177.351  2 56065.70071301 13.348
 143 268.499365  40.086922   182.161   182.161  2 56075.61635962 11.064
 144 268.498427  40.090368   199.876   199.177  3 56085.53200940 19.713
 145 268.499328  40.093717   198.761   198.590  3 56095.44765680 20.631
 146 268.498506  40.091652   181.611   183.409  3 56105.36330082  9.932
 147 268.499128  40.089261   199.222   199.222  2 56115.27893043 25.636
 148 268.499148  40.085031   199.862   199.862  2 56125.19456748 21.013
 149 268.500989  40.083095   186.233   186.233  2 56135.11020125 15.365
 150 268.499989  40.082351   172.582   172.582  2 56145.02584243 15.810
 151 268.499087  40.085643   175.733   172.759  3 56154.94149318 16.862
 152 268.498630  40.088076   176.957   176.957  2 56164.85714283 13.710
 153 268.498424  40.088184   198.482   199.057  3 56174.77278990 26.079
 154 268.499098  40.086941   179.382   182.196  3 56184.68843164 14.537
 155 268.499550  40.085537   172.660   172.660  2 56194.60406946 14.787
 156 268.498967  40.084141   172.736   172.736  2 56204.51970415 15.550
 157 268.499884  40.084479   178.925   181.915  3 56214.43533759 13.989
 158 268.499747  40.082605   181.118   181.118  2 56224.35097300 13.984
 159 268.499247  40.086056   190.638   190.638  2 56234.26662926 14.113
 160 268.499081  40.088339   198.228   198.477  3 56244.18228142 29.853
 161 268.498820  40.090304   181.951   182.914  3 56254.09792875 10.951
 162 268.498307  40.091452   197.821   197.858  3 56264.01357181 26.514
 163 268.498040  40.091656   178.314   178.246  3 56273.92921305 12.626
 164 268.498494  40.091136   173.753   173.028  3 56283.84485734 16.241
 165 268.498822  40.091241   198.565   198.738  3 56293.76050907 12.447
 166 268.499354  40.091278   179.309   177.099  3 56303.67615641 17.498
 167 268.499022  40.091627   179.247   177.235  3 56313.59179957 15.926
 168 268.498254  40.092206   181.094   181.969  3 56323.50744040 12.303
 169 268.498216  40.092233   185.060   185.237  3 56333.42308038 13.627
 170 268.498793  40.089701   176.444   176.444  2 56343.33871933 15.158
 171 268.499258  40.084517   143.899   143.712  3 56353.25435546 38.561
 172 268.500158  40.083754   202.769   202.769  2 56363.16999758 21.755
 173 268.498947  40.086709   199.401   199.401  2 56373.08564695 26.017
 175 268.498111  40.096187   145.372   145.372  2 56392.91693940 37.787
 176 268.497940  40.095149   149.540   149.540  2 56402.83258191 50.971
 177 268.498055  40.091436   181.496   183.221  3 56412.74822109 12.517
 178 268.498630  40.085866   146.946   146.946  2 56422.66385490 38.651
 179 268.499314  40.086780   184.294   184.356  3 56432.57949727  9.820
 180 268.498063  40.092164   164.958   172.563  3 56442.49515052 22.854
 181 268.497433  40.095820   147.947   147.947  2 56452.41080084 30.333
 182 268.497832  40.095579   146.772   146.772  2 56462.32644797 49.491
 183 268.498698  40.093011   147.401   147.499  3 56472.24209141 50.013
 184 268.499252  40.089238   147.056   147.030  3 56482.15773118 45.667
 185 268.499225  40.087141   200.482   200.482  2 56492.07336770 13.595
 186 268.499084  40.085653   182.583   174.048  3 56501.98900204 14.105
 187 268.499643  40.083072   144.529   144.529  2 56511.90463484 42.102
 188 268.499842  40.083417   191.037   191.037  2 56521.82028168 10.596
 189 268.499876  40.085278   177.736   177.736  2 56531.73593513 11.798
 191 268.499114  40.088499   183.406   183.406  2 56551.56723000  9.689
 192 268.499082  40.093063   184.362   184.603  3 56561.48287353  9.051
 193 268.498462  40.095029   143.420   143.435  3 56571.39851525 34.117
 194 268.497896  40.092700   143.847   143.721  3 56581.31415453 35.311
 195 268.498965  40.086563   179.483   181.708  3 56591.22978903 13.476
 196 268.499103  40.085888   177.981   177.981  2 56601.14543733 14.876
 197 268.498328  40.088454   180.088   182.768  3 56611.06108773 11.616
 198 268.499335  40.093898   168.077   168.757  3 56620.97673440 16.537
 199 268.498001  40.093936   143.659   143.596  3 56630.89237690 37.206
 200 268.498224  40.090270   143.482   143.441  3 56640.80801511 31.349
 201 268.498730  40.087564   198.040   197.919  3 56650.72366229 13.279
 202 268.498997  40.087913   175.269   176.053  3 56660.63931314 18.463
 203 268.498985  40.090414   197.793   197.793  2 56670.55496077 11.875
 204 268.498095  40.093395   187.914   185.644  3 56680.47060610  9.645
 205 268.497675  40.094024   182.334   180.595  3 56690.38624910 13.411
 206 268.498052  40.090863   179.286   178.885  3 56700.30188813 14.438
 207 268.499739  40.085887   198.305   198.305  2 56710.21752223 25.776
 208 268.499407  40.084190   198.331   197.696  3 56720.13316369 20.664
 209 268.498636  40.089740   145.112   145.028  3 56730.04881672 48.117
 210 268.497525  40.095186   144.770   144.792  3 56739.96446600 40.288
 211 268.497051  40.097940   144.698   144.698  2 56749.88011083 39.755
 212 268.497714  40.095770   159.357   159.357  2 56759.79574998 17.275
 213 268.498953  40.089164   199.090   199.316  3 56769.71138194 12.203
 214 268.498315  40.089135   200.163   199.762  3 56779.62703256 15.142
 215 268.498799  40.095095   146.309   146.238  3 56789.54268906 31.402
 216 268.496534  40.098209   200.664   200.664  2 56799.45834129 12.582
 217 268.496329  40.100459   183.697   183.697  2 56809.37398714 10.628
 218 268.496643  40.097720   183.436   183.436  2 56819.28962670 16.526
 219 268.498038  40.092276   146.046   146.109  3 56829.20526211 48.574
 220 268.498929  40.084789   147.404   147.404  2 56839.12089398 29.114
 221 268.500526  40.081455   198.367   205.061  3 56849.03652572 17.661
 222 268.498738  40.086699   180.564   183.937  3 56858.95218124 12.722
 223 268.498229  40.092303   198.679   198.121  3 56868.86783605 17.786
 224 268.498461  40.095357   144.356   144.434  3 56878.78348829 39.522
 225 268.497948  40.094882   144.234   144.217  3 56888.69913639 44.941
 226 268.498081  40.095250   145.252   145.552  3 56898.61478189 19.167
 227 268.497502  40.096925   144.718   144.718  2 56908.53042499 37.059
 228 268.497464  40.099215   200.728   200.728  2 56918.44606619 25.609
 229 268.497130  40.097980   144.134   144.097  3 56928.36170458 31.913
 230 268.498356  40.094164   144.627   144.627  2 56938.27733841 49.520
 231 268.498833  40.086611   200.085   201.226  3 56948.19297024 26.896
 232 268.498726  40.088601   178.854   178.854  2 56958.10862384 11.953
 233 268.498119  40.090528   199.255   198.688  3 56968.02427223 21.263
 234 268.499178  40.093848   196.975   198.281  3 56977.93991724 26.220
 235 268.498890  40.092584   194.167   198.957  3 56987.85555684 10.570
 236 268.499092  40.086581   198.168   198.168  2 56997.77118955 23.258
 237 268.499175  40.085486   177.913   177.756  3 57007.68683765 16.126
 238 268.499153  40.087632   183.730   183.730  2 57017.60249173  9.201
 239 268.498866  40.090333   198.307   198.307  2 57027.51814227 28.273
 240 268.498357  40.093275   178.835   176.408  3 57037.43379087 15.741
 241 268.498690  40.094988   198.997   198.861  3 57047.34943667 21.774
 242 268.498649  40.092715   193.240   190.998  3 57057.26507798 24.027
 243 268.499159  40.088802   198.047   198.047  2 57067.18071360 25.022
 244 268.498889  40.084606   198.399   198.399  2 57077.09634489 13.093
 245 268.499927  40.082724   199.521   199.427  3 57087.01197571 16.323
 246 268.498476  40.090072   183.592   183.910  3 57096.92763596 11.149
 247 268.497437  40.094901   143.972   143.956  3 57106.84329295 33.228
 248 268.497969  40.096626   145.039   145.477  3 57116.75894466 23.490
 249 268.497868  40.094723   144.485   144.482  3 57126.67458930 45.545
 250 268.498397  40.093093   146.215   146.587  3 57136.59022853 21.713
 251 268.498446  40.089649   198.943   199.941  3 57146.50586310 25.110
 252 268.498914  40.085652   176.797   173.743  3 57156.42149506 16.346
 253 268.499387  40.085082   144.555   144.555  2 57166.33713764 42.439
 254 268.499100  40.088631   200.744   200.238  3 57176.25279446 20.317
 255 268.498981  40.090121   152.750   152.750  2 57186.16844707 18.301
 256 268.498490  40.090183   181.751   183.567  3 57196.08409537 13.273
 257 268.499102  40.092501   184.134   184.281  3 57205.99973076 12.965
 258 268.498699  40.093587   146.595   146.625  3 57215.91537626 32.426
 259 268.498082  40.092330   195.532   194.646  3 57225.83102010 11.193
 260 268.498701  40.091048   184.031   184.031  2 57235.74666203 10.207
 261 268.498438  40.087992   184.089   184.093  3 57245.66230005 11.821
 262 268.498426  40.086148   178.968   178.968  2 57255.57793561 15.682
 263 268.499192  40.086441   144.258   144.258  2 57265.49357026 37.747
 264 268.499158  40.087320   144.459   144.350  3 57275.40921287 48.657
 265 268.498549  40.090459   200.129   200.180  3 57285.32487025 21.079
 266 268.498253  40.091576   184.379   184.512  3 57295.24052439 10.154
 267 268.498615  40.093005   144.152   144.093  3 57305.15617509 49.322
 268 268.497985  40.094250   143.432   143.444  3 57315.07182195 21.723
 269 268.498104  40.097058   144.246   144.182  3 57324.98746613 48.593
 270 268.497771  40.096264   144.202   144.240  3 57334.90310777 25.837
 271 268.499096  40.094140   147.905   146.010  3 57344.81874741 22.498
 272 268.498111  40.094840   146.096   145.938  3 57354.73440209 37.843
 273 268.498788  40.093845   145.565   145.757  3 57364.65004609 31.043
 274 268.498081  40.091162   200.025   198.409  3 57374.56568608 18.041
 275 268.498552  40.090674   190.865   191.088  3 57384.48132455 15.920
 276 268.498982  40.088830   191.326   198.942  3 57394.39696218 11.969
 277 268.499808  40.085626   201.083   201.083  2 57404.31259863 21.078
 278 268.499587  40.084768   198.196   199.577  3 57414.22824499 27.526
 279 268.499199  40.087961   199.042   199.042  2 57424.14389686 26.556
 280 268.499201  40.093781   196.993   197.399  3 57434.05954652 27.981
 281 268.497324  40.096448   144.952   144.952  2 57443.97519375 30.170
 282 268.497205  40.098027   146.098   146.132  3 57453.89084037 20.596
 283 268.498002  40.096925   146.099   146.099  2 57463.80648480 24.038
 284 268.498989  40.091733   183.943   183.917  3 57473.72212476  9.735
 286 268.498986  40.083784   174.026   174.026  2 57493.55339430 14.863
 287 268.500328  40.083422   176.607   176.607  2 57503.46902616 15.352
 288 268.499265  40.086983   198.246   198.516  3 57513.38467949 28.505
 289 268.498622  40.088275   201.199   200.953  3 57523.30033407 20.636
 290 268.498979  40.088296   184.126   184.126  2 57533.21598622  8.987
 291 268.498581  40.088039   178.880   178.880  2 57543.13163512 10.978
 292 268.498692  40.090406   191.572   191.572  2 57553.04728205  7.627
 293 268.498488  40.093012   145.238   145.206  3 57562.96292767 32.942
 294 268.498876  40.095033   144.971   144.943  3 57572.87857289 48.339
 295 268.498202  40.093005   184.420   184.705  3 57582.79421711 10.874
 296 268.498839  40.091302   183.922   183.922  2 57592.70985961  8.416
 297 268.499158  40.090463   201.192   201.744  3 57602.62549970 16.921
