-365811.309    74.122     0.00    8.89
-365522.277    74.140     0.06    9.93
-365233.226    74.916     2.68    9.87
-364944.155    75.721     2.78   10.45
-364655.066    75.464    -0.89   11.14
-364365.957    74.957    -1.75   11.73
-364076.830    75.318     1.25   11.27
-363787.683    74.917    -1.39   11.83
-363498.517    74.971     0.19   11.53
-363209.332    74.685    -0.99   11.11
-362920.128    74.984     1.03   10.26
-362630.904    76.412     4.94    9.81
-362341.662    79.089     9.25    8.97
-362052.400    79.411     1.11    7.79
-361763.119    80.064     2.26    7.86
-361473.819    80.727     2.29    7.61
-361184.500    81.839     3.84    7.97
-360895.162    82.619     2.70    7.72
-360605.804    83.971     4.67    7.50
-360316.428    85.061     3.77    7.03
-360027.032    86.864     6.23    6.47
-359737.617    88.737     6.47    5.63
-359448.183    89.269     1.84    5.70
-359158.730    90.050     2.69    5.97
-358869.257    90.646     2.06    6.27
-358579.765    91.437     2.73    6.44
-358290.254    91.971     1.84    6.18
-358000.724    91.847    -0.43    6.08
-357711.175    90.051    -6.20    7.00
-357421.606    89.063    -3.41    7.22
-357132.018    88.880    -0.63    7.22
-356842.411    88.477    -1.39    7.14
-356552.785    88.102    -1.29    6.68
-356263.140    88.304     0.70    6.40
-355973.475    89.646     4.63    6.26
-355683.791    90.054     1.41    6.09
-355394.088    90.837     2.70    5.77
-355104.365    91.079     0.83    5.68
-354814.624    91.061    -0.06    5.33
-354524.863    91.373     1.08    5.64
-354235.082    91.724     1.21    5.58
-353945.283    92.339     2.12    5.56
-353659.331    92.581     0.85    5.43
-353373.583    93.010     1.50    5.38
-353087.815    93.173     0.57    5.16
-352802.029    93.484     1.09    5.19
-352516.225    94.214     2.55    4.73
-352230.401    95.053     2.93    4.45
-351944.560    95.579     1.84    4.43
-351658.699    95.563    -0.06    3.86
-351372.820    95.852     1.01    3.44
-351086.922    96.237     1.35    3.33
-350801.006    96.620     1.34    3.36
-350515.071    97.207     2.05    3.45
-350229.117    98.089     3.08    3.15
-349943.145    98.642     1.93    2.82
-349657.154    98.944     1.06    2.56
-349371.145    98.917    -0.09    2.60
-349085.116    98.865    -0.18    2.57
-348799.069    98.834    -0.11    2.56
-348513.004    98.340    -1.72    2.63
-348226.920    98.117    -0.78    2.48
-347940.817    97.905    -0.74    2.69
-347654.695    97.685    -0.77    2.76
-347368.555    97.155    -1.85    2.92
-347082.396    96.737    -1.46    2.79
-346796.218    96.049    -2.40    2.55
-346510.022    95.049    -3.49    2.86
-346223.807    94.052    -3.48    3.34
-345937.573    93.162    -3.11    3.39
-345651.321    92.931    -0.81    3.97
-345365.049    93.011     0.28    3.95
-345078.760    93.194     0.64    4.11
-344792.451    93.694     1.75    4.03
-344506.124    94.471     2.71    3.24
-344219.778    94.855     1.34    2.95
-343933.413    94.760    -0.33    2.97
-343647.029    94.711    -0.17    2.98
-343360.627    94.786     0.26    2.94
-343074.206    95.011     0.78    2.77
-342787.766    95.484     1.65    2.28
-342501.308    95.679     0.68    1.92
-342214.831    95.531    -0.52    1.92
-341928.335    95.704     0.60    1.99
-341641.820    95.957     0.88    2.13
-341355.286    96.010     0.18    2.39
-341068.734    95.945    -0.23    2.55
-340782.163    95.919    -0.09    2.65
-340495.573    95.522    -1.38    2.95
-340208.965    94.918    -2.11    3.17
-339922.337    94.142    -2.71    3.52
-339635.691    92.835    -4.56    3.78
-339349.026    91.484    -4.71    3.43
-339062.342    90.264    -4.25    3.12
-338775.640    89.628    -2.22    2.84
-338488.918    88.931    -2.43    2.95
-338202.178    88.744    -0.65    2.52
-337915.419    88.659    -0.30    1.89
-337628.641    88.425    -0.81    1.82
-337341.844    88.176    -0.87    1.88
-337055.029    87.957    -0.76    2.14
-336768.195    87.628    -1.15    2.27
-336481.341    87.258    -1.29    2.18
-336194.469    87.011    -0.86    2.21
-335907.578    87.128     0.41    2.12
-335620.669    86.834    -1.03    2.26
-335333.740    86.231    -2.10    2.20
-335046.793    85.664    -1.98    2.13
-334759.827    85.282    -1.33    2.15
-334472.841    84.791    -1.71    2.06
-334185.837    84.510    -0.98    1.98
-333898.815    83.932    -2.01    1.77
-333611.773    83.763    -0.59    1.57
-333324.712    83.464    -1.04    1.68
-333037.633    83.092    -1.29    1.72
-332750.534    82.779    -1.09    1.85
-332463.417    82.234    -1.90    2.04
-332176.281    81.498    -2.56    1.99
-331889.126    80.786    -2.48    2.12
-331601.952    80.128    -2.29    2.29
-331314.759    79.516    -2.13    2.25
-331027.547    78.919    -2.08    2.57
-330740.316    78.073    -2.94    2.59
-330453.067    77.536    -1.87    2.56
-330165.798    77.091    -1.55    2.46
-329878.510    76.664    -1.48    2.49
-329591.204    76.327    -1.17    2.41
-329303.879    75.664    -2.31    2.88
-329016.534    74.930    -2.55    3.51
-328729.171    74.357    -1.99    3.59
-328441.789    73.113    -4.33    3.78
-328154.388    71.892    -4.25    3.67
-327866.968    71.087    -2.80    3.44
-327579.528    70.892    -0.68    3.68
-327292.070    71.155     0.92    4.23
-327004.593    71.523     1.28    4.39
-326717.097    72.308     2.73    4.22
-326429.582    73.115     2.81    3.35
-326142.048    73.418     1.05    2.71
-325854.496    73.525     0.37    2.46
-325566.924    72.839    -2.38    2.47
-325279.333    72.142    -2.42    2.52
-324991.723    71.273    -3.02    2.74
-324704.094    70.698    -2.00    2.45
-324416.446    70.286    -1.43    2.32
-324128.779    69.516    -2.68    2.54
-323841.093    68.731    -2.73    2.79
-323553.388    67.822    -3.16    3.20
-323265.664    66.444    -4.79    3.97
-322977.921    65.012    -4.97    4.49
-322690.159    63.397    -5.61    4.67
-322402.378    62.403    -3.45    4.59
-322114.578    62.365    -0.13    4.35
-321826.758    62.663     1.03    4.49
-321538.920    63.451     2.74    4.73
-321251.063    64.802     4.69    4.49
-320963.187    65.529     2.53    3.94
-320675.291    66.247     2.49    3.00
-320387.377    66.538     1.01    1.83
-320099.443    66.326    -0.74    1.82
-319811.491    66.258    -0.23    1.74
-319523.519    66.117    -0.49    1.60
-319235.528    66.074    -0.15    1.64
-318947.518    65.906    -0.59    1.96
-318659.489    65.355    -1.91    2.29
-318371.441    64.721    -2.20    2.77
-318083.374    63.791    -3.23    3.06
-317795.288    62.589    -4.17    3.08
-317507.183    61.291    -4.51    2.81
-317219.058    60.214    -3.74    2.68
-316930.915    59.096    -3.88    3.12
-316642.752    57.251    -6.40    4.67
-316354.570    54.651    -9.02    6.23
-316066.369    52.906    -6.05    6.54
-315778.149    51.650    -4.36    6.62
-315489.910    50.765    -3.07    6.71
-315201.652    49.517    -4.33    6.90
-314913.374    49.113    -1.40    7.18
-314625.077    49.256     0.50    7.22
-314336.762    48.525    -2.54    7.21
-314048.427    48.510    -0.05    7.15
-313760.073    48.431    -0.27    7.45
-313471.699    47.822    -2.11    7.48
-313183.307    47.187    -2.20    8.42
-312894.895    44.286   -10.05   10.02
-312606.465    41.865    -8.39   10.36
-312318.015    38.555   -11.47   11.01
-312029.545    35.438   -10.80   10.09
-311741.057    33.503    -6.71    8.51
-311452.550    32.171    -4.62    7.31
-311164.023    32.835     2.30    8.11
-310875.477    34.207     4.75    9.01
-310586.912    35.944     6.01    8.85
-310298.328    37.579     5.66    7.65
-310009.724    39.891     8.01    7.54
-309721.101    43.178    11.39    6.95
-309432.459    45.815     9.13    6.75
-309143.798    47.727     6.62    6.06
-308855.117    49.221     5.17    5.01
-308566.418    49.747     1.82    5.17
-308277.699    49.354    -1.36    6.20
-307988.961    47.971    -4.79    7.89
-307700.203    45.576    -8.29    9.36
-307411.427    42.646   -10.14   10.01
-307122.631    39.204   -11.91   11.10
-306833.815    38.010    -4.14   10.83
-306544.981    36.826    -4.10   11.15
-306256.127    34.516    -7.99   11.81
-305967.254    32.334    -7.55   11.98
-305678.362    30.152    -7.55   11.56
-305389.450    27.531    -9.07   11.49
-305100.520    24.317   -11.12   10.60
-304811.570    23.193    -3.89    9.97
-304522.600    25.119     6.66   11.05
-304233.611    29.471    15.05   11.44
-303944.603    34.256    16.55   11.45
-303655.576    38.178    13.57   10.69
-303366.529    41.444    11.30    9.04
-303077.463    44.022     8.91    7.07
-302788.378    45.867     6.38    5.30
-302499.274    45.734    -0.46    5.37
-302210.150    45.376    -1.24    5.50
-301921.006    44.984    -1.35    5.31
-301631.844    44.431    -1.91    4.99
-301342.662    43.597    -2.88    4.59
-301053.461    42.247    -4.67    4.83
-300764.240    41.563    -2.37    5.60
-300475.000    40.265    -4.48    6.49
-300185.741    36.432   -13.25   10.21
-299896.462    31.815   -15.96   12.72
-299607.164    27.776   -13.96   12.83
-299317.846    24.160   -12.49   12.07
-299028.510    22.392    -6.11   11.76
-298739.153    22.352    -0.14   11.29
-298449.778    24.565     7.65   12.20
-298160.383    28.282    12.84   11.71
-297870.968    32.234    13.65    9.46
-297581.535    33.023     2.72    9.95
-297292.082    30.802    -7.67   12.35
-297002.609    28.740    -7.12   13.49
-296713.117    27.357    -4.77   13.86
-296423.606    25.376    -6.84   13.84
-296134.075    24.511    -2.99   14.17
-295844.525    26.221     5.90   14.86
-295554.955    28.971     9.49   14.41
-295265.366    33.744    16.48   14.21
-294975.757    36.776    10.47   13.35
-294686.130    39.958    10.98   11.84
-294396.482    42.620     9.19   10.14
-294106.815    45.800    10.97    6.01
-293817.129    47.063     4.36    4.80
-293527.423    47.335     0.94    4.70
-293237.698    46.606    -2.52    5.74
-292947.953    46.050    -1.92    5.93
-292658.189    45.984    -0.23    5.15
-292368.406    46.734     2.59    4.74
-292078.603    47.555     2.83    4.92
-291790.104    48.483     3.22    4.70
-291504.414    49.730     4.36    4.49
-291218.705    50.607     3.07    4.02
-290932.977    51.707     3.85    3.21
-290647.231    52.339     2.21    2.82
-290361.465    51.904    -1.52    3.38
-290075.681    52.050     0.51    3.60
-289789.878    52.080     0.11    3.68
-289504.057    51.904    -0.62    3.89
-289218.216    52.254     1.23    3.91
-288932.357    52.624     1.29    3.71
-288646.479    53.191     1.98    3.22
-288360.582    53.425     0.82    2.73
-288074.666    53.685     0.91    2.25
-287788.731    53.637    -0.17    2.25
-287502.778    53.321    -1.10    2.47
-287216.805    53.061    -0.91    2.47
-286930.814    52.815    -0.86    2.60
-286644.804    52.304    -1.79    2.58
-286358.775    51.392    -3.19    2.81
-286072.727    50.579    -2.84    2.94
-285786.660    50.471    -0.38    2.92
-285500.575    49.852    -2.16    2.78
-285214.470    49.841    -0.04    2.65
-284928.347    49.714    -0.44    2.74
-284642.205    50.035     1.12    2.81
-284356.044    50.542     1.77    2.62
-284069.864    50.983     1.54    2.74
-283783.665    51.165     0.64    2.63
-283497.447    51.049    -0.41    2.69
-283211.210    50.651    -1.39    3.02
-282924.955    50.065    -2.04    2.94
-282638.680    49.128    -3.27    3.17
-282352.387    48.390    -2.58    3.23
-282066.074    47.611    -2.72    3.25
-281779.743    46.919    -2.42    2.93
-281493.393    46.115    -2.80    2.74
-281207.024    45.740    -1.31    3.10
-280920.636    44.425    -4.59    3.97
-280634.228    43.412    -3.54    4.28
-280347.802    42.854    -1.95    4.25
-280061.358    41.944    -3.18    4.58
-279774.894    41.417    -1.84    4.65
-279488.411    41.477     0.21    4.83
-279201.909    41.642     0.57    4.56
-278915.388    41.681     0.14    4.62
-278628.848    41.417    -0.92    5.04
-278342.290    40.313    -3.85    6.16
-278055.712    38.165    -7.49    7.77
-277769.115    36.381    -6.23    7.93
-277482.500    34.830    -5.41    7.63
-277195.865    34.419    -1.43    7.50
-276909.211    34.594     0.61    7.65
-276622.539    35.685     3.80    7.38
-276335.847    37.211     5.32    5.91
-276049.136    36.477    -2.56    8.07
-275762.407    35.888    -2.05    9.17
-275475.658    35.714    -0.61   10.26
-275188.890    36.444     2.55   10.15
-274902.103    36.113    -1.15    9.84
-274615.298    35.854    -0.91    9.95
-274328.473    33.581    -7.92   13.25
-274041.629    30.282   -11.50   15.37
-273754.766    26.282   -13.94   16.05
-273467.884    25.010    -4.44   15.21
-273180.983    23.529    -5.16   15.33
-272894.063    23.619     0.31   14.79
-272607.124    24.576     3.33   15.37
-272320.166    25.839     4.40   16.61
-272033.188    30.619    16.65   14.72
-271746.192    34.243    12.62   12.93
-271459.177    37.191    10.27   10.46
-271172.142    36.854    -1.18   11.70
-270885.089    35.139    -5.97   13.31
-270598.016    32.178   -10.31   15.09
-270310.924    31.321    -2.98   15.02
-270023.814    30.971    -1.22   14.53
-269736.684    30.811    -0.56   14.04
-269449.535    32.511     5.92   12.79
-269162.366    34.582     7.21   11.06
-268875.179    36.157     5.48    9.03
-268587.973    35.295    -3.00   10.06
-268300.747    33.802    -5.20   11.91
-268013.503    31.086    -9.45   14.27
-267726.239    25.330   -20.03   17.67
-267438.956    17.471   -27.35   19.64
-267151.654    11.073   -22.26   19.48
-266864.333     5.399   -19.74   19.19
-266576.993     2.581    -9.81   17.19
-266289.633     3.464     3.07   18.15
-266002.255     8.142    16.27   20.65
-265714.857    16.403    28.74   22.34
-265427.440    23.011    22.98   20.84
-265140.004    29.365    22.10   16.42
-264852.549    32.074     9.42   11.33
-264565.074    33.163     3.79    8.16
-264277.581    30.945    -7.71    8.79
-263990.068    28.919    -7.04    8.66
-263702.536    26.714    -7.67    9.34
-263414.985    25.230    -5.16    9.60
-263127.414    26.917     5.86    8.62
-262839.825    27.457     1.88    7.25
-262552.216    27.011    -1.55    6.71
-262264.588    26.734    -0.96    6.41
-261976.941    27.744     3.51    5.33
-261689.275    28.633     3.09    4.56
-261401.589    29.191     1.94    4.47
-261113.884    29.804     2.13    4.10
-260826.160    30.566     2.65    3.38
-260538.417    30.581     0.05    3.62
-260250.654    30.265    -1.10    3.64
-259962.873    28.707    -5.41    6.75
-259675.072    25.786   -10.15    9.66
-259387.251    23.484    -8.00   10.54
-259099.412    21.187    -7.98   10.40
-258811.553    18.984    -7.65   10.47
-258523.675    15.224   -13.06   10.87
-258235.778    12.724    -8.68   10.36
-257947.861    12.689    -0.12   10.06
-257659.925    13.918     4.27    9.99
-257371.970    15.035     3.88    9.87
-257083.996    16.438     4.87    8.88
-256796.002    18.757     8.05    7.39
-256507.989    21.119     8.20    5.73
-256219.957    22.012     3.10    4.85
-255931.905    23.155     3.97    4.45
-255643.834    23.317     0.56    4.75
-255355.744    23.282    -0.12    5.68
-255067.634    22.932    -1.22    5.89
-254779.506    21.919    -3.51    5.89
-254491.357    20.452    -5.09    6.03
-254203.190    19.334    -3.88    5.84
-253915.003    17.074    -7.84    7.38
-253626.797    14.308    -9.60    9.17
-253338.571    10.811   -12.13   10.75
-253050.327     7.234   -12.41   11.26
-252762.062     3.417   -13.24   10.48
-252473.779     2.036    -4.79    9.66
-252185.476     2.036    -0.00    9.44
-251897.154     3.646     5.58   10.11
-251608.812     6.201     8.86    9.50
-251320.451     8.152     6.76    8.34
-251032.071     7.945    -0.72    8.71
-250743.671     5.347    -9.01   10.34
-250455.252     2.064   -11.38   11.05
-250166.814    -0.921   -10.35   10.16
-249878.356    -1.990    -3.70    9.10
-249589.878    -1.769     0.77    8.91
-249301.382     0.224     6.91    9.49
-249012.866     4.589    15.13    9.74
-248724.330     8.360    13.07    7.75
-248435.775    10.458     7.27    6.34
-248147.201    11.477     3.53    6.04
-247858.607    12.438     3.33    5.77
-247569.994    12.496     0.20    5.74
-247281.362    10.906    -5.51    7.33
-246992.710     8.200    -9.37    9.74
-246704.038     2.800   -18.70   12.51
-246415.347    -1.964   -16.50   13.60
-246126.637    -7.043   -17.59   13.06
-245837.907   -11.588   -15.74   10.83
-245549.158   -15.029   -11.92    8.03
-245260.389   -16.562    -5.31    5.98
-244971.601   -17.363    -2.77    5.41
-244682.794   -16.941     1.46    5.57
-244393.967   -16.120     2.84    5.92
-244105.120   -15.483     2.21    5.97
-243816.254   -14.358     3.89    6.21
-243527.369   -13.543     2.82    6.23
-243238.464   -13.016     1.82    6.50
-242949.539   -12.336     2.35    6.52
-242660.595   -10.328     6.95    8.09
-242371.632    -6.978    11.59   10.09
-242082.649    -3.094    13.44   11.12
-241793.646     0.022    10.78   10.77
-241504.624     3.701    12.73    9.84
-241215.583     7.077    11.68    7.54
-240926.522     8.890     6.27    6.79
-240637.441     8.484    -1.40    6.16
-240348.341     9.471     3.41    5.38
-240059.221     9.731     0.90    5.23
-239770.082     9.624    -0.37    5.71
-239480.923     9.321    -1.05    5.40
-239191.745     8.535    -2.72    5.81
-238902.547     6.230    -7.97    7.73
-238613.330     2.815   -11.81   10.69
-238324.093     0.060    -9.52   11.22
-238034.837    -1.575    -5.65   11.13
-237745.561    -2.705    -3.91   10.11
-237456.265    -2.332     1.29    9.70
-237166.950    -0.135     7.59   10.07
-236877.615     2.491     9.07    9.93
-236588.261     5.394    10.03    7.44
-236298.887     7.464     7.15    5.69
-236009.493     9.099     5.65    4.98
-235720.080     9.868     2.66    4.87
-235430.647    10.663     2.75    4.99
-235141.195    11.330     2.30    4.62
-234851.723    12.304     3.37    3.82
-234562.231    12.997     2.39    3.91
-234272.720    13.498     1.73    4.18
-233983.189    13.892     1.36    4.34
-233693.639    13.204    -2.37    4.66
-233404.069    12.217    -3.41    5.30
-233114.479    10.778    -4.97    6.08
-232824.870     8.490    -7.90    9.10
-232535.241     5.477   -10.40   11.30
-232245.592     0.685   -16.54   13.61
-231955.924    -4.003   -16.18   12.99
-231666.236    -7.976   -13.71   11.69
-231376.528    -9.240    -4.36   11.39
-231086.801    -8.056     4.08   12.03
-230797.054    -4.779    11.31   12.66
-230507.287    -0.796    13.75   11.64
-230217.501     1.355     7.42   11.24
-229927.695     0.676    -2.34   12.80
-229640.682    -1.235    -6.65   14.48
-229355.010    -4.198   -10.37   16.30
-229069.318    -9.043   -16.95   16.50
-228783.607   -13.043   -14.00   15.63
-228497.878   -16.589   -12.41   14.28
-228212.129   -19.858   -11.44   11.85
-227926.362   -23.043   -11.14    9.10
-227640.575   -25.475    -8.51    4.04
-227354.770   -25.056     1.47    3.90
-227068.945   -24.401     2.29    4.32
-226783.101   -22.990     4.94    4.69
-226497.239   -21.901     3.81    5.04
-226211.357   -20.848     3.68    5.26
-225925.456   -20.606     0.84    5.24
-225639.537   -20.581     0.09    5.51
-225353.598   -20.432     0.52    5.56
-225067.640   -20.296     0.48    5.68
-224781.663   -20.776    -1.68    6.44
-224495.667   -22.331    -5.43    7.25
-224209.652   -24.319    -6.95    7.37
-223923.618   -25.819    -5.24    7.45
-223637.565   -27.727    -6.67    6.75
-223351.493   -29.414    -5.90    5.61
-223065.402   -30.796    -4.83    3.82
-222779.291   -31.928    -3.96    1.65
-222493.162   -32.299    -1.29    1.41
-222207.013   -32.222     0.27    1.47
-221920.846   -32.185     0.13    1.41
-221634.659   -32.198    -0.05    1.40
-221348.453   -32.243    -0.16    1.32
-221062.228   -32.016     0.79    1.19
-220775.984   -32.148    -0.46    1.14
-220489.721   -32.205    -0.20    1.11
-220203.439   -32.536    -1.16    1.14
-219917.138   -32.749    -0.74    1.13
-219630.817   -32.991    -0.84    1.16
-219344.478   -33.209    -0.76    1.09
-219058.119   -33.419    -0.73    1.07
-218771.741   -33.536    -0.41    1.08
-218485.344   -33.465     0.25    1.11
-218198.928   -33.419     0.16    1.28
-217912.493   -33.393     0.09    1.28
-217626.038   -33.597    -0.71    1.11
-217339.565   -33.516     0.28    1.17
-217053.072   -33.477     0.14    1.18
-216766.560   -33.443     0.12    1.20
-216480.029   -33.414     0.10    1.27
-216193.479   -33.253     0.56    1.27
-215906.909   -33.133     0.42    1.34
-215620.321   -33.094     0.14    1.33
-215333.713   -32.888     0.72    1.39
-215047.086   -32.670     0.76    1.53
-214760.440   -31.770     3.14    2.61
-214473.774   -28.923     9.93    9.76
-214187.090   -25.696    11.25   13.50
-213900.386   -22.376    11.58   16.76
-213613.663   -18.582    13.23   19.72
-213326.921   -12.490    21.24   22.82
-213040.159    -6.189    21.97   24.37
-212753.378    -1.196    17.41   24.34
-212466.579     3.022    14.70   23.14
-212179.759     8.304    18.41   20.33
-211892.921     9.563     4.39   18.73
-211606.063    12.471    10.13   15.15
-211319.187    13.048     2.01   12.00
-211032.291    12.599    -1.56   10.34
-210745.375    12.984     1.34    9.28
-210458.441    14.260     4.45    8.43
-210171.487    15.362     3.84    7.36
-209884.514    16.023     2.30    7.07
-209597.521    17.437     4.93    5.80
-209310.509    18.997     5.43    4.96
-209023.478    19.906     3.16    4.77
-208736.428    20.616     2.47    4.62
-208449.359    21.150     1.86    4.39
-208162.270    22.291     3.97    4.95
-207875.162    23.607     4.58    6.24
-207588.034    25.878     7.91    7.05
-207300.888    28.049     7.56    7.92
-207013.722    28.646     2.08    7.64
-206726.536    27.747    -3.13    8.89
-206439.332    27.457    -1.01    9.21
-206152.108    25.864    -5.55    9.14
-205864.864    25.573    -1.01    8.38
-205577.602    25.347    -0.79    8.11
-205290.320    26.445     3.82    8.20
-205003.018    28.919     8.61    9.10
-204715.698    32.214    11.47    8.47
-204428.358    34.262     7.12    7.48
-204140.999    35.880     5.63    6.06
-203853.620    36.211     1.15    6.00
-203566.222    36.091    -0.42    6.40
-203278.804    36.040    -0.18    6.66
-202991.368    35.707    -1.16    6.89
-202703.911    35.331    -1.31    7.20
-202416.436    34.517    -2.83    7.96
-202128.941    33.291    -4.26    8.44
-201841.427    31.599    -5.88    7.96
-201553.893    30.163    -4.99    6.77
-201266.340    28.996    -4.06    5.09
-200978.768    27.984    -3.52    3.84
-200691.176    28.010     0.09    3.00
-200403.564    28.747     2.56    2.87
-200115.934    29.457     2.47    2.64
-199828.284    30.023     1.97    2.49
-199540.614    29.997    -0.09    2.14
-199252.925    30.131     0.46    1.89
-198965.217    30.227     0.34    1.84
-198677.489    29.698    -1.84    1.97
-198389.742    28.983    -2.48    2.17
-198101.975    28.150    -2.89    1.99
-197814.189    27.717    -1.50    1.91
-197526.384    27.278    -1.53    1.82
-197238.559    27.102    -0.61    1.93
-196950.714    27.234     0.46    1.98
-196662.850    27.668     1.51    1.85
-196374.967    28.037     1.28    1.65
-196087.064    28.237     0.69    1.41
-195799.142    28.115    -0.42    1.48
-195511.200    27.789    -1.13    1.65
-195223.239    27.230    -1.94    1.74
-194935.258    26.855    -1.30    1.72
-194647.258    26.620    -0.82    1.63
-194359.238    26.490    -0.45    1.49
-194071.199    26.204    -0.99    1.48
-193783.140    25.611    -2.06    1.62
-193495.061    25.234    -1.31    1.78
-193206.964    25.023    -0.73    1.77
-192918.846    24.550    -1.64    1.89
-192630.710    24.224    -1.13    1.76
-192342.553    24.253     0.10    1.75
-192054.377    24.471     0.76    1.79
-191766.182    24.817     1.20    1.73
-191477.967    25.082     0.92    1.59
-191189.733    25.176     0.33    1.35
-190901.479    25.445     0.93    1.07
-190613.205    25.620     0.61    1.00
-190324.912    25.731     0.38    1.08
-190036.599    25.655    -0.26    1.10
-189748.267    25.602    -0.18    1.34
-189459.915    25.418    -0.64    1.69
-189171.544    25.274    -0.50    1.87
-188883.153    25.010    -0.92    2.16
-188594.742    25.010     0.00    2.26
-188306.312    24.724    -0.99    2.32
-188017.862    24.548    -0.61    2.40
-187729.393    24.828     0.97    2.28
-187440.904    25.128     1.04    2.59
-187152.396    26.117     3.43    2.42
-186863.867    26.768     2.25    2.30
-186575.320    27.286     1.80    2.31
-186286.752    28.104     2.83    2.15
-185998.165    28.865     2.64    2.11
-185709.559    29.789     3.20    2.23
-185420.933    30.893     3.82    2.44
-185132.287    31.817     3.20    2.56
-184843.621    32.932     3.86    2.55
-184554.936    33.880     3.28    2.31
-184266.231    34.867     3.42    2.00
-183977.507    35.510     2.23    1.79
-183688.763    36.207     2.41    1.58
-183399.999    36.615     1.41    1.57
-183111.216    37.142     1.82    1.61
-182822.413    37.531     1.35    1.60
-182533.590    37.765     0.81    1.45
-182244.747    37.831     0.23    1.34
-181955.885    37.727    -0.36    1.29
-181667.004    37.458    -0.93    1.34
-181378.102    37.240    -0.76    1.42
-181089.181    36.717    -1.81    1.42
-180800.240    36.221    -1.72    1.20
-180511.280    35.931    -1.00    0.98
-180222.299    35.615    -1.09    1.03
-179933.299    35.144    -1.63    1.36
-179644.280    34.839    -1.05    1.53
-179355.240    34.464    -1.30    1.54
-179066.181    34.048    -1.44    1.59
-178777.102    33.755    -1.01    1.54
-178488.004    33.828     0.25    1.50
-178198.885    33.771    -0.20    1.59
-177909.747    33.765    -0.02    1.61
-177620.589    33.571    -0.67    1.53
-177331.412    33.457    -0.39    1.46
-177042.215    33.510     0.18    1.38
-176752.997    33.786     0.96    1.36
-176463.761    34.211     1.47    1.26
-176174.504    34.607     1.37    1.44
-175885.228    35.099     1.70    1.71
-175595.931    35.548     1.55    1.70
-175306.615    36.021     1.64    1.68
-175017.280    36.516     1.71    1.46
-174727.924    36.878     1.25    1.19
-174438.549    37.091     0.73    1.14
-174149.154    36.944    -0.51    1.17
-173859.739    36.773    -0.59    1.12
-173570.304    36.891     0.41    1.16
-173280.850    36.851    -0.14    1.13
-172991.375    36.724    -0.44    1.20
-172701.881    36.578    -0.50    1.35
-172412.367    36.253    -1.12    1.41
-172122.833    35.791    -1.59    1.70
-171833.280    35.243    -1.89    1.73
-171543.706    35.060    -0.63    1.77
-171254.113    34.931    -0.45    1.83
-170964.500    34.747    -0.64    1.76
-170674.867    34.694    -0.18    1.66
-170385.214    34.471    -0.77    1.79
-170095.541    34.386    -0.29    1.62
-169805.849    33.793    -2.05    1.78
-169516.136    32.983    -2.80    2.12
-169226.404    32.087    -3.09    2.61
-168936.652    31.023    -3.67    2.85
-168646.879    30.176    -2.92    3.12
-168357.087    28.789    -4.79    3.49
-168067.276    27.747    -3.59    3.61
-167777.570    26.444    -4.50    3.43
-167491.948    25.655    -2.76    3.17
-167206.307    24.304    -4.73    3.94
-166920.647    22.477    -6.39    4.71
-166634.967    21.312    -4.08    4.83
-166349.268    20.201    -3.89    4.85
-166063.551    19.110    -3.82    4.72
-165777.813    18.139    -3.40    4.35
-165492.057    17.540    -2.10    4.13
-165206.282    16.355    -4.15    4.25
-164920.487    15.542    -2.84    4.47
-164634.673    14.477    -3.72    4.34
-164348.840    13.851    -2.19    4.41
-164062.988    13.510    -1.19    4.32
-163777.116    13.171    -1.19    4.59
-163491.225    12.497    -2.36    5.07
-163205.315    11.691    -2.82    5.54
-162919.386    11.740     0.17    5.72
-162633.437    11.253    -1.70    6.30
-162347.470    11.330     0.27    6.85
-162061.483    11.009    -1.12    7.49
-161775.476    11.021     0.04    8.11
-161489.451    11.620     2.09    8.42
-161203.406    11.599    -0.07    8.99
-160917.342    11.737     0.48    9.40
-160631.259    12.144     1.42    9.05
-160345.156    12.036    -0.38    8.96
-160059.034    12.339     1.06    9.01
-159772.893    12.418     0.28    8.67
-159486.733    12.917     1.74    8.48
-159200.553    14.837     6.71    6.70
-158914.354    16.996     7.54    4.41
-158628.136    17.932     3.27    3.38
-158341.898    18.085     0.53    3.14
-158055.641    18.230     0.51    3.11
-157769.365    17.755    -1.66    5.13
-157483.070    17.137    -2.16    6.92
-157196.755    15.287    -6.46    9.31
-156910.421    13.204    -7.27   11.85
-156624.067    11.011    -7.66   14.05
-156337.694     9.023    -6.94   15.73
-156051.302     8.510    -1.79   17.04
-155764.891     7.317    -4.16   18.39
-155478.460     4.522    -9.76   19.45
-155192.010     3.291    -4.30   20.01
-154905.540     2.906    -1.34   20.28
-154619.051     1.540    -4.77   20.26
-154332.543     0.112    -4.99   19.51
-154046.015    -2.346    -8.58   18.04
-153759.468    -5.594   -11.33   14.56
-153472.902    -8.736   -10.96    9.69
-153186.316    -9.709    -3.40    7.19
-152899.711   -10.176    -1.63    3.81
-152613.087   -10.332    -0.54    3.24
-152326.443   -10.283     0.17    3.38
-152039.779    -9.909     1.30    3.21
-151753.097    -9.503     1.42    3.22
-151466.395    -9.222     0.98    3.61
-151179.673    -9.192     0.10    3.44
-150892.932    -8.692     1.74    3.34
-150606.172    -8.517     0.61    3.23
-150319.392    -8.158     1.25    3.57
-150032.593    -8.004     0.54    3.41
-149745.774    -8.350    -1.21    3.20
-149458.936    -8.576    -0.79    3.23
-149172.079    -8.477     0.35    3.35
-148885.202    -8.293     0.64    3.16
-148598.305    -8.108     0.64    3.36
-148311.389    -8.198    -0.31    3.18
-148024.454    -7.914     0.99    3.36
-147737.499    -7.549     1.27    3.39
-147450.525    -7.645    -0.33    3.13
-147163.532    -7.658    -0.04    3.18
-146876.518    -7.637     0.07    3.01
-146589.486    -7.419     0.76    2.99
-146302.434    -7.328     0.32    2.77
-146015.362    -7.385    -0.20    2.32
-145728.271    -7.109     0.96    2.31
-145441.161    -6.858     0.87    2.32
-145154.030    -6.829     0.10    2.54
-144866.881    -6.398     1.50    2.43
-144579.712    -5.911     1.70    2.13
-144292.523    -5.814     0.34    2.32
-144005.315    -5.671     0.50    2.26
-143718.088    -5.427     0.85    1.98
-143430.840    -5.105     1.12    2.02
-143143.574    -4.991     0.40    1.78
-142856.288    -4.824     0.58    1.75
-142568.982    -4.042     2.72    2.71
-142281.656    -2.963     3.76    3.60
-141994.312    -1.753     4.21    4.35
-141706.947    -0.516     4.30    4.48
-141419.563     0.597     3.87    4.31
-141132.160     0.944     1.21    4.12
-140844.737     0.599    -1.20    3.96
-140557.294    -0.004    -2.10    3.69
-140269.832    -0.397    -1.37    3.75
-139982.350    -0.718    -1.12    3.38
-139694.849    -0.754    -0.13    5.18
-139407.328    -0.235     1.81    7.86
-139119.788     1.234     5.11   10.55
-138832.227     3.651     8.40   13.89
-138544.648     5.813     7.52   15.41
-138257.048     6.260     1.56   15.80
-137969.430     7.760     5.21   16.58
-137681.791     9.437     5.83   16.81
-137394.133    11.131     5.89   16.98
-137106.455    12.124     3.45   16.55
-136818.758    12.363     0.83   15.96
-136531.041    12.971     2.11   15.97
-136243.304    13.477     1.76   16.05
-135955.548    13.815     1.17   15.77
-135667.772    13.496    -1.11   15.20
-135379.977    13.750     0.88   14.61
-135092.161    13.490    -0.90   14.46
-134804.327    13.892     1.39   14.20
-134516.472    15.997     7.31   13.87
-134228.598    17.826     6.35   13.03
-133940.704    19.490     5.78   12.08
-133652.791    21.650     7.50   11.03
-133364.857    23.483     6.37    9.73
-133076.905    24.248     2.65    9.74
-132788.932    23.855    -1.36    9.78
-132500.940    24.085     0.80    8.94
-132212.928    25.110     3.56    8.77
-131924.896    25.893     2.72    8.12
-131636.845    27.707     6.30    6.12
-131348.774    29.247     5.34    4.74
-131060.683    29.971     2.51    4.04
-130772.573    29.568    -1.40    4.31
-130484.443    27.201    -8.21    8.24
-130196.293    23.217   -13.82   12.08
-129908.123    19.471   -13.00   13.26
-129619.934    18.406    -3.69   12.84
-129331.725    19.148     2.57   12.77
-129043.496    20.342     4.14   13.37
-128755.247    22.854     8.71   12.74
-128466.979    27.171    14.97   10.55
-128178.691    30.773    12.50    5.94
-127890.383    32.431     5.75    2.44
-127602.056    32.824     1.36    2.69
-127313.708    33.024     0.69    2.82
-127025.341    33.286     0.91    3.27
-126736.954    33.176    -0.38    3.42
-126448.548    33.158    -0.06    3.33
-126160.121    33.086    -0.25    3.00
-125871.675    33.021    -0.22    2.75
-125583.209    32.560    -1.60    2.66
-125294.723    31.445    -3.87    3.49
-125006.218    29.867    -5.47    3.99
-124717.692    28.694    -4.06    4.03
-124429.147    27.786    -3.15    3.85
-124140.582    27.431    -1.23    4.06
-123851.997    27.392    -0.14    3.99
-123563.392    26.312    -3.74    7.65
-123274.768    25.778    -1.85    8.29
-122986.123    25.135    -2.23    9.05
-122697.459    25.621     1.68    9.26
-122408.775    23.996    -5.63    9.92
-122120.071    22.312    -5.83   10.83
-121831.348    22.433     0.42   10.64
-121542.604    24.624     7.59    9.70
-121253.841    26.694     7.17    9.22
-120965.057    28.405     5.92    8.75
-120676.254    29.984     5.47    7.99
-120387.431    31.758     6.14    6.76
-120098.588    33.394     5.66    4.55
-119809.725    34.755     4.71    2.80
-119520.843    35.035     0.97    2.73
-119231.940    35.186     0.52    2.60
-118943.018    35.183    -0.01    2.88
-118654.075    34.753    -1.49    2.88
-118365.113    34.037    -2.48    3.06
-118076.131    33.878    -0.55    3.18
-117787.129    33.760    -0.41    3.33
-117498.107    33.360    -1.38    3.24
-117209.065    32.851    -1.76    3.14
-116920.003    31.984    -3.00    3.09
-116630.921    31.477    -1.75    3.16
-116341.820    30.791    -2.37    3.33
-116052.698    29.883    -3.14    3.35
-115763.556    28.249    -5.65    4.81
-115474.395    26.663    -5.48    5.58
-115185.213    25.357    -4.51    6.19
-114896.012    25.051    -1.06    6.28
-114606.791    24.734    -1.10    6.96
-114317.549    25.152     1.45    7.07
-114028.288    26.504     4.67    6.21
-113739.007    28.784     7.88    5.72
-113449.705    29.894     3.84    4.09
-113160.384    28.112    -6.16    7.09
-112871.043    24.830   -11.34   10.94
-112581.681    19.509   -18.39   14.11
-112292.300    14.360   -17.79   14.79
-112002.899     9.698   -16.11   13.54
-111713.478     4.854   -16.74   10.91
-111424.037     1.221   -12.55    7.63
-111134.575    -0.163    -4.78    5.80
-110845.094    -0.616    -1.57    5.63
-110555.593    -0.616     0.00    5.74
-110266.071     0.768     4.78    7.00
-109976.530     2.971     7.61    8.62
-109686.969     5.137     7.48    9.21
-109397.387     6.654     5.24    8.98
-109107.786     7.778     3.88    8.33
-108818.164     9.451     5.78    7.48
-108528.523    10.477     3.54    6.85
-108238.861    10.932     1.57    6.72
-107949.179    10.826    -0.37    6.36
-107659.477    10.339    -1.68    6.52
-107369.756    10.451     0.39    6.24
-107080.014    10.515     0.22    6.23
-106790.252     9.654    -2.97    6.34
-106500.470     8.373    -4.42    6.80
-106210.667     7.274    -3.79    6.50
-105920.845     6.274    -3.45    6.22
-105632.602     5.211    -3.69    5.52
-105346.996     4.399    -2.84    4.84
-105061.372     4.431     0.11    4.86
-104775.727     4.668     0.83    4.83
-104490.064     5.326     2.30    5.00
-104204.381     5.852     1.84    4.69
-103918.679     6.484     2.21    4.59
-103632.957     7.211     2.55    4.39
-103347.216     7.227     0.06    4.04
-103061.456     7.477     0.87    4.01
-102775.676     7.282    -0.68    3.56
-102489.877     7.533     0.88    3.26
-102204.058     7.933     1.40    3.05
-101918.220     8.072     0.49    2.93
-101632.362     8.104     0.11    2.92
-101346.486     8.615     1.79    2.93
-101060.589     9.191     2.01    3.30
-100774.674     9.655     1.62    3.34
-100488.738     9.523    -0.46    3.50
-100202.784     9.550     0.09    3.50
 -99916.810     9.584     0.12    3.32
 -99630.816     9.819     0.82    3.30
 -99344.804     9.895     0.27    3.24
 -99058.771    10.211     1.11    3.38
 -98772.719    10.733     1.82    3.78
 -98486.648    12.283     5.42    4.22
 -98200.557    13.591     4.57    4.41
 -97914.447    15.641     7.17    4.26
 -97628.318    17.717     7.25    3.75
 -97342.169    19.904     7.64    3.68
 -97056.000    21.892     6.95    3.98
 -96769.812    23.747     6.48    3.85
 -96483.604    25.243     5.23    3.52
 -96197.377    26.542     4.54    2.81
 -95911.131    27.516     3.40    2.33
 -95624.865    28.087     2.00    1.86
 -95338.579    27.933    -0.54    2.18
 -95052.274    27.135    -2.79    3.19
 -94765.949    25.658    -5.16    4.42
 -94479.605    24.958    -2.45    4.44
 -94193.242    24.160    -2.78    4.73
 -93906.858    24.009    -0.53    4.61
 -93620.456    23.781    -0.80    5.57
 -93334.034    22.958    -2.87    6.33
 -93047.592    22.483    -1.66    6.79
 -92761.131    22.352    -0.46    7.42
 -92474.650    22.642     1.01    8.39
 -92188.149    23.378     2.57    9.73
 -91901.629    25.283     6.65   11.02
 -91615.090    29.034    13.09   11.02
 -91328.531    32.804    13.16   10.79
 -91041.952    36.218    11.91    9.50
 -90755.354    39.124    10.14    7.33
 -90468.736    41.426     8.03    4.68
 -90182.099    42.496     3.73    3.94
 -89895.442    43.253     2.64    2.91
 -89608.765    43.917     2.32    2.82
 -89322.069    44.497     2.02    2.82
 -89035.353    45.197     2.44    2.83
 -88748.618    45.694     1.73    3.02
 -88461.863    46.724     3.59    2.80
 -88175.088    47.734     3.52    2.82
 -87888.294    49.139     4.90    2.62
 -87601.480    50.445     4.55    3.07
 -87314.647    51.641     4.17    3.05
 -87027.794    52.406     2.67    2.85
 -86740.921    52.471     0.22    3.21
 -86454.029    52.240    -0.80    4.03
 -86167.117    51.830    -1.43    4.88
 -85880.185    50.945    -3.08    6.15
 -85593.234    49.163    -6.21    7.25
 -85306.263    47.642    -5.30    7.60
 -85019.272    46.589    -3.67    8.19
 -84732.262    45.023    -5.46    8.77
 -84445.232    43.497    -5.32    8.90
 -84158.182    40.553   -10.26    8.94
 -83871.113    37.388   -11.02    9.45
 -83584.024    34.330   -10.65    9.29
 -83296.915    30.850   -12.12   10.49
 -83009.787    27.535   -11.55   10.24
 -82722.639    24.258   -11.41   10.01
 -82435.471    21.287   -10.35    8.32
 -82148.284    20.217    -3.72    7.58
 -81861.077    21.589     4.78    9.56
 -81573.850    23.839     7.83   11.48
 -81286.603    26.906    10.68   12.46
 -80999.337    31.163    14.82   12.68
 -80712.051    36.010    16.87   12.47
 -80424.745    41.451    18.94   10.84
 -80137.420    45.701    14.79    9.75
 -79850.074    48.553     9.92    8.80
 -79562.709    51.452    10.09    8.21
 -79275.325    53.857     8.37    7.58
 -78987.920    56.355     8.69    6.74
 -78700.496    58.854     8.69    5.54
 -78413.052    60.204     4.70    4.21
 -78125.588    60.958     2.62    3.39
 -77838.105    60.707    -0.87    4.30
 -77550.601    59.339    -4.76    5.77
 -77263.078    58.431    -3.16    5.91
 -76975.535    57.717    -2.48    5.90
 -76687.973    57.432    -0.99    5.53
 -76400.390    57.246    -0.65    5.22
 -76112.788    57.983     2.56    5.25
 -75825.166    58.672     2.39    5.13
 -75537.524    60.020     4.69    4.84
 -75249.862    61.679     5.77    4.16
 -74962.181    62.896     4.23    3.54
 -74674.480    63.855     3.34    3.23
 -74386.759    64.773     3.19    3.03
 -74099.018    65.707     3.25    2.70
 -73811.257    66.378     2.33    2.76
 -73523.476    66.892     1.78    2.97
 -73235.676    67.721     2.88    2.84
 -72947.856    68.383     2.30    2.33
 -72660.015    68.781     1.38    1.92
 -72372.155    68.958     0.62    1.74
 -72084.276    68.599    -1.25    2.19
 -71796.376    67.958    -2.23    2.91
 -71508.456    66.844    -3.87    4.07
 -71220.517    65.641    -4.18    4.75
 -70932.558    64.451    -4.14    5.05
 -70644.578    63.510    -3.27    4.99
 -70356.579    62.918    -2.06    5.15
 -70068.560    62.191    -2.52    5.50
 -69780.521    61.646    -1.89    5.92
 -69492.463    61.163    -1.68    6.36
 -69204.384    60.620    -1.88    6.62
 -68916.285    60.122    -1.73    6.75
 -68628.167    59.983    -0.48    6.17
 -68340.029    59.439    -1.89    6.25
 -68051.870    59.291    -0.51    5.80
 -67763.692    58.815    -1.65    5.25
 -67475.494    57.877    -3.25    5.06
 -67187.276    56.425    -5.04    5.71
 -66899.038    54.602    -6.32    6.70
 -66610.780    53.189    -4.90    7.10
 -66322.502    52.051    -3.95    7.51
 -66034.204    50.464    -5.50    7.65
 -65745.886    47.363   -10.75    8.83
 -65457.548    45.721    -5.70    9.80
 -65169.191    43.908    -6.29   10.25
 -64880.813    41.414    -8.65   11.36
 -64592.415    39.021    -8.30   11.50
 -64303.998    36.304    -9.42   11.88
 -64015.560    33.714    -8.98   12.35
 -63727.102    30.714   -10.40   12.13
 -63438.625    29.714    -3.47   11.82
 -63150.127    29.339    -1.30   12.24
 -62861.609    29.471     0.46   12.49
 -62573.072    28.776    -2.41   12.62
 -62284.514    28.583    -0.67   11.61
 -61995.937    29.658     3.72   12.32
 -61707.339    30.768     3.85   12.82
 -61418.721    33.378     9.04   13.36
 -61130.084    34.933     5.39   13.29
 -60841.426    35.908     3.38   12.92
 -60552.748    37.371     5.07   12.53
 -60264.050    37.308    -0.22   11.47
 -59975.332    37.168    -0.49   10.86
 -59686.594    37.642     1.64   10.15
 -59397.836    37.384    -0.89    9.59
 -59109.058    34.287   -10.72   10.57
 -58820.260    33.528    -2.63   10.88
 -58531.442    32.907    -2.15   10.24
 -58242.604    32.108    -2.77    9.63
 -57953.746    31.946    -0.56    8.74
 -57664.867    32.376     1.49    7.95
 -57375.969    31.287    -3.77   10.57
 -57087.050    27.793   -12.09   13.85
 -56798.112    22.168   -19.47   15.61
 -56509.153    16.615   -19.22   16.05
 -56220.174    11.707   -16.98   14.91
 -55931.175     6.399   -18.37   12.33
 -55642.156     2.819   -12.39    8.04
 -55353.117     1.148    -5.78    4.43
 -55064.058     0.553    -2.06    3.21
 -54774.978     0.324    -0.79    3.21
 -54485.879    -0.042    -1.27    3.51
 -54196.759    -0.354    -1.08    3.59
 -53907.619    -0.662    -1.06    3.55
 -53618.459    -1.016    -1.22    3.21
 -53329.279    -1.543    -1.82    2.39
 -53040.079    -1.622    -0.27    2.17
 -52750.859     0.906     8.74    7.86
 -52461.618     5.099    14.49   12.21
 -52172.357    11.158    20.95   15.40
 -51883.076    17.452    21.75   16.75
 -51593.775    23.646    21.41   16.03
 -51304.454    30.165    22.53   13.10
 -51015.113    35.121    17.12    8.26
 -50725.751    37.846     9.42    4.80
 -50436.369    39.439     5.51    3.73
 -50146.967    40.611     4.05    2.24
 -49857.545    40.971     1.24    2.10
 -49568.102    41.115     0.50    2.27
 -49278.640    41.061    -0.19    2.32
 -48989.157    40.406    -2.26    2.53
 -48699.654    39.616    -2.73    3.25
 -48410.131    38.573    -3.60    4.53
 -48120.587    37.160    -4.88    5.44
 -47831.023    34.150   -10.40    8.71
 -47541.439    29.798   -15.03   12.38
 -47251.835    24.221   -19.26   15.04
 -46962.211    18.230   -20.68   15.46
 -46672.566    12.865   -18.52   14.84
 -46382.901     8.431   -15.31   12.95
 -46093.216     4.176   -14.69    9.79
 -45803.510     1.048   -10.80    6.44
 -45513.784    -0.692    -6.00    3.80
 -45224.038    -1.529    -2.89    3.87
 -44934.272    -1.928    -1.38    4.01
 -44644.485    -2.119    -0.66    4.10
 -44354.678    -1.954     0.57    4.43
 -44064.851    -1.751     0.70    5.07
 -43775.004    -1.632     0.41    5.51
 -43488.258    -1.200     1.50    6.60
 -43202.693    -0.043     4.05    8.81
 -42917.110     0.401     1.55    9.96
 -42631.506     0.050    -1.23    9.93
 -42345.883    -0.029    -0.28   10.50
 -42060.241    -0.203    -0.61   10.50
 -41774.578     0.131     1.17   11.03
 -41488.897     1.009     3.07   12.25
 -41203.195     0.583    -1.49   11.74
 -40917.475     0.844     0.91   12.19
 -40631.734     0.919     0.26   11.93
 -40345.974     0.983     0.22   11.66
 -40060.195     0.566    -1.46   10.75
 -39774.396     1.578     3.54   11.29
 -39488.577     2.692     3.90   12.27
 -39202.739     4.342     5.77   14.10
 -38916.881     6.904     8.96   15.91
 -38631.003     9.576     9.35   17.31
 -38345.106    12.589    10.54   18.83
 -38059.189    17.137    15.91   19.09
 -37773.253    21.958    16.86   18.77
 -37487.297    26.477    15.80   17.07
 -37201.321    31.287    16.82   14.25
 -36915.326    35.452    14.56   11.15
 -36629.311    39.122    12.83    5.03
 -36343.277    40.464     4.69    4.47
 -36057.222    41.708     4.35    4.95
 -35771.149    43.464     6.14    4.61
 -35485.055    44.714     4.37    4.41
 -35198.942    45.431     2.51    3.81
 -34912.809    45.802     1.30    3.26
 -34626.657    46.458     2.29    2.88
 -34340.485    46.072    -1.35    3.21
 -34054.293    45.168    -3.16    3.43
 -33768.081    43.221    -6.80    4.91
 -33481.850    41.776    -5.05    6.02
 -33195.599    41.578    -0.69    5.88
 -32909.329    41.971     1.37    5.80
 -32623.039    41.844    -0.44    5.62
 -32336.729    41.325    -1.81    6.58
 -32050.399    41.255    -0.25    6.96
 -31764.050    40.528    -2.54    8.99
 -31477.681    37.761    -9.66   12.93
 -31191.292    33.692   -14.21   15.88
 -30904.883    28.256   -18.98   18.17
 -30618.455    23.786   -15.61   19.49
 -30332.007    18.234   -19.38   19.98
 -30045.539    12.773   -19.06   18.35
 -29759.052    10.321    -8.56   16.61
 -29472.545     8.599    -6.01   14.49
 -29186.018     7.821    -2.72   13.86
 -28899.471     8.278     1.60   14.23
 -28612.905     9.122     2.95   14.70
 -28326.319     9.755     2.21   15.21
 -28039.713     9.183    -2.00   14.88
 -27753.087     8.133    -3.66   14.00
 -27466.441     6.730    -4.89   12.48
 -27179.776     5.773    -3.34   11.05
 -26893.091     4.997    -2.71   10.68
 -26606.386     6.201     4.20   11.16
 -26319.662     5.971    -0.80   10.51
 -26032.917     5.692    -0.97   10.04
 -25746.153     4.877    -2.84    8.77
 -25459.369     4.168    -2.47    7.56
 -25172.565     3.637    -1.85    7.28
 -24885.741     3.082    -1.94    7.37
 -24598.898     2.415    -2.32    6.35
 -24312.034     2.548     0.46    6.10
 -24025.151     2.921     1.30    5.95
 -23738.248     3.446     1.83    5.88
 -23451.325     4.186     2.58    5.71
 -23164.383     4.633     1.56    5.52
 -22877.420     5.176     1.89    5.35
 -22590.438     5.919     2.59    4.95
 -22303.436     7.115     4.17    4.77
 -22016.414     8.365     4.35    3.66
 -21729.372     9.234     3.03    2.68
 -21442.310     9.496     0.91    2.73
 -21155.228     9.971     1.65    2.74
 -20868.127    10.603     2.20    3.32
 -20581.005    11.059     1.59    3.55
 -20293.864    11.380     1.12    3.51
 -20006.703    11.350    -0.10    3.51
 -19719.522    11.341    -0.03    3.40
 -19432.321    11.271    -0.25    3.38
 -19145.100    11.139    -0.46    3.06
 -18857.859    10.997    -0.50    2.65
 -18570.598    10.536    -1.60    2.73
 -18283.318    10.483    -0.19    3.39
 -17996.017    10.997     1.79    3.79
 -17708.697    10.932    -0.23    4.28
 -17421.356    11.165     0.81    4.73
 -17133.996    11.204     0.14    5.04
 -16846.616    10.831    -1.30    5.65
 -16559.216     9.958    -3.04    5.93
 -16271.795     8.346    -5.61    6.36
 -15984.355     6.224    -7.38    6.24
 -15696.895     4.249    -6.87    5.77
 -15409.415     3.178    -3.72    5.18
 -15121.915     1.944    -4.29    4.25
 -14834.395     1.637    -1.07    3.89
 -14546.855     1.615    -0.08    4.17
 -14259.295     1.753     0.48    4.58
 -13971.716     2.181     1.49    4.71
 -13684.116     2.115    -0.23    4.76
 -13396.496     2.502     1.35    4.63
 -13108.856     2.819     1.10    4.89
 -12821.196     3.383     1.96    5.67
 -12533.516     3.368    -0.05    6.03
 -12245.816     3.121    -0.86    6.39
 -11958.096     2.135    -3.42    5.82
 -11670.357     1.881    -0.88    6.27
 -11382.597     1.895     0.05    6.00
 -11094.817     1.755    -0.48    5.38
 -10807.017     1.971     0.75    4.82
 -10519.197     2.484     1.78    5.05
 -10231.357     2.852     1.28    5.11
  -9943.496     3.392     1.87    5.06
  -9655.616     3.983     2.05    5.02
  -9367.716     4.341     1.24    4.81
  -9079.796     4.921     2.01    4.82
  -8791.855     5.971     3.65    5.88
  -8503.895     7.227     4.36    6.50
  -8215.915     8.844     5.62    7.28
  -7927.914    10.646     6.26    7.64
  -7639.893    12.133     5.16    7.91
  -7351.853    13.204     3.72    8.31
  -7063.792    13.576     1.29    8.25
  -6775.711    13.352    -0.78    8.44
  -6487.610    13.087    -0.92    8.63
  -6199.489    12.432    -2.27    8.41
  -5911.348    11.646    -2.73    8.14
  -5623.186    11.021    -2.17    7.53
  -5335.005    10.072    -3.29    6.67
  -5046.803     9.477    -2.07    6.75
  -4758.581     9.110    -1.27    6.46
  -4470.340     8.995    -0.40    7.52
  -4182.078     9.346     1.22    9.61
  -3893.796    10.163     2.84   11.05
  -3605.493    11.063     3.12   12.23
  -3317.171    10.628    -1.51   11.66
  -3028.828    11.224     2.06   12.28
  -2740.466    10.692    -1.84   11.19
  -2452.083     9.906    -2.72   10.37
  -2163.680     9.083    -2.86    9.90
  -1875.257     7.540    -5.35    8.32
  -1586.813     6.464    -3.73    7.25
  -1298.350     5.650    -2.82    5.98
  -1009.866     5.721     0.24    5.97
   -721.362     6.596     3.03    8.01
   -432.838     8.796     7.63   10.09
   -144.294    10.597     6.24   12.34
    144.271    11.681     3.76   13.20
    432.856    11.781     0.35   13.14
    721.461    10.714    -3.70   13.04
   1010.086     9.099    -5.60   11.89
   1298.731     7.265    -6.35    9.39
   1587.397     5.330    -6.71    5.49
   1876.083     5.679     1.21    5.66
   2164.789     5.300    -1.32    5.49
   2453.515     4.696    -2.09    5.27
   2742.262     3.658    -3.59    4.85
   3031.028     2.383    -4.42    3.96
   3319.816     1.371    -3.51    3.00
   3608.623     0.904    -1.62    2.38
   3897.450     0.419    -1.68    1.46
   4186.298     0.313    -0.37    1.34
   4475.166     0.073    -0.83    0.50
   4764.055     0.049    -0.09    0.48
   5052.963    -0.016    -0.22    0.34
   5341.892     0.034     0.17    0.40
   5630.842     0.160     0.44    0.79
   5919.811     0.421     0.90    1.48
   6208.801     0.687     0.92    1.85
   6497.811     0.771     0.29    1.89
   6786.842     1.023     0.87    2.11
   7075.892     1.531     1.76    2.48
   7364.963     1.919     1.34    2.80
   7654.055     2.464     1.88    3.24
   7943.167     3.086     2.15    3.57
   8232.299     3.945     2.97    3.96
   8521.451     4.760     2.82    3.85
   8810.624     5.394     2.19    3.72
   9099.817     5.883     1.69    3.68
   9389.030     5.996     0.39    3.39
   9678.264     6.746     2.59    3.26
   9967.518     7.287     1.87    3.15
  10256.793     7.868     2.01    2.71
  10546.088     7.826    -0.15    2.88
  10835.403     7.399    -1.47    2.84
  11124.738     6.933    -1.61    2.64
  11414.094     6.496    -1.51    2.11
  11703.471     6.419    -0.27    2.02
  11992.868     6.581     0.56    2.27
  12282.285     6.624     0.15    2.16
  12571.722     6.490    -0.47    2.47
  12861.180     6.421    -0.24    2.50
  13150.659     6.108    -1.08    2.21
  13440.157     6.072    -0.13    2.70
  13729.677     6.137     0.23    3.38
  14019.216     6.155     0.06    3.98
  14308.776     6.128    -0.09    4.33
  14598.357     6.122    -0.02    4.62
  14887.958     6.765     2.22    7.86
  15177.579     7.009     0.84    8.86
  15467.221     7.854     2.92   10.94
  15756.883    10.458     8.99   14.30
  16046.566    15.654    17.94   19.07
  16336.269    20.236    15.82   21.32
  16625.993    28.096    27.13   24.85
  16915.737    35.821    26.66   26.97
  17205.501    44.667    30.53   26.87
  17495.286    54.371    33.49   25.14
  17785.092    60.536    21.28   23.50
  18074.918    65.971    18.75   21.73
  18364.553    72.550    22.71   18.41
  18650.083    76.381    13.42   15.75
  18935.633    77.589     4.23   14.40
  19221.202    75.904    -5.90   16.91
  19506.791    70.933   -17.41   19.67
  19792.400    66.009   -17.24   19.68
  20078.028    60.633   -18.82   16.97
  20363.677    59.258    -4.81   14.65
  20649.345    58.083    -4.11   13.14
  20935.033    58.958     3.06   12.27
  21220.740    59.882     3.23   11.12
  21506.467    59.180    -2.46   10.25
  21792.214    59.330     0.52    9.34
  22077.981    59.325    -0.02    8.39
  22363.768    59.958     2.21    7.47
  22649.574    61.431     5.16    6.76
  22935.400    62.865     5.02    5.83
  23221.246    63.714     2.97    5.13
  23507.112    64.376     2.31    4.88
  23792.998    64.021    -1.24    5.45
  24078.903    63.196    -2.89    6.07
  24364.828    61.743    -5.08    6.00
  24650.773    59.910    -6.41    5.38
  24936.738    58.122    -6.25    5.71
  25222.722    57.218    -3.16    5.18
  25508.726    56.824    -1.38    4.67
  25794.751    57.427     2.11    5.00
  26080.795    59.061     5.71    5.39
  26366.858    61.300     7.82    6.77
  26652.942    62.906     5.61    6.20
  26939.046    64.508     5.60    5.61
  27225.169    65.181     2.35    4.93
  27511.312    64.368    -2.84    5.75
  27797.475    62.378    -6.95    7.55
  28083.658    61.651    -2.54    7.93
  28369.861    61.287    -1.27    8.14
  28656.083    61.180    -0.37    8.73
  28942.326    60.633    -1.91    9.34
  29228.588    59.746    -3.10    9.92
  29514.870    61.958     7.73    9.11
  29801.173    63.146     4.15    9.10
  30087.495    65.097     6.82    8.79
  30373.837    67.131     7.10    8.61
  30660.198    69.198     7.22    8.49
  30946.580    71.983     9.72    8.64
  31232.982    75.047    10.70    9.32
  31519.403    76.905     6.49    9.20
  31805.845    77.602     2.43    8.88
  32092.306    78.308     2.46    9.62
  32378.787    79.346     3.62    9.76
  32665.288    78.796    -1.92   10.02
  32951.810    76.717    -7.25   11.34
  33238.351    73.746   -10.37   11.85
  33524.912    70.959    -9.73   11.01
  33811.493    69.341    -5.64   11.53
  34098.094    67.146    -7.66   11.72
  34384.714    65.196    -6.80   11.55
  34671.355    64.094    -3.84   12.25
  34958.016    62.339    -6.12   12.51
  35244.697    61.471    -3.03   12.79
  35531.398    60.339    -3.95   13.70
  35818.118    57.058   -11.44   17.12
  36104.859    51.160   -20.57   19.25
  36391.620    48.689    -8.62   18.96
  36678.400    46.671    -7.04   19.33
  36965.201    44.599    -7.22   19.32
  37252.022    43.528    -3.74   18.62
  37538.862    45.654     7.41   20.67
  37825.723    49.621    13.83   22.14
  38112.604    53.711    14.26   22.78
  38399.504    54.920     4.21   22.58
  38686.425    56.035     3.89   21.67
  38973.366    56.734     2.44   19.47
  39260.327    58.308     5.49   17.85
  39547.308    59.933     5.66   16.14
  39834.308    63.036    10.81   14.75
  40121.329    67.830    16.70   14.17
  40408.370    72.076    14.79   12.09
  40695.431    74.104     7.07   11.96
  40982.512    76.831     9.50   13.76
  41269.613    77.558     2.53   14.50
  41556.735    73.121   -15.46   20.14
  41843.876    67.421   -19.85   22.01
  42131.037    63.496   -13.67   20.59
  42418.219    61.683    -6.31   19.65
  42705.420    61.214    -1.63   18.26
  42992.642    62.046     2.89   17.85
  43279.883    66.338    14.94   18.55
  43567.145    71.330    17.38   16.59
  43854.427    73.908     8.98   15.69
  44141.729    75.352     5.03   15.62
  44429.051    78.155     9.75   16.35
  44716.393    80.330     7.57   16.91
  45003.756    82.596     7.89   18.22
  45291.138    84.812     7.71   17.92
  45578.541    88.121    11.51   16.88
  45865.964    90.196     7.22   16.43
  46153.406    92.202     6.98   17.20
  46440.869    95.059     9.94   17.32
  46728.353    96.193     3.94   19.26
  47015.856    95.403    -2.75   20.17
  47303.379    95.009    -1.37   20.07
  47590.923    94.945    -0.22   18.19
  47878.487    96.102     4.02   16.06
  48166.071    98.339     7.78   15.31
  48453.675   101.568    11.23   15.15
  48741.299   105.035    12.05   14.82
  49028.944   109.341    14.97   13.81
  49316.608   112.546    11.14   12.19
  49604.293   113.414     3.02   10.30
  49891.998   111.200    -7.70   11.16
  50179.724   109.333    -6.49   11.78
  50467.469   106.761    -8.94   11.92
  50755.235   102.658   -14.26   11.71
  51043.021    97.746   -17.07    9.87
  51330.827    93.867   -13.48    8.93
  51618.653    91.247    -9.10    9.68
  51906.500    87.918   -11.57    9.91
  52194.367    83.388   -15.74    7.43
  52482.254    80.160   -11.21    4.73
  52770.161    78.755    -4.88    4.10
  53058.089    77.588    -4.06    3.82
  53346.036    77.110    -1.66    3.56
  53634.004    77.218     0.37    3.62
  53921.993    78.020     2.79    4.00
  54210.001    79.233     4.21    4.60
  54498.030    80.836     5.57    5.21
  54786.079    82.458     5.63    4.90
  55074.149    83.791     4.63    4.98
  55362.238    85.471     5.83    5.24
  55650.348    87.063     5.53    5.40
  55938.479    88.996     6.71    5.48
  56226.629    91.148     7.47    5.10
  56514.800    92.629     5.14    4.96
  56802.991    94.267     5.68    4.80
  57091.203    95.831     5.43    4.81
  57379.435    97.637     6.27    5.69
  57667.687    99.316     5.83    5.85
  57955.959   100.946     5.65    6.04
  58244.252   102.288     4.66    5.24
  58532.565   103.390     3.82    4.70
  58820.899   104.746     4.70    5.28
  59109.252   104.563    -0.63    5.18
  59397.627   104.286    -0.96    4.99
  59686.021   104.085    -0.70    5.37
  59974.436   103.679    -1.40    6.12
  60262.871   103.743     0.22    6.18
  60551.327   104.071     1.14    5.91
  60839.803   104.148     0.27    5.08
  61128.299   104.283     0.47    4.59
  61416.816   104.576     1.01    4.17
  61705.353   104.358    -0.75    4.28
  61993.910   104.733     1.30    4.36
  62282.488   104.057    -2.34    5.46
  62571.087   102.483    -5.45    6.16
  62859.705   100.971    -5.24    6.04
  63148.344   100.444    -1.82    6.42
  63437.004   100.819     1.30    6.21
  63725.684   100.857     0.13    5.48
  64014.384   100.452    -1.40    5.54
  64303.105    99.730    -2.50    6.65
  64591.846    98.842    -3.07    7.75
  64880.608    95.857   -10.34    9.60
  65169.390    91.621   -14.67   11.51
  65458.192    87.086   -15.70   12.95
  65747.015    82.108   -17.24   12.95
  66035.859    76.654   -18.89   12.07
  66324.723    72.146   -15.61   10.17
  66613.607    68.451   -12.79    8.40
  66902.512    65.773    -9.27    7.01
  67191.437    64.262    -5.23    6.64
  67480.383    61.983    -7.89    5.46
  67769.349    61.033    -3.29    4.93
  68058.336    60.414    -2.14    4.49
  68347.343    60.421     0.02    4.60
  68636.371    60.146    -0.95    4.74
  68925.419    60.021    -0.43    5.04
  69214.488    60.176     0.54    4.80
  69503.577    61.106     3.22    5.69
  69792.687    61.761     2.26    6.98
  70081.817    62.255     1.71    8.01
  70370.968    62.668     1.43    8.52
  70660.139    62.892     0.77    8.42
  70949.331    62.721    -0.59    8.37
  71238.544    63.414     2.40    9.08
  71527.777    63.396    -0.06    9.13
  71817.030    64.358     3.33    9.47
  72106.304    65.995     5.66    9.71
  72395.599    67.308     4.54    9.72
  72684.914    69.397     7.22    9.56
  72974.250    71.490     7.23    9.79
  73263.606    73.835     8.11   10.31
  73552.983    76.346     8.68   11.31
  73842.380    78.106     6.08   11.78
  74131.798    78.076    -0.11   11.67
  74421.237    78.826     2.59   10.72
  74710.696    79.036     0.73   10.23
  75000.176    80.060     3.54    9.67
  75289.676    80.629     1.96    9.27
  75579.197    82.383     6.06    9.91
  75868.739    84.427     7.06   10.10
  76158.301    87.376    10.18   10.56
  76447.884    90.754    11.67   10.03
  76737.488    93.613     9.87   10.47
  77027.112    96.267     9.17   10.32
  77316.757    98.558     7.91    9.96
  77606.422   100.921     8.16    8.48
  77896.108   103.099     7.52    8.06
  78185.815   105.089     6.87    7.85
  78475.542   106.707     5.59    7.81
  78765.290   109.253     8.78    8.00
  79055.059   111.958     9.34    6.86
  79344.848   112.613     2.26    6.10
  79634.658   111.771    -2.91    7.07
  79924.489   110.650    -3.87    8.05
  80214.340   109.742    -3.13    8.55
  80502.547   108.338    -4.87    9.32
  80788.046   107.637    -2.45    8.80
  81073.565   108.378     2.59    8.78
  81359.104   109.600     4.28    8.43
  81644.662   110.426     2.89    7.91
  81930.241   109.802    -2.19    8.51
  82215.839   110.471     2.34    8.15
  82501.458   111.063     2.07    8.06
  82787.096   109.350    -6.00    9.03
  83072.754   107.646    -5.97    9.41
  83358.432   107.073    -2.00    9.39
  83644.131   108.119     3.66    9.76
  83929.849   108.198     0.28    9.74
  84215.587   107.446    -2.63    9.53
  84501.344   107.798     1.23    9.10
  84787.122   107.908     0.39    8.79
  85072.920   105.296    -9.14   10.50
  85358.738   102.378   -10.21   10.25
  85644.576   100.696    -5.89    9.69
  85930.433   100.124    -2.00    9.17
  86216.311   100.685     1.96    9.00
  86502.209   101.483     2.79    8.72
  86788.126   104.325     9.94    9.29
  87074.064   105.971     5.76    9.41
  87360.021   108.371     8.39   10.61
  87645.999   110.150     6.22   11.54
  87931.996   112.339     7.65   11.80
  88218.014   115.100     9.66   11.52
  88504.052   116.563     5.11   10.75
  88790.109   117.763     4.20    9.98
  89076.187   118.724     3.36    9.25
  89362.284   119.983     4.40    9.28
  89648.402   122.272     8.00    9.86
  89934.540   124.168     6.63    9.93
  90220.697   127.502    11.65   10.51
  90506.875   132.699    18.16   10.75
  90793.073   137.143    15.53    9.97
  91079.291   140.667    12.31    8.55
  91365.529   142.650     6.93    7.41
  91651.787   142.786     0.48    8.13
  91938.065   140.734    -7.17    9.92
  92224.363   137.061   -12.83   11.74
  92510.681   133.791   -11.42   12.05
  92797.019   131.551    -7.82   10.51
  93083.377   130.576    -3.41    9.31
  93369.756   130.501    -0.26    8.48
  93656.154   131.771     4.43    8.69
  93942.573   134.874    10.84    8.37
  94229.011   137.057     7.62    8.37
  94515.470   138.180     3.92    8.47
  94801.949   139.385     4.21    8.33
  95088.448   138.304    -3.77    9.99
  95374.967   134.521   -13.21   12.57
  95661.506   129.256   -18.37   14.31
  95948.066   122.628   -23.13   14.84
  96234.645   116.278   -22.16   15.93
  96521.245   110.158   -21.36   16.78
  96807.864   103.233   -24.16   15.14
  97094.504    98.641   -16.02   12.43
  97381.164    97.255    -4.84   11.56
  97667.844    97.578     1.13   12.33
  97954.545   100.496    10.18   15.57
  98241.265   104.168    12.81   16.27
  98528.006   110.208    21.07   16.55
  98814.766   116.683    22.58   16.67
  99101.547   121.415    16.50   15.19
  99388.349   123.521     7.34   14.59
  99675.170   122.087    -5.00   14.77
  99962.011   119.204   -10.05   13.89
 100248.873   117.073    -7.43   13.71
 100535.755   115.287    -6.23   12.72
 100822.657   116.689     4.89   13.61
 101109.579   120.097    11.88   14.26
 101396.522   122.778     9.34   12.77
 101683.485   123.282     1.76   12.40
 101970.468   122.958    -1.13   11.43
 102257.471   122.108    -2.96   11.69
 102544.494   120.477    -5.68   12.44
 102831.538   117.633    -9.91   11.85
 103118.602   118.171     1.87   13.23
 103405.686   120.477     8.03   13.46
 103692.790   120.708     0.81   13.10
 103979.915   120.573    -0.47   12.87
 104267.060   121.071     1.73   12.43
 104554.225   123.566     8.69   12.96
 104841.410   123.271    -1.03   12.83
 105128.616   121.533    -6.05   13.35
 105415.842   118.591   -10.24   14.62
 105703.088   114.405   -14.57   16.52
 105990.354   108.841   -19.37   17.37
 106277.641   102.458   -22.22   14.88
 106564.948    96.836   -19.57   10.68
 106852.276    92.495   -15.11    8.51
 107139.623    89.146   -11.66    8.20
 107426.991    86.477    -9.29    7.73
 107714.379    84.576    -6.62    7.41
 108001.788    83.308    -4.41    7.56
 108289.217    82.683    -2.17    8.77
 108576.666    82.696     0.04   10.32
 108864.136    82.258    -1.52   10.88
 109151.626    80.717    -5.36   10.59
 109439.136    78.858    -6.47    9.19
 109726.666    77.155    -5.92    7.31
 110014.217    75.931    -4.26    5.51
 110301.789    74.842    -3.79    4.01
 110589.380    75.921     3.75    6.56
 110876.992    78.361     8.48    9.64
 111164.625    78.958     2.08   10.11
 111452.277    79.158     0.69   10.27
 111739.950    81.251     7.28   10.88
 112027.644    84.773    12.24   12.35
 112315.358    89.696    17.11   13.65
 112603.092    91.588     6.58   13.45
 112890.847    93.246     5.76   13.19
 113178.622    93.208    -0.13   13.43
 113466.417    91.249    -6.81   14.19
 113754.233    87.050   -14.59   14.19
 114042.069    81.773   -18.33   10.47
 114329.926    77.789   -13.84    4.11
 114617.803    77.304    -1.68    2.86
 114905.700    78.069     2.66    2.69
 115193.618    78.836     2.66    2.29
 115481.557    79.489     2.27    1.78
 115769.515    80.090     2.09    2.00
 116057.495    81.069     3.40    3.78
 116345.494    82.658     5.52    5.14
 116633.515    84.390     6.01    6.82
 116921.555    86.227     6.38    8.13
 117209.616    89.859    12.61   11.76
 117497.698    93.708    13.36   14.61
 117785.800    96.707    10.41   15.68
 118073.922    99.668    10.28   16.75
 118362.065   101.347     5.83   16.71
 118650.229   102.446     3.81   15.86
 118938.413   104.662     7.69   15.58
 119226.617   108.275    12.54   17.29
 119514.842   111.617    11.59   17.89
 119803.087   114.428     9.75   18.02
 120091.353   118.983    15.80   17.67
 120379.640   122.621    12.62   16.17
 120667.947   126.629    13.91   15.47
 120956.274   130.202    12.39   14.21
 121244.622   132.408     7.65   12.48
 121532.991   133.755     4.67   11.44
 121821.380   135.021     4.39   11.00
 122109.790   137.181     7.49   11.53
 122398.220   140.536    11.63   11.23
 122686.671   142.796     7.83   10.81
 122975.142   144.835     7.07    8.83
 123263.634   145.410     1.99    7.35
 123552.146   144.613    -2.76    7.63
 123840.679   142.071    -8.81    8.76
 124129.233   138.666   -11.80    8.96
 124417.807   134.871   -13.15    9.41
 124706.402   131.246   -12.56    9.26
 124995.017   127.119   -14.30    9.15
 125283.653   123.521   -12.47    8.07
 125572.309   120.477   -10.55    5.84
 125860.986   118.833    -5.69    4.01
 126149.684   118.128    -2.44    2.30
 126438.402   118.036    -0.32    1.81
 126727.141   118.278     0.84    1.78
 127015.901   118.971     2.40    1.93
 127304.681   120.141     4.05    2.57
 127593.482   121.421     4.43    2.97
 127882.303   123.658     7.75    5.37
 128171.145   127.057    11.77    8.35
 128460.008   130.433    11.69    9.20
 128748.891   132.692     7.82    8.50
 129037.795   133.858     4.04    8.08
 129326.720   134.533     2.34    8.01
 129615.665   134.329    -0.71    8.48
 129904.631   133.333    -3.45    8.59
 130193.618   132.224    -3.84    7.59
 130482.625   131.568    -2.27    6.98
 130771.653   130.957    -2.11    6.90
 131060.702   129.571    -4.80    6.99
 131349.772   128.093    -5.11    6.25
 131638.862   126.508    -5.48    4.84
 131927.972   125.783    -2.51    4.71
 132217.104   125.117    -2.30    4.53
 132506.256   123.983    -3.92    4.61
 132795.429   123.128    -2.96    5.23
 133084.623   121.984    -3.96    6.88
 133373.837   120.743    -4.29    8.15
 133663.072   119.236    -5.21    9.22
 133952.328   116.895    -8.10    9.93
 134241.605   114.804    -7.23   10.00
 134530.902   112.894    -6.60    9.60
 134820.220   110.679    -7.65    7.98
 135109.559   109.771    -3.14    6.91
 135398.919   109.045    -2.51    5.63
 135688.299   108.883    -0.56    4.72
 135977.700   109.771     3.07    4.64
 136267.122   111.593     6.30    5.50
 136556.565   113.613     6.98    6.81
 136846.028   115.826     7.65    8.60
 137135.512   118.405     8.91    9.93
 137425.017   120.198     6.20   10.28
 137714.543   121.533     4.61   10.34
 138004.090   120.699    -2.88   10.44
 138293.657   118.810    -6.52   10.57
 138583.245   116.069    -9.47   10.21
 138872.854   112.921   -10.87   10.16
 139162.484   111.180    -6.01    9.35
 139452.135   109.054    -7.34    8.46
 139741.806   106.775    -7.87    6.94
 140031.499   105.690    -3.75    6.03
 140321.212   105.563    -0.44    6.19
 140610.946   106.008     1.54    6.58
 140900.701   106.110     0.35    7.47
 141190.477   105.010    -3.80    8.34
 141480.273   103.957    -3.63    8.97
 141770.091   102.502    -5.02    9.49
 142059.929    99.781    -9.39    9.56
 142349.788    97.341    -8.42    9.46
 142636.593    94.629    -9.46    8.94
 142922.076    91.849    -9.74    8.24
 143207.578    88.790   -10.72    7.05
 143493.100    86.971    -6.37    6.81
 143778.643    85.067    -6.67    5.02
 144064.206    84.555    -1.79    4.79
 144349.788    84.239    -1.11    4.75
 144635.391    83.846    -1.38    3.91
