-156649.190   107.430     0.00   18.62
-156359.435   107.342    -0.31   16.29
-156069.699   110.405    10.58   16.24
-155779.982   114.327    13.54   16.21
-155490.282   117.253    10.10   15.83
-155200.601   119.906     9.16   14.72
-154910.939   120.695     2.72   14.44
-154621.294   122.861     7.48   14.02
-154331.668   121.163    -5.87   15.59
-154042.060   115.266   -20.36   17.21
-153752.471   109.314   -20.56   18.14
-153462.899   100.293   -31.16   18.54
-153173.346    93.320   -24.09   19.02
-152883.812    88.237   -17.56   17.67
-152594.295    90.992     9.52   21.05
-152304.797    92.709     5.93   22.56
-152015.317    97.486    16.50   25.72
-151725.856   104.780    25.20   25.04
-151436.412   113.037    28.53   20.54
-151146.987   119.131    21.06   14.19
-150857.580   121.981     9.85   12.59
-150568.192   124.127     7.42   12.73
-150278.821   127.112    10.31   12.24
-149989.469   127.558     1.54   12.09
-149700.136   127.656     0.34   12.10
-149410.820   127.042    -2.12   11.49
-149121.522   128.064     3.53   11.13
-148832.243   127.234    -2.87   12.47
-148542.982   125.064    -7.50   12.12
-148253.740   122.834    -7.71   11.84
-147964.515   122.185    -2.24   12.95
-147675.309   120.848    -4.63   14.04
-147386.121   120.861     0.05   14.93
-147096.951   123.819    10.23   15.20
-146807.799   128.437    15.97   14.01
-146518.666   130.607     7.51   11.93
-146229.550   131.287     2.35   11.47
-145940.453   130.714    -1.98   10.83
-145651.374   131.010     1.02   10.01
-145362.313   127.957   -10.56   10.64
-145073.271   124.005   -13.67   11.12
-144784.246   120.532   -12.02   11.42
-144495.240   116.902   -12.56   11.74
-144206.252   114.734    -7.50   12.21
-143917.282   111.070   -12.68   13.60
-143628.330   106.712   -15.08   14.96
-143339.397   101.821   -16.93   16.40
-143050.481   100.347    -5.10   16.81
-142761.584    99.212    -3.93   17.52
-142472.705    99.806     2.06   17.60
-142183.844   101.573     6.12   18.41
-141895.001   105.431    13.36   19.28
-141606.176   110.917    19.00   17.61
-141317.369   113.779     9.91   14.84
-141028.581   115.847     7.16   11.67
-140739.810   114.834    -3.51   12.01
-140451.058   112.821    -6.97   12.87
-140162.324   107.942   -16.90   15.42
-139873.608   100.848   -24.57   18.53
-139584.910    95.087   -19.96   19.41
-139296.230    90.792   -14.88   20.74
-139007.568    85.977   -16.68   19.98
-138718.925    82.327   -12.65   18.77
-138430.299    78.767   -12.34   18.18
-138141.691    76.564    -7.64   17.91
-137853.102    74.780    -6.18   16.92
-137564.531    74.074    -2.45   16.92
-137275.977    72.889    -4.11   16.41
-136987.442    74.062     4.07   17.99
-136698.925    75.261     4.15   19.00
-136410.426    73.834    -4.95   18.15
-136121.945    74.135     1.04   17.96
-135833.482    73.434    -2.43   17.80
-135545.037    71.537    -6.58   17.06
-135256.610    71.253    -0.98   18.51
-134968.201    71.272     0.07   18.57
-134679.810    71.163    -0.38   18.50
-134391.437    69.053    -7.32   17.72
-134103.083    65.819   -11.22   16.35
-133814.746    62.190   -12.59   14.98
-133526.427    58.245   -13.69   13.74
-133238.127    55.765    -8.60   12.64
-132949.844    55.541    -0.78   13.61
-132661.579    54.067    -5.11   12.54
-132373.333    54.754     2.38   13.34
-132085.104    55.264     1.77   13.56
-131796.893    59.861    15.95   16.92
-131508.701    65.875    20.87   20.14
-131220.526    72.334    22.42   20.82
-130932.369    77.683    18.57   18.43
-130644.231    82.887    18.06   12.84
-130356.110    84.861     6.85   10.64
-130068.007    84.234    -2.18   11.32
-129779.923    82.145    -7.25   10.80
-129491.856    79.067   -10.69   10.27
-129203.807    77.834    -4.28    9.42
-128915.776    75.738    -7.28   10.96
-128627.763    74.409    -4.61   12.15
-128339.768    72.356    -7.13   12.62
-128051.791    69.765    -9.00   12.25
-127763.832    70.461     2.41   13.01
-127475.891    69.821    -2.22   13.23
-127187.968    70.158     1.17   12.65
-126900.063    70.510     1.22   12.37
-126612.176    71.848     4.65   10.55
-126324.306    69.921    -6.69   11.49
-126036.455    66.806   -10.82   11.55
-125748.621    64.915    -6.57   11.40
-125460.806    64.552    -1.26   11.66
-125173.008    66.126     5.47   11.82
-124885.228    68.158     7.06   11.35
-124597.467    70.768     9.07    8.31
-124309.723    71.577     2.81    6.10
-124021.997    69.765    -6.30    6.81
-123734.288    67.108    -9.24    7.61
-123446.598    63.819   -11.43    8.34
-123158.926    61.320    -8.69    7.50
-122871.271    59.251    -7.19    6.40
-122583.635    57.889    -4.74    5.38
-122296.016    56.983    -3.15    4.84
-122008.415    56.915    -0.23    4.95
-121720.832    57.501     2.04    4.79
-121433.267    57.723     0.77    4.91
-121145.720    55.574    -7.47    7.53
-120858.190    52.382   -11.10    9.61
-120570.679    48.306   -14.18   11.02
-120283.185    44.414   -13.54   10.70
-119995.709    41.135   -11.41    9.67
-119708.251    37.793   -11.63    8.16
-119420.811    35.374    -8.41    6.42
-119133.388    33.607    -6.15    5.16
-118845.984    32.199    -4.90    4.33
-118558.597    31.122    -3.75    2.88
-118271.228    30.327    -2.77    1.79
-117983.877    30.231    -0.33    1.65
-117696.544    30.223    -0.03    1.84
-117409.229    30.240     0.06    1.91
-117121.931    30.442     0.70    2.09
-116834.651    30.541     0.34    2.11
-116547.389    30.496    -0.15    2.17
-116260.145    30.727     0.80    2.69
-115972.919    30.793     0.23    3.21
-115685.710    30.792    -0.00    3.29
-115398.519    30.932     0.49    3.53
-115111.346    30.645    -1.00    3.39
-114824.191    30.820     0.61    3.75
-114537.053    30.805    -0.05    3.83
-114249.934    30.396    -1.43    3.33
-113962.832    29.847    -1.91    2.65
-113675.747    30.050     0.71    2.71
-113388.681    29.687    -1.26    2.08
-113101.632    29.487    -0.70    2.23
-112814.601    29.445    -0.15    2.39
-112527.588    29.153    -1.02    2.65
-112240.593    28.683    -1.64    2.72
-111953.615    28.204    -1.67    2.71
-111666.655    27.691    -1.79    2.43
-111379.713    27.039    -2.27    2.02
-111092.788    26.685    -1.23    2.05
-110805.882    26.274    -1.43    1.73
-110518.993    25.901    -1.30    1.42
-110232.121    25.927     0.09    1.49
-109945.268    25.973     0.16    1.52
-109658.432    25.790    -0.64    1.49
-109371.614    25.765    -0.09    1.45
-109084.813    25.656    -0.38    1.42
-108798.030    25.544    -0.39    1.34
-108511.265    25.587     0.15    2.31
-108224.518    25.564    -0.08    2.37
-107937.788    25.554    -0.03    2.53
-107651.076    25.487    -0.23    2.40
-107364.382    25.185    -1.05    1.53
-107077.705    25.084    -0.35    1.50
-106791.046    24.922    -0.56    1.44
-106504.405    24.806    -0.40    1.30
-106217.781    24.752    -0.19    1.24
-105931.176    24.648    -0.36    1.32
-105644.587    24.570    -0.27    1.43
-105358.017    24.505    -0.23    1.40
-105071.464    24.501    -0.02    1.37
-104784.928    24.415    -0.30    1.44
-104498.411    24.172    -0.85    1.48
-104211.910    24.014    -0.55    1.39
-103925.428    23.878    -0.48    1.48
-103638.963    23.862    -0.06    1.57
-103352.516    23.739    -0.43    1.56
-103066.087    23.534    -0.72    1.51
-102779.675    23.389    -0.50    1.41
-102493.280    23.091    -1.04    1.44
-102206.904    23.314     0.78    1.88
-101920.545    23.712     1.39    2.66
-101634.203    24.021     1.08    2.99
-101347.880    24.217     0.69    3.04
-101061.573    24.124    -0.33    2.74
-100775.285    24.070    -0.19    2.60
-100489.014    24.050    -0.07    2.56
-100202.760    23.763    -1.00    2.49
 -99916.524    23.709    -0.19    2.36
 -99630.306    24.158     1.57    3.12
 -99344.105    24.888     2.55    3.63
 -99057.922    25.753     3.02    4.04
 -98771.562    26.301     1.91    4.05
 -98481.554    26.820     1.79    3.91
 -98191.565    27.022     0.70    3.78
 -97901.594    27.028     0.02    3.84
 -97611.641    26.876    -0.53    3.81
 -97321.706    25.973    -3.11    3.33
 -97031.789    24.779    -4.12    2.32
 -96741.891    24.437    -1.18    2.35
 -96452.010    24.293    -0.49    2.34
 -96162.148    23.983    -1.07    2.36
 -95872.304    23.834    -0.51    2.29
 -95582.478    23.711    -0.43    2.34
 -95292.670    23.370    -1.17    2.07
 -95002.880    23.245    -0.43    2.03
 -94713.108    23.221    -0.08    2.03
 -94423.355    23.341     0.41    2.03
 -94133.619    23.064    -0.96    1.86
 -93843.902    23.131     0.23    2.28
 -93554.202    23.626     1.71    2.67
 -93264.521    23.966     1.18    2.74
 -92974.858    23.973     0.02    2.70
 -92685.213    24.039     0.23    2.99
 -92395.586    24.139     0.35    2.94
 -92105.977    24.286     0.51    3.04
 -91816.386    24.587     1.04    3.02
 -91526.813    24.483    -0.36    3.09
 -91237.259    24.259    -0.77    3.05
 -90947.722    23.699    -1.93    2.37
 -90658.203    23.067    -2.18    1.52
 -90368.703    23.143     0.26    1.55
 -90079.220    23.478     1.16    2.46
 -89789.756    24.247     2.66    3.44
 -89500.309    24.658     1.42    3.43
 -89210.881    24.874     0.75    3.37
 -88921.470    25.374     1.73    3.25
 -88632.078    25.681     1.06    3.24
 -88342.704    25.819     0.48    2.33
 -88053.348    26.012     0.67    2.07
 -87764.009    26.793     2.70    2.19
 -87474.689    27.634     2.91    2.46
 -87185.387    28.685     3.63    2.55
 -86896.102    29.712     3.55    2.76
 -86606.836    31.307     5.51    3.80
 -86317.588    32.519     4.19    3.73
 -86028.358    33.875     4.69    3.69
 -85739.145    35.709     6.34    4.56
 -85449.951    37.599     6.53    5.55
 -85160.775    39.409     6.26    6.04
 -84871.616    41.626     7.67    6.75
 -84582.476    43.973     8.12    7.30
 -84293.354    46.581     9.02    7.34
 -84004.249    49.361     9.62    7.18
 -83715.163    50.753     4.82    7.39
 -83426.094    53.626     9.94    8.12
 -83137.044    56.667    10.52    8.78
 -82848.011    60.098    11.87    8.98
 -82558.997    62.486     8.26    8.89
 -82270.000    65.212     9.43    9.29
 -81981.021    68.077     9.91    9.69
 -81692.060    70.401     8.04    8.45
 -81403.117    69.996    -1.40    8.89
 -81114.192    68.496    -5.19   10.52
 -80825.285    65.003   -12.09   12.58
 -80536.396    60.891   -14.23   12.84
 -80247.525    56.992   -13.50   12.26
 -79958.672    51.778   -18.05   10.13
 -79669.836    47.959   -13.22    8.31
 -79381.019    44.428   -12.22    7.87
 -79092.219    40.927   -12.12    7.03
 -78803.438    38.820    -7.30    5.97
 -78514.674    36.928    -6.55    5.77
 -78225.928    36.199    -2.53    5.82
 -77937.200    35.298    -3.12    5.55
 -77648.490    33.987    -4.54    6.30
 -77359.798    32.459    -5.29    6.36
 -77071.124    30.514    -6.74    5.39
 -76782.467    28.875    -5.68    4.66
 -76493.828    27.930    -3.27    4.41
 -76205.208    26.969    -3.33    3.91
 -75916.605    26.564    -1.40    4.58
 -75628.020    26.204    -1.25    5.83
 -75339.453    25.930    -0.95    6.56
 -75050.903    24.687    -4.31    5.74
 -74762.372    23.334    -4.69    5.80
 -74473.858    21.820    -5.25    4.74
 -74185.363    20.523    -4.50    3.33
 -73896.885    19.496    -3.56    2.75
 -73608.424    19.023    -1.64    2.66
 -73319.982    18.185    -2.90    2.44
 -73031.558    17.534    -2.26    2.20
 -72743.151    16.765    -2.66    1.97
 -72454.762    16.204    -1.95    1.93
 -72166.391    15.747    -1.58    1.92
 -71878.038    15.437    -1.08    1.94
 -71589.703    15.037    -1.39    1.87
 -71301.385    14.807    -0.80    2.31
 -71013.085    14.537    -0.94    2.36
 -70724.803    14.447    -0.31    2.37
 -70436.539    14.149    -1.03    2.37
 -70148.293    13.863    -0.99    2.38
 -69860.064    13.697    -0.58    2.12
 -69571.853    13.396    -1.05    2.07
 -69283.660    13.313    -0.29    1.44
 -68995.485    13.172    -0.49    1.34
 -68707.327    13.163    -0.03    1.14
 -68419.187    13.104    -0.20    1.20
 -68131.065    13.135     0.11    1.24
 -67842.961    13.313     0.62    1.42
 -67554.875    13.354     0.14    1.56
 -67266.806    13.452     0.34    1.56
 -66978.755    13.396    -0.19    1.67
 -66690.722    13.251    -0.50    1.70
 -66402.706    13.139    -0.39    1.68
 -66114.708    12.820    -1.11    1.44
 -65826.728    12.697    -0.43    1.37
 -65538.766    12.753     0.19    1.36
 -65250.821    12.848     0.33    1.82
 -64962.894    12.820    -0.10    1.81
 -64674.985    12.862     0.14    1.85
 -64387.094    12.776    -0.30    1.92
 -64099.220    12.753    -0.08    1.47
 -63811.364    12.793     0.14    1.48
 -63523.526    12.969     0.61    1.63
 -63235.705    12.928    -0.14    1.73
 -62947.902    12.793    -0.47    1.77
 -62660.117    12.598    -0.68    1.79
 -62372.349    12.431    -0.58    1.83
 -62084.599    12.141    -1.01    1.72
 -61796.867    12.109    -0.11    1.57
 -61509.153    12.020    -0.31    1.43
 -61221.456    11.674    -1.20    1.37
 -60933.777    11.711     0.13    1.45
 -60646.115    11.847     0.48    1.85
 -60358.471    13.631     6.20    4.54
 -60070.845    15.442     6.30    5.54
 -59783.236    17.138     5.90    5.81
 -59495.646    17.711     1.99    6.13
 -59208.072    17.442    -0.93    6.32
 -58920.517    16.747    -2.42    6.05
 -58632.979    15.028    -5.98    5.37
 -58345.458    13.167    -6.47    4.49
 -58057.956    11.594    -5.47    2.35
 -57770.471    10.928    -2.31    1.70
 -57483.003    10.847    -0.28    1.67
 -57195.553    10.834    -0.05    1.58
 -56908.121    10.657    -0.61    1.54
 -56620.706    10.431    -0.79    1.39
 -56333.309    10.601     0.59    1.40
 -56045.930    10.721     0.42    1.52
 -55758.568    10.916     0.68    1.40
 -55471.224    11.026     0.38    1.32
 -55183.898    11.247     0.77    1.26
 -54896.589    11.491     0.85    1.15
 -54609.297    11.428    -0.22    1.08
 -54322.023    11.376    -0.18    0.85
 -54034.767    11.334    -0.15    1.11
 -53747.528    11.300    -0.12    1.13
 -53460.307    11.094    -0.72    1.17
 -53173.104    10.928    -0.58    1.29
 -52885.918    10.672    -0.89    1.33
 -52598.749    10.587    -0.29    1.32
 -52311.599    10.510    -0.27    1.38
 -52024.465    10.327    -0.64    1.37
 -51737.350    10.341     0.05    1.41
 -51450.251    10.242    -0.34    1.48
 -51163.171    10.010    -0.81    1.33
 -50876.108     9.779    -0.81    1.33
 -50589.062     9.862     0.29    1.37
 -50302.034     9.930     0.24    1.41
 -50015.024    10.077     0.51    1.48
 -49728.031    10.428     1.22    1.57
 -49441.055    10.658     0.80    1.48
 -49154.097    10.957     1.04    1.71
 -48867.157    11.014     0.20    1.63
 -48580.234    11.008    -0.02    1.51
 -48293.328    10.993    -0.05    1.54
 -48006.441    10.778    -0.75    1.48
 -47719.570    10.598    -0.63    1.48
 -47432.717    10.464    -0.47    1.21
 -47145.882    10.469     0.02    1.17
 -46859.064    10.546     0.27    1.12
 -46572.264    10.514    -0.11    1.24
 -46285.481    10.306    -0.73    1.27
 -45998.715    10.039    -0.93    1.44
 -45711.967     9.599    -1.54    1.75
 -45425.237     9.320    -0.97    1.88
 -45138.524     9.126    -0.68    1.89
 -44851.828     8.848    -0.97    2.55
 -44565.150     8.354    -1.72    2.50
 -44278.489     7.930    -1.48    2.62
 -43991.846     7.464    -1.62    2.60
 -43705.220     7.245    -0.76    2.63
 -43418.612     6.930    -1.10    1.99
 -43132.021     6.697    -0.81    1.98
 -42845.448     6.672    -0.09    2.52
 -42558.892     6.820     0.52    2.51
 -42272.353     6.642    -0.62    2.58
 -41985.832     6.478    -0.57    2.63
 -41699.328     6.672     0.68    2.58
 -41412.842     6.574    -0.34    2.42
 -41126.373     6.374    -0.70    2.01
 -40839.921     6.552     0.62    2.02
 -40553.487     6.487    -0.23    1.91
 -40267.071     6.417    -0.24    1.96
 -39980.671     6.481     0.22    1.84
 -39694.290     6.231    -0.87    1.69
 -39407.925     5.903    -1.14    1.33
 -39121.578     5.542    -1.26    1.05
 -38835.248     5.628     0.30    1.08
 -38548.936     5.683     0.19    1.15
 -38262.641     5.752     0.24    1.20
 -37976.364     5.778     0.09    1.27
 -37690.104     5.681    -0.34    1.35
 -37403.861     5.689     0.03    1.26
 -37117.635     5.703     0.05    1.20
 -36831.427     5.626    -0.27    1.33
 -36543.409     5.560    -0.23    1.25
 -36253.413     5.320    -0.83    1.26
 -35963.435     5.163    -0.54    1.11
 -35673.475     5.094    -0.24    1.14
 -35383.533     4.955    -0.48    1.08
 -35093.609     4.916    -0.14    1.09
 -34803.702     4.752    -0.57    1.16
 -34513.814     4.602    -0.52    1.10
 -34223.943     4.556    -0.16    1.00
 -33934.091     4.381    -0.61    0.81
 -33644.256     4.501     0.41    0.79
 -33354.439     4.523     0.08    0.74
 -33064.640     4.523     0.00    0.78
 -32774.859     4.615     0.32    0.96
 -32485.096     4.613    -0.00    1.10
 -32195.351     4.697     0.29    1.19
 -31905.623     4.848     0.52    1.25
 -31615.914     4.861     0.05    1.31
 -31326.222     4.875     0.05    1.28
 -31036.548     5.108     0.80    1.28
 -30746.892     5.149     0.14    1.22
 -30457.254     5.153     0.02    1.21
 -30167.634     5.389     0.82    1.15
 -29878.031     5.544     0.53    1.14
 -29588.447     5.776     0.80    1.20
 -29298.880     5.834     0.20    1.14
 -29009.331     5.998     0.57    1.01
 -28719.800     6.023     0.09    0.96
 -28430.287     5.942    -0.28    1.08
 -28140.791     5.969     0.09    1.15
 -27851.314     5.950    -0.07    1.27
 -27561.854     5.875    -0.26    1.42
 -27272.412     5.889     0.05    1.46
 -26982.988     5.935     0.16    1.44
 -26693.582     6.181     0.85    1.43
 -26404.193     6.428     0.85    1.39
 -26114.822     6.685     0.89    1.27
 -25825.469     6.793     0.37    1.25
 -25536.134     6.834     0.14    1.25
 -25246.817     6.876     0.15    1.29
 -24957.517     6.937     0.21    1.26
 -24668.235     6.820    -0.40    1.25
 -24378.971     6.820    -0.00    1.32
 -24089.725     6.626    -0.67    1.48
 -23800.497     6.739     0.39    1.50
 -23511.286     6.888     0.51    1.55
 -23222.093     6.971     0.29    1.55
 -22932.918     7.237     0.92    1.47
 -22643.760     7.368     0.45    1.51
 -22354.621     7.540     0.59    1.44
 -22065.499     7.707     0.58    1.34
 -21776.394     7.901     0.67    1.56
 -21487.308     8.010     0.38    1.62
 -21198.239     8.104     0.33    1.63
 -20909.188     8.374     0.94    1.60
 -20620.155     8.403     0.10    1.52
 -20331.139     8.370    -0.11    1.51
 -20042.141     8.464     0.32    1.43
 -19753.161     8.450    -0.05    1.40
 -19464.199     8.298    -0.53    1.38
 -19175.254     8.104    -0.67    1.45
 -18886.327     8.050    -0.19    1.41
 -18597.418     7.996    -0.19    1.33
 -18308.526     7.752    -0.85    1.27
 -18019.652     7.971     0.76    1.57
 -17730.796     7.892    -0.27    1.61
 -17441.958     7.720    -0.60    1.50
 -17153.137     7.612    -0.37    1.48
 -16864.334     7.693     0.28    1.50
 -16575.548     7.645    -0.17    1.51
 -16286.780     7.354    -1.01    1.18
 -15998.030     7.417     0.22    1.15
 -15709.298     7.478     0.21    1.11
 -15420.583     7.584     0.37    1.14
 -15131.886     7.656     0.25    1.17
 -14843.206     7.643    -0.05    1.05
 -14554.544     7.628    -0.05    1.17
 -14265.900     7.550    -0.27    1.21
 -13977.273     7.464    -0.30    1.18
 -13688.664     7.442    -0.08    1.21
 -13400.073     7.354    -0.30    1.24
 -13111.499     7.158    -0.68    1.19
 -12822.943     7.148    -0.03    1.17
 -12534.405     6.862    -0.99    1.05
 -12245.884     6.639    -0.77    1.15
 -11957.381     6.486    -0.53    1.22
 -11668.895     6.272    -0.74    1.20
 -11380.428     6.172    -0.35    1.19
 -11091.977     5.888    -0.98    1.13
 -10803.544     5.779    -0.38    1.13
 -10515.129     5.612    -0.58    1.01
 -10226.732     5.602    -0.03    1.00
  -9938.352     5.487    -0.40    1.06
  -9649.989     5.354    -0.46    1.03
  -9361.645     5.240    -0.40    1.02
  -9073.317     5.139    -0.35    0.93
  -8785.008     5.108    -0.11    0.96
  -8496.716     5.050    -0.20    0.90
  -8208.441     4.959    -0.32    0.90
  -7920.184     4.969     0.04    0.90
  -7631.945     5.116     0.51    0.91
  -7343.723     5.216     0.35    0.91
  -7055.519     5.217     0.00    0.92
  -6767.332     5.144    -0.26    0.86
  -6479.163     5.307     0.57    0.95
  -6191.011     5.341     0.12    1.00
  -5902.877     5.574     0.81    1.07
  -5614.761     5.642     0.24    1.10
  -5326.662     5.834     0.67    1.15
  -5038.580     6.403     1.98    1.83
  -4750.516     7.481     3.74    3.19
  -4462.470     7.962     1.67    3.26
  -4174.441     8.245     0.98    3.24
  -3886.430     8.355     0.38    3.04
  -3598.436     8.753     1.38    3.00
  -3310.459     8.683    -0.24    3.05
  -3022.501     8.423    -0.90    3.14
  -2734.559     7.514    -3.16    3.28
  -2446.635     7.695     0.63    3.30
  -2158.729     7.667    -0.10    3.91
  -1870.840     7.260    -1.41    4.25
  -1582.969     7.149    -0.39    4.78
  -1295.115     6.848    -1.05    5.39
  -1007.278     5.793    -3.66    5.81
   -719.459     4.930    -3.00    6.12
   -431.658     3.104    -6.34    5.34
   -143.874     2.084    -3.55    4.69
    143.893     2.397     1.09    4.39
    431.642     2.739     1.19    4.13
    719.374     4.066     4.61    4.44
   1007.088     5.662     5.55    4.12
   1294.784     6.807     3.98    3.27
   1582.464     7.626     2.84    2.01
   1870.126     7.753     0.44    1.86
   2157.770     7.820     0.23    2.85
   2445.397     8.042     0.77    3.61
   2733.007     8.703     2.30    4.28
   3020.599     9.916     4.22    5.25
   3308.173    10.601     2.38    5.51
   3595.731    11.172     1.99    5.48
   3883.271    11.848     2.35    5.30
   4170.793    12.591     2.58    5.10
   4458.298    13.280     2.40    4.61
   4745.786    13.711     1.50    4.24
   5033.256    13.550    -0.56    4.41
   5320.709    13.791     0.84    4.41
   5608.144    13.602    -0.66    4.37
   5895.562    13.478    -0.43    4.28
   6182.963    13.577     0.34    4.01
   6470.346    13.510    -0.23    3.62
   6757.712    13.496    -0.05    3.32
   7045.061    13.902     1.41    3.44
   7332.392    14.374     1.64    3.60
   7619.705    14.739     1.27    3.50
   7907.002    15.251     1.78    3.45
   8194.281    16.025     2.70    3.33
   8481.543    16.056     0.11    3.12
   8768.787    16.313     0.90    2.84
   9056.014    15.764    -1.91    2.92
   9343.223    15.642    -0.43    3.12
   9630.416    15.163    -1.67    3.12
   9917.591    14.618    -1.90    3.66
  10204.748    16.711     7.29    7.92
  10491.889    19.368     9.26    9.73
  10779.011    22.732    11.72   11.35
  11066.117    25.472     9.54   11.48
  11353.205    27.806     8.13   11.23
  11640.276    27.834     0.10   11.09
  11927.330    25.158    -9.32   11.53
  12214.366    21.615   -12.34   12.62
  12501.385    17.683   -13.70   11.58
  12788.387    14.560   -10.88    9.62
  13075.372    11.917    -9.21    6.15
  13362.339    11.278    -2.23    4.88
  13649.288    11.907     2.19    4.64
  13936.221    12.532     2.18    3.97
  14223.136    12.598     0.23    3.65
  14510.034    12.259    -1.18    3.95
  14796.915    11.916    -1.19    3.96
  15083.778    11.505    -1.43    4.00
  15370.624    11.537     0.11    4.41
  15657.453    11.834     1.04    4.49
  15944.265    12.067     0.81    4.31
  16231.059    12.530     1.61    3.86
  16517.836    13.935     4.90    4.44
  16804.596    15.806     6.52    5.57
  17091.339    18.270     8.59    6.49
  17378.064    21.459    11.12    7.71
  17664.772    24.491    10.58    7.91
  17951.463    27.793    11.52    7.28
  18238.136    31.491    12.90    6.31
  18524.793    34.153     9.29    6.31
  18811.432    36.820     9.30    6.99
  19098.054    38.525     5.95    6.61
  19384.659    40.354     6.38    6.95
  19671.246    42.570     7.73    7.28
  19957.816    45.361     9.74    7.84
  20244.369    48.181     9.84    7.68
  20530.905    50.765     9.02    7.69
  20817.424    52.793     7.08    7.34
  21103.925    54.167     4.80    6.24
  21390.409    55.264     3.83    4.99
  21676.876    55.892     2.19    4.89
  21963.326    55.391    -1.75    5.49
  22249.759    54.834    -1.95    5.61
  22536.174    55.237     1.41    5.74
  22822.572    54.903    -1.16    5.60
  23108.954    54.848    -0.19    5.06
  23395.317    54.861     0.05    4.81
  23681.664    55.122     0.91    4.10
  23967.994    54.409    -2.49    4.42
  24254.306    53.653    -2.64    4.35
  24540.601    53.054    -2.09    3.89
  24826.880    51.834    -4.26    4.93
  25113.140    50.580    -4.38    5.81
  25399.384    48.361    -7.75    6.49
  25689.067    46.615    -6.03    6.82
  25979.037    44.450    -7.46    6.89
  26268.989    42.957    -5.15    6.44
  26558.923    41.751    -4.16    6.07
  26848.839    41.376    -1.29    6.50
  27138.738    39.452    -6.64    6.48
  27428.619    39.961     1.76    7.36
  27718.482    39.012    -3.27    7.86
  28008.328    37.108    -6.57    7.86
  28298.156    35.280    -6.31    7.65
  28587.966    33.697    -5.46    7.43
  28877.759    32.609    -3.76    6.73
  29167.534    32.950     1.18    6.85
  29457.291    33.464     1.77    7.36
  29747.031    33.320    -0.50    6.94
  30036.753    33.609     1.00    6.19
  30326.458    33.428    -0.62    5.88
  30616.145    33.223    -0.71    5.88
  30905.814    33.226     0.01    5.85
  31195.465    32.902    -1.12    5.17
  31485.099    33.223     1.11    4.71
  31774.716    34.040     2.82    5.28
  32064.314    35.985     6.72    5.75
  32353.895    37.584     5.52    5.15
  32643.459    38.998     4.88    4.68
  32933.005    40.306     4.52    5.16
  33222.533    42.445     7.39    5.52
  33512.044    44.464     6.97    6.56
  33801.537    46.473     6.94    6.61
  34091.012    47.975     5.19    7.04
  34380.470    48.760     2.71    6.90
  34669.910    47.791    -3.35    7.59
  34959.333    45.793    -6.90    8.29
  35248.738    43.695    -7.25    8.54
  35538.126    41.037    -9.19    8.27
  35827.496    38.669    -8.18    6.97
  36116.848    37.542    -3.90    5.32
  36406.183    36.544    -3.45    4.86
  36695.500    36.190    -1.22    4.88
  36984.800    34.932    -4.35    4.76
  37274.082    34.005    -3.20    5.06
  37563.347    32.532    -5.09    4.91
  37852.594    31.264    -4.38    4.23
  38141.823    30.483    -2.70    4.03
  38431.035    30.067    -1.44    4.07
  38720.230    30.306     0.83    4.53
  39009.406    30.363     0.20    4.55
  39298.566    30.584     0.76    4.79
  39587.708    30.667     0.29    4.86
  39876.832    29.501    -4.04    5.15
  40165.939    28.286    -4.20    5.45
  40455.028    27.272    -3.51    4.89
  40744.100    26.587    -2.37    4.77
  41033.154    25.792    -2.75    4.81
  41322.191    25.087    -2.44    4.33
  41611.210    24.393    -2.40    4.09
  41900.212    23.385    -3.49    4.10
  42189.196    23.272    -0.39    3.92
  42478.163    22.876    -1.37    3.53
  42767.113    23.537     2.29    4.28
  43056.045    23.793     0.89    4.40
  43344.959    23.793     0.00    4.57
  43633.856    25.256     5.07    6.20
  43922.735    26.149     3.09    6.39
  44211.597    25.570    -2.00    6.61
  44500.442    24.993    -2.00    6.95
  44789.269    23.862    -3.92    7.28
  45078.078    22.612    -4.33    5.44
  45366.870    22.510    -0.35    4.91
  45655.645    22.875     1.27    5.15
  45944.402    24.478     5.55    7.04
  46233.142    28.084    12.49    9.14
  46521.865    31.764    12.75    9.69
  46810.569    35.464    12.81    9.61
  47099.257    39.220    13.01    9.76
  47387.927    43.245    13.94    9.38
  47676.580    45.656     8.35    8.63
  47965.215    46.455     2.77    7.80
  48253.833    46.080    -1.30    7.51
  48542.433    45.292    -2.73    7.53
  48831.016    43.283    -6.96    8.03
  49119.582    40.277   -10.42    8.46
  49408.130    36.454   -13.25    8.30
  49696.661    33.411   -10.54    7.83
  49985.174    31.945    -5.08    6.57
  50273.670    32.711     2.65    7.11
  50562.149    33.623     3.16    7.99
  50850.610    35.299     5.81    8.17
  51139.054    36.116     2.83    7.75
  51427.480    35.732    -1.33    8.39
  51715.889    34.687    -3.63    9.31
  52004.281    31.228   -11.99    9.66
  52292.656    27.487   -12.97    8.71
  52581.013    24.104   -11.73    6.53
  52869.352    21.998    -7.30    4.94
  53157.675    21.181    -2.83    4.25
  53445.979    20.542    -2.22    3.37
  53734.267    20.251    -1.01    2.96
  54022.537    21.167     3.18    3.80
  54310.790    22.672     5.22    4.83
  54599.026    23.584     3.16    5.23
  54887.244    23.889     1.06    5.63
  55175.445    23.753    -0.47    5.78
  55463.629    23.487    -0.92    5.99
  55751.795    22.998    -1.69    6.10
  56039.944    22.362    -2.21    5.76
  56328.075    22.256    -0.37    4.82
  56616.190    22.104    -0.53    3.92
  56904.287    22.718     2.13    3.92
  57192.367    24.059     4.66    4.68
  57480.429    25.064     3.49    4.57
  57768.474    25.631     1.97    4.70
  58056.502    26.998     4.75    5.17
  58344.512    28.354     4.71    4.99
  58632.506    29.778     4.94    4.74
  58920.482    30.182     1.40    4.50
  59208.440    30.514     1.16    4.63
  59496.382    30.877     1.26    4.48
  59784.306    31.862     3.42    4.69
  60072.213    31.699    -0.57    5.21
  60360.102    31.464    -0.82    5.16
  60647.975    31.915     1.57    5.71
  60935.830    32.368     1.57    5.80
  61223.668    32.594     0.79    5.38
  61511.488    32.304    -1.01    5.02
  61799.291    33.519     4.22    5.12
  62087.078    34.820     4.52    5.27
  62374.846    36.584     6.13    5.89
  62662.598    38.094     5.25    6.25
  62950.332    40.496     8.35    6.91
  63238.049    43.077     8.97    6.72
  63525.749    45.098     7.02    5.47
  63813.432    44.959    -0.48    5.26
  64101.098    44.525    -1.51    5.13
  64388.746    44.251    -0.95    5.07
  64676.377    43.947    -1.06    5.57
  64963.991    43.834    -0.39    6.01
  65251.587    44.167     1.16    6.60
  65539.167    45.135     3.37    7.13
  65826.729    45.537     1.40    7.44
  66114.274    46.278     2.58    7.70
  66401.802    45.623    -2.28    8.17
  66689.313    44.966    -2.28    7.85
  66976.806    45.587     2.16    7.63
  67264.282    45.834     0.86    6.62
  67551.742    46.482     2.25    5.84
  67839.183    47.327     2.94    5.14
  68126.608    49.108     6.20    5.13
  68414.016    50.637     5.32    4.28
  68701.406    51.806     4.07    4.36
  68988.780    52.496     2.40    4.90
  69276.136    53.109     2.13    4.73
  69563.475    54.393     4.47    4.77
  69850.797    55.116     2.52    4.56
  70138.101    56.735     5.64    5.23
  70425.389    58.766     7.07    5.67
  70712.659    60.354     5.53    5.92
  70999.913    61.683     4.63    5.50
  71287.149    62.158     1.65    5.85
  71574.368    61.524    -2.21    7.13
  71861.570    59.945    -5.50    7.99
  72148.754    56.716   -11.24    7.69
  72435.922    54.834    -6.55    7.08
  72723.073    52.889    -6.77    4.98
  73010.206    51.928    -3.35    4.88
  73297.322    51.073    -2.98    5.28
  73584.422    50.459    -2.14    5.42
  73871.504    50.415    -0.15    5.57
  74158.569    49.749    -2.32    5.34
  74445.617    50.587     2.92    6.49
  74732.648    52.275     5.88    7.54
  75019.661    54.792     8.77    7.67
  75306.658    58.292    12.19    7.80
  75593.638    61.428    10.93    7.46
  75880.600    64.209     9.69    7.21
  76167.546    67.118    10.14    7.25
  76454.474    70.439    11.58    6.47
  76741.386    72.679     7.80    5.99
  77028.280    73.514     2.91    5.50
  77315.157    73.643     0.45    5.48
  77602.017    72.391    -4.36    6.70
  77888.860    69.973    -8.43    7.69
  78175.686    65.876   -14.28    9.26
  78462.496    62.639   -11.28    8.70
  78749.288    60.217    -8.44    7.49
  79036.062    58.763    -5.07    6.82
  79322.820    59.594     2.90    7.77
  79609.561    60.158     1.96    8.54
  79896.285    62.231     7.23    9.02
  80182.992    64.196     6.85    7.83
  80469.682    64.108    -0.31    7.73
  80756.355    62.139    -6.87   10.42
  81043.010    58.122   -14.02   13.23
  81329.649    53.368   -16.58   14.07
  81616.271    47.598   -20.13   13.26
  81902.876    43.084   -15.75   11.62
  82189.464    39.017   -14.19    8.13
  82476.034    37.048    -6.87    4.73
  82762.588    36.246    -2.80    3.55
  83049.125    36.278     0.11    3.56
  83335.645    37.042     2.67    3.78
  83622.148    38.307     4.41    3.72
  83908.634    39.135     2.89    3.73
  84195.103    40.959     6.37    4.88
  84481.555    42.889     6.74    5.51
  84767.990    44.876     6.94    5.45
  85054.408    47.056     7.61    6.28
  85340.809    48.481     4.97    6.17
  85627.193    48.264    -0.76    6.84
  85913.560    48.501     0.82    7.08
  86199.910    48.226    -0.96    7.56
  86486.243    48.707     1.68    8.23
  86772.560    49.778     3.74    9.29
  87058.859    50.792     3.54    9.74
  87345.141    52.862     7.23   10.28
  87632.749    54.957     7.29   10.78
  87922.720    56.966     6.93   11.55
  88212.674    58.341     4.74   11.24
  88502.610    59.264     3.18   10.57
  88792.528    60.455     4.11    9.15
  89082.430    61.987     5.28    7.43
  89372.313    63.396     4.86    6.37
  89662.180    64.707     4.52    6.14
  89952.029    66.285     5.44    7.07
  90241.860    67.806     5.25    7.03
  90531.674    69.687     6.49    6.56
  90821.471    72.570     9.95    6.25
  91111.250    75.204     9.09    5.65
  91401.011    77.293     7.21    5.29
  91690.756    78.669     4.75    5.20
  91980.483    78.973     1.05    4.88
  92270.192    78.628    -1.19    5.37
  92559.884    76.534    -7.23    7.17
  92849.559    73.763    -9.56    9.20
  93139.216    69.623   -14.29   11.01
  93428.856    65.501   -14.23   10.76
  93718.478    63.930    -5.42    9.73
  94008.083    63.501    -1.48    9.92
  94297.671    64.890     4.80   10.58
  94587.241    66.792     6.57   11.31
  94876.794    69.569     9.59   10.64
  95166.330    72.109     8.77    8.78
  95455.848    73.204     3.78    7.61
  95745.349    73.945     2.56    7.39
  96034.832    74.491     1.89    7.59
  96324.298    75.012     1.80    7.63
  96613.747    76.510     5.17    9.24
  96903.178    79.443    10.13   10.82
  97192.592    81.425     6.85   11.52
  97481.989    82.761     4.62   11.54
  97771.368    84.270     5.21   11.11
  98060.730    85.104     2.88   10.07
  98350.074    85.667     1.95    9.44
  98639.402    86.080     1.43    8.14
  98928.712    86.928     2.93    6.95
  99218.004    88.048     3.87    5.11
  99507.280    89.319     4.39    4.06
  99796.537    90.764     5.00    3.77
 100085.778    92.177     4.88    3.73
 100375.001    93.820     5.68    6.05
 100664.207    94.916     3.79    7.84
 100953.396    96.264     4.66    8.92
 101242.568    97.707     4.99    9.40
 101531.722    99.556     6.39    9.61
 101820.859   101.591     7.04    9.72
 102109.978   103.025     4.96    9.68
 102399.080   104.735     5.92    9.24
 102688.165   106.709     6.83    9.33
 102977.233   109.334     9.08    9.55
 103266.283   111.354     6.99    8.67
 103555.316   112.459     3.82    8.12
 103844.332   112.501     0.14    8.31
 104133.331   111.834    -2.31    8.76
 104422.312   110.987    -2.93    9.02
 104711.276   109.613    -4.75    8.72
 105000.223   108.947    -2.31    7.73
 105289.153   108.931    -0.05    6.97
 105578.065   110.145     4.20    6.63
 105866.960   111.973     6.33    6.03
 106155.838   114.070     7.26    5.25
 106444.698   116.025     6.77    4.56
 106733.542   116.532     1.76    4.74
 107022.368   117.519     3.41    5.21
 107311.177   118.349     2.87    5.72
 107599.968   118.628     0.97    6.93
 107888.743   119.556     3.21    7.57
 108177.500   120.604     3.63    8.04
 108466.240   123.251     9.16    8.02
 108754.963   125.806     8.85    8.88
 109043.669   130.349    15.73    9.77
 109332.357   132.945     8.99    8.66
 109621.028   134.251     4.52    7.55
 109909.682   133.721    -1.83    7.98
 110198.319   131.764    -6.78    9.63
 110486.939   129.369    -8.30   10.96
 110775.541   126.199   -10.98   11.16
 111064.126   121.820   -15.17   10.46
 111352.694   118.763   -10.59   10.21
 111641.245   116.966    -6.23    9.44
 111929.779   114.902    -7.15    9.69
 112218.296   112.904    -6.92   10.56
 112506.795   111.820    -3.76   11.36
 112795.277   111.524    -1.03   12.19
 113083.742   109.653    -6.48   13.01
 113372.190   108.116    -5.33   13.18
 113660.621   106.594    -5.27   13.41
 113949.035   105.195    -4.85   13.86
 114237.431   102.981    -7.68   12.67
 114525.810    98.242   -16.43   13.28
 114814.173    95.501    -9.51   13.39
 115102.518    91.450   -14.05   12.74
 115390.846    87.615   -13.30   10.89
 115679.157    85.259    -8.17   10.93
 115967.450    83.355    -6.60   10.64
 116255.727    80.538    -9.77   11.33
 116543.986    78.765    -6.15   10.91
 116832.229    77.687    -3.74   10.69
 117120.454    75.045    -9.16   10.64
 117408.662    72.848    -7.62   10.53
 117696.853    72.010    -2.91   10.37
 117985.027    70.362    -5.72   10.42
 118273.184    70.286    -0.26   10.51
 118561.324    68.806    -5.14   10.55
 118849.446    67.718    -3.78   10.93
 119137.552    67.341    -1.31   10.45
 119425.641    67.437     0.33   10.75
 119713.712    67.482     0.16   11.13
 120001.766    68.272     2.74   10.79
 120289.804    69.023     2.61   10.68
 120577.824    69.291     0.93   10.54
 120865.827    70.259     3.36   10.69
 121153.813    70.848     2.05   10.82
 121441.782    72.602     6.09   10.59
 121729.734    73.459     2.98   11.78
 122017.669    72.472    -3.43   11.80
 122305.587    69.918    -8.87   11.73
 122593.488    67.532    -8.29   11.03
 122881.372    66.253    -4.44   10.41
 123169.239    64.806    -5.03   10.24
 123457.089    64.348    -1.59    9.65
 123744.922    65.805     5.06   10.06
 124032.737    64.819    -3.42   10.56
 124320.536    64.116    -2.45   11.48
 124608.318    63.101    -3.52   11.32
 124896.082    63.056    -0.16   11.44
 125183.830    62.423    -2.20   12.27
 125471.561    61.564    -2.99   12.80
 125759.274    58.584   -10.36   13.09
 126046.971    56.126    -8.54   13.81
 126334.651    51.599   -15.73   12.52
 126622.313    46.819   -16.61   10.98
 126909.959    43.172   -12.68    8.42
 127197.588    40.876    -7.98    5.52
 127485.200    39.737    -3.96    3.52
 127772.794    41.806     7.20    7.00
 128060.372    45.067    11.34    9.87
 128347.933    50.087    17.46   13.39
 128635.477    55.209    17.81   15.28
 128923.004    59.657    15.47   17.07
 129210.514    61.674     7.01   16.86
 129498.007    65.256    12.46   16.60
 129785.483    69.285    14.01   16.00
 130072.942    72.903    12.59   14.29
 130360.384    75.765     9.96   12.58
 130647.809    76.902     3.96   12.20
 130935.217    78.228     4.61   12.33
 131222.609    82.327    14.26   12.15
 131509.983    86.187    13.43   13.10
 131797.340    89.732    12.34   13.63
 132084.681    93.961    14.71   13.68
 132372.004    96.834    10.00   11.80
 132659.311    99.248     8.40    9.16
 132946.601    99.217    -0.11    9.09
 133233.874    98.403    -2.83    9.45
 133521.130    95.876    -8.80   10.49
 133808.369    91.623   -14.81   11.57
 134095.591    89.584    -7.10   11.18
 134382.796    88.269    -4.58   10.74
 134669.984    87.417    -2.96   10.68
 134957.156    87.749     1.16   11.02
 135244.310    89.405     5.77   12.73
 135531.448    92.376    10.34   13.97
 135818.569    94.820     8.51   13.12
 136105.673    96.270     5.05   12.41
 136392.760    95.059    -4.22   11.99
 136679.830    94.128    -3.24    9.52
 136966.883    90.602   -12.28   10.19
 137253.920    87.292   -11.53   10.47
 137540.939    83.989   -11.51   10.01
 137827.942    80.348   -12.68    9.27
 138114.928    78.528    -6.34    9.34
 138401.897    75.695    -9.87    9.47
 138688.849    73.031    -9.28    9.69
 138975.784    69.778   -11.34    9.93
 139262.703    65.378   -15.33    8.35
 139549.605    62.776    -9.07    7.33
 139836.489    62.723    -0.19    8.09
 140123.357    65.059     8.14   11.17
 140410.209    67.848     9.72   12.67
 140697.043    72.890    17.58   14.03
 140983.860    79.556    23.24   14.76
 141270.661    87.709    28.42   14.12
 141557.445    92.623    17.13   11.80
 141844.212    94.804     7.61   10.76
 142130.962    95.051     0.86   10.67
 142417.696    93.383    -5.82   11.50
 142704.413    90.580    -9.77   12.09
 142991.113    87.468   -10.86   11.49
 143277.796    83.806   -12.77   10.57
 143564.462    81.286    -8.79    9.94
 143851.111    79.556    -6.03   10.15
 144137.744    78.496    -3.70    9.67
 144424.360    77.584    -3.18    9.96
 144710.959    76.891    -2.42   10.48
 144997.542    77.228     1.18   10.00
 145284.107    78.285     3.69    9.25
 145570.656    78.459     0.61    9.07
 145857.188    79.059     2.09    9.68
 146143.704    76.888    -7.58   11.31
 146430.202    74.749    -7.46   11.40
 146716.684    73.191    -5.44   12.24
 147003.149    72.834    -1.25   12.76
 147289.598    70.806    -7.08   13.39
 147576.029    69.291    -5.29   13.21
 147862.444    66.834    -8.58   12.60
 148148.843    64.737    -7.32   12.34
 148435.224    62.594    -7.48   11.62
 148721.589    60.266    -8.13   10.78
 149007.937    57.932    -8.15    9.03
 149294.268    56.277    -5.78    8.01
 149580.583    54.731    -5.40    7.94
 149869.854    52.615    -7.31    7.35
 150159.800    50.791    -6.29    6.07
 150449.729    49.112    -5.79    5.41
 150739.641    47.989    -3.87    4.80
 151029.535    47.355    -2.19    4.35
 151319.413    47.186    -0.58    4.37
 151609.273    47.270     0.29    4.28
 151899.116    47.228    -0.15    4.15
 152188.941    47.672     1.53    4.57
 152478.750    47.735     0.22    5.12
 152768.541    47.251    -1.67    5.61
 153058.315    46.266    -3.40    5.94
 153348.072    45.369    -3.10    5.84
 153637.812    44.737    -2.18    5.93
 153927.534    44.819     0.28    6.66
 154217.240    44.903     0.29    6.87
 154506.928    44.153    -2.59    6.66
 154796.599    44.863     2.45    7.05
 155086.252    44.793    -0.24    6.42
 155375.889    44.918     0.43    6.05
 155665.509    45.699     2.69    5.67
 155955.111    45.930     0.80    5.37
 156244.696    46.080     0.52    5.32
 156534.264    45.907    -0.60    4.51
 156823.815    44.112    -6.20    4.98
 157113.348    42.305    -6.24    5.55
 157402.865    40.383    -6.64    5.24
 157692.364    38.601    -6.16    4.57
 157981.847    36.552    -7.08    4.29
 158271.312    34.904    -5.69    3.38
 158560.760    33.695    -4.18    2.80
 158850.191    33.283    -1.42    2.56
 159139.604    33.025    -0.89    2.42
 159429.001    32.959    -0.23    2.39
 159718.381    33.778     2.83    3.20
 160007.743    35.067     4.45    3.81
 160297.088    36.738     5.78    4.94
 160586.417    38.623     6.51    5.23
 160875.728    40.566     6.72    5.14
 161165.022    42.262     5.86    4.25
 161454.298    43.334     3.70    3.77
 161743.558    43.691     1.23    3.62
 162032.801    44.163     1.63    3.66
 162322.027    44.985     2.84    3.99
 162611.235    45.417     1.50    4.01
 162900.427    46.053     2.20    4.23
 163189.601    47.200     3.97    3.76
 163478.758    47.906     2.44    3.50
 163767.899    48.270     1.26    3.40
 164057.022    47.993    -0.96    3.55
 164346.128    47.299    -2.40    3.80
 164635.217    47.067    -0.80    3.94
 164924.289    46.347    -2.49    4.05
 165213.344    45.285    -3.68    4.18
 165502.382    44.721    -1.95    4.14
 165791.403    44.760     0.14    4.03
 166080.407    45.305     1.89    4.10
 166369.394    45.735     1.49    4.00
 166658.364    45.073    -2.29    4.06
 166947.316    44.721    -1.22    4.15
 167236.252    44.454    -0.93    4.27
 167525.171    43.570    -3.06    4.32
 167814.072    43.130    -1.52    4.18
 168102.957    43.721     2.05    5.08
 168391.825    45.584     6.45    6.45
 168680.676    47.961     8.23    7.12
 168969.509    50.439     8.58    7.14
 169258.326    53.001     8.87    5.96
 169547.126    55.341     8.10    3.51
 169835.908    56.376     3.58    3.05
 170124.674    57.148     2.68    3.17
 170413.423    57.405     0.89    3.61
 170702.154    57.626     0.76    4.49
 170990.869    58.054     1.49    4.47
 171279.567    58.341     0.99    4.82
 171568.248    59.112     2.67    4.93
 171856.912    59.739     2.17    5.41
 172145.558    60.087     1.21    5.04
 172434.188    59.612    -1.65    6.52
 172722.801    57.834    -6.16    7.68
 173011.397    55.570    -7.84    8.41
 173299.976    52.689    -9.98    8.10
 173588.538    51.040    -5.71    7.75
 173877.084    51.532     1.71    9.27
 174165.612    53.720     7.58   11.61
 174454.123    57.577    13.37   12.66
 174742.617    61.695    14.27   12.53
 175031.095    65.778    14.15   10.82
 175319.555    71.466    19.72    7.38
 175607.999    73.228     6.11    7.06
 175896.425    74.819     5.52    6.55
 176184.835    76.200     4.79    6.48
 176473.228    76.272     0.25    6.50
 176761.604    76.556     0.98    6.98
 177049.963    78.482     6.68    7.44
 177338.305    79.314     2.89    7.93
 177626.630    80.066     2.61    7.24
 177914.938    80.569     1.75    7.29
 178203.230    81.005     1.51    6.98
 178491.504    81.045     0.14    7.01
 178779.762    80.431    -2.13    7.67
 179068.003    79.341    -3.78    8.12
 179356.227    77.971    -4.75    8.48
 179644.434    79.070     3.81    9.49
 179932.624    79.737     2.31    9.83
 180220.797    81.437     5.90    9.40
 180508.953    83.370     6.71    8.48
 180797.093    84.538     4.05    8.26
 181085.216    85.679     3.96    8.07
 181373.321    85.763     0.29    8.45
 181661.410    86.003     0.83    8.58
 181949.483    84.264    -6.03    9.59
 182237.538    84.285     0.07    9.21
 182525.576    83.454    -2.88    9.34
 182813.598    82.334    -3.89    9.81
 183101.603    80.566    -6.14   10.52
 183389.591    77.920    -9.19   11.15
 183677.562    75.139    -9.65   10.99
 183965.516    72.623    -8.74   10.96
 184253.453    71.070    -5.39   10.55
 184541.374    69.820    -4.34   10.04
 184829.278    69.411    -1.42    9.85
 185117.165    69.370    -0.14    8.92
 185405.035    70.349     3.40    8.25
 185692.889    71.248     3.12    7.16
 185980.725    71.448     0.69    6.97
 186268.545    70.382    -3.70    6.70
 186556.348    69.377    -3.49    6.41
 186844.134    68.172    -4.19    6.93
 187131.904    66.806    -4.75    7.22
 187419.656    64.834    -6.85    8.12
 187707.392    63.378    -5.06    8.63
 187995.111    61.775    -5.57    9.36
 188282.814    60.751    -3.56    9.03
 188570.499    59.181    -5.45    9.05
 188858.168    58.067    -3.87    9.04
 189145.820    56.916    -4.00    9.23
 189433.456    55.270    -5.72    8.43
 189721.074    52.862    -8.37    7.81
 190008.676    50.805    -7.15    7.54
 190296.261    48.804    -6.96    7.40
 190583.829    45.234   -12.41    7.07
 190871.381    42.181   -10.61    7.63
 191158.916    38.973   -11.16    7.83
 191446.434    35.695   -11.40    6.94
 191733.935    33.389    -8.02    5.79
 192021.420    33.454     0.22    7.40
 192308.888    34.848     4.85    9.73
 192596.339    37.459     9.08   11.84
 192883.773    39.937     8.62   12.64
 193171.191    44.862    17.13   14.31
 193458.592    49.126    14.83   14.48
 193745.976    53.091    13.79   13.17
 194033.344    55.693     9.05   13.21
 194320.695    59.139    11.99   13.12
 194608.029    62.462    11.56   12.70
 194895.347    66.792    15.06   12.90
 195182.648    71.777    17.35   12.20
 195469.932    74.981    11.15   12.02
 195757.199    77.355     8.26   10.26
 196044.450    77.721     1.27    8.90
 196331.684    77.266    -1.58    8.36
 196618.902    75.609    -5.77    8.38
 196906.102    73.391    -7.72    8.17
 197193.287    70.863    -8.80    7.78
 197480.454    69.548    -4.58    8.00
 197767.605    67.805    -6.07    8.16
 198054.739    66.040    -6.15    7.45
 198341.856    64.126    -6.67    7.48
 198628.957    62.200    -6.71    7.88
 198916.041    60.542    -5.77    8.11
 199203.109    58.834    -5.95    7.95
 199490.160    57.876    -3.34    8.48
 199777.194    57.051    -2.87    9.26
 200064.212    57.320     0.93   10.68
 200351.213    57.510     0.66   12.07
 200638.197    57.834     1.13   13.50
 200925.165    57.957     0.43   14.05
 201212.116    56.587    -4.77   14.21
 201499.051    54.637    -6.80   13.47
 201785.969    53.584    -3.67   13.31
 202072.870    51.362    -7.74   12.00
 202359.755    49.448    -6.67    9.83
 202646.623    48.341    -3.86    9.96
 202933.474    46.893    -5.05    8.41
 203220.309    47.620     2.53    9.50
 203507.127    49.278     5.78   11.55
 203793.929    50.766     5.19   13.27
 204080.714    51.637     3.03   13.96
 204367.483    53.195     5.43   13.51
 204654.235    54.177     3.42   12.59
 204940.970    54.003    -0.61   11.29
 205227.689    52.748    -4.38   10.55
 205514.391    50.731    -7.03    9.75
 205801.077    49.637    -3.82    9.69
 206087.746    48.975    -2.31    9.10
 206374.399    47.341    -5.70    9.07
 206661.035    46.320    -3.56    9.07
 206947.654    46.264    -0.19    9.61
 207234.257    45.764    -1.74    9.75
 207520.844    45.091    -2.35    9.81
 207807.414    45.540     1.57    9.25
 208093.967    44.877    -2.31    9.38
 208380.504    45.975     3.83    8.46
 208667.024    46.806     2.90    7.62
 208953.528    46.947     0.49    7.03
 209240.015    47.217     0.95    5.37
 209526.485    47.721     1.76    5.30
 209812.940    48.262     1.89    4.77
 210099.377    48.158    -0.37    4.42
 210385.798    48.290     0.46    4.29
 210672.203    48.777     1.70    4.04
 210958.591    48.961     0.64    4.05
 211244.963    48.524    -1.52    4.31
 211531.318    47.425    -3.84    5.23
 211818.619    46.362    -3.70    5.93
 212108.572    44.877    -5.12    6.15
 212398.509    44.153    -2.50    6.08
 212688.429    43.105    -3.61    6.32
 212978.332    43.378     0.94    6.44
 213268.217    43.862     1.67    7.14
 213558.086    44.707     2.91    7.30
 213847.938    46.374     5.75    8.04
 214137.773    46.584     0.72    8.07
 214427.591    47.130     1.88    7.66
 214717.392    47.996     2.99    6.98
 215007.176    47.482    -1.77    6.89
 215296.942    46.544    -3.24    6.49
 215586.693    45.017    -5.27    5.83
 215876.426    44.053    -3.33    5.54
 216166.142    42.445    -5.55    5.32
 216455.841    40.862    -5.46    5.28
 216745.523    39.556    -4.51    5.42
 217035.188    38.407    -3.96    5.24
 217324.837    37.496    -3.15    5.02
 217614.468    36.101    -4.81    4.52
 217904.083    34.890    -4.18    4.64
 218193.680    34.045    -2.92    4.96
 218483.261    34.214     0.58    5.22
 218772.824    34.862     2.24    5.81
 219062.371    35.377     1.78    5.89
 219351.901    36.520     3.95    6.02
 219641.414    37.466     3.27    5.51
 219930.910    38.138     2.32    4.50
 220220.389    37.947    -0.66    4.16
 220509.851    36.874    -3.70    4.25
 220799.297    35.904    -3.35    3.93
 221088.725    34.834    -3.70    3.84
 221378.137    33.397    -4.96    3.24
 221667.531    32.552    -2.92    3.23
 221956.909    31.731    -2.84    3.03
 222246.270    30.716    -3.51    3.02
 222535.614    29.916    -2.76    3.06
 222824.941    29.205    -2.46    3.25
 223114.252    28.667    -1.86    3.54
 223403.545    28.450    -0.75    3.58
 223692.822    27.637    -2.81    3.57
 223982.081    26.718    -3.18    3.50
 224271.324    26.341    -1.30    3.78
 224560.550    25.481    -2.97    3.50
 224849.759    24.538    -3.26    3.30
 225138.952    23.580    -3.31    3.74
 225428.127    22.672    -3.14    3.67
 225717.286    22.101    -1.97    4.12
 226006.428    21.405    -2.41    4.10
 226295.553    20.702    -2.43    4.05
 226584.661    19.534    -4.04    3.25
 226873.752    18.805    -2.52    2.42
 227162.827    18.327    -1.65    2.14
 227451.884    17.975    -1.22    2.04
 227740.925    17.805    -0.59    2.51
 228029.949    17.562    -0.84    3.11
 228318.956    17.834     0.94    3.68
 228607.947    17.935     0.35    3.71
 228896.921    18.275     1.18    3.73
 229185.877    18.391     0.40    3.40
 229474.817    18.749     1.24    3.16
 229763.741    19.721     3.36    2.94
 230052.647    20.163     1.53    3.03
 230341.537    20.580     1.45    2.79
 230630.410    20.214    -1.27    3.05
 230919.266    20.291     0.27    3.16
 231208.105    20.437     0.50    3.27
 231496.928    20.048    -1.35    3.41
 231785.734    19.445    -2.09    3.30
 232074.523    18.889    -1.93    3.42
 232363.295    18.391    -1.72    3.40
 232652.051    17.653    -2.55    3.37
 232940.790    16.862    -2.74    3.09
 233229.512    16.591    -0.94    2.51
 233518.217    16.748     0.54    2.78
 233806.905    17.304     1.93    3.04
 234095.577    18.285     3.39    3.22
 234384.232    19.031     2.59    3.17
 234672.871    20.037     3.48    3.33
 234961.492    20.264     0.79    3.51
 235250.097    20.059    -0.71    3.64
 235538.686    19.937    -0.42    3.45
 235827.257    19.609    -1.14    3.28
 236115.812    19.761     0.53    3.24
 236404.350    20.017     0.89    3.06
 236692.871    19.959    -0.20    3.02
 236981.376    19.931    -0.10    3.04
 237269.864    20.348     1.45    2.88
 237558.335    20.437     0.31    2.92
 237846.790    20.128    -1.07    2.99
 238135.227    19.689    -1.52    2.98
 238423.649    19.144    -1.89    2.99
 238712.053    17.991    -4.00    3.52
 239000.441    17.042    -3.29    3.42
 239288.812    16.891    -0.52    3.70
 239577.166    16.388    -1.74    4.21
 239865.504    15.987    -1.39    4.10
 240153.825    15.893    -0.33    4.40
 240442.130    16.613     2.50    4.44
 240730.418    17.538     3.21    4.81
 241018.689    18.443     3.14    5.49
 241306.943    19.299     2.97    5.29
 241595.181    19.848     1.90    4.53
 241883.402    20.454     2.10    4.04
 242171.607    20.334    -0.42    3.97
 242459.795    20.101    -0.81    4.28
 242747.966    19.863    -0.83    4.62
 243036.121    20.231     1.28    4.76
 243324.259    20.662     1.50    5.01
 243612.380    20.932     0.94    4.59
 243900.485    20.691    -0.84    4.59
 244188.573    20.003    -2.39    4.04
 244476.644    19.723    -0.97    4.03
 244764.699    18.920    -2.79    3.91
 245052.738    18.182    -2.56    3.79
 245340.759    18.319     0.48    4.03
 245628.764    18.906     2.04    4.33
 245916.753    19.234     1.14    4.46
 246204.725    19.570     1.17    4.55
 246492.680    20.305     2.55    4.54
 246780.619    20.977     2.33    4.13
 247068.541    21.200     0.78    3.91
 247356.446    21.234     0.12    3.94
 247644.335    21.143    -0.32    3.49
 247932.208    21.422     0.97    3.76
 248220.064    21.200    -0.77    3.66
 248507.903    20.848    -1.22    4.07
 248795.726    20.397    -1.57    4.26
 249083.532    19.917    -1.67    4.21
 249371.321    19.220    -2.42    3.99
 249659.094    18.505    -2.48    3.99
 249946.851    17.665    -2.92    4.02
 250234.591    16.996    -2.33    3.73
 250522.314    16.452    -1.89    4.09
 250810.021    16.228    -0.78    4.31
 251097.711    15.807    -1.46    4.40
 251385.385    15.806    -0.00    4.55
 251673.042    16.172     1.27    4.72
 251960.683    15.962    -0.73    5.26
 252248.307    15.482    -1.67    5.64
 252535.915    15.746     0.92    5.67
 252823.506    14.996    -2.61    6.05
 253111.080    15.299     1.05    6.44
 253398.639    15.264    -0.12    6.53
 253686.180    15.153    -0.39    6.65
 253973.705    15.723     1.98    6.74
 254261.214    15.172    -1.92    6.72
 254548.706    15.248     0.27    6.33
 254836.181    14.891    -1.24    5.78
 255123.641    15.525     2.21    5.18
 255411.083    15.530     0.02    5.50
 255698.509    15.918     1.35    4.61
 255985.919    15.672    -0.86    4.44
 256273.312    16.158     1.69    4.38
 256560.689    16.045    -0.39    4.38
 256848.049    15.734    -1.08    4.56
 257135.393    15.637    -0.34    4.19
 257422.720    14.966    -2.33    4.08
 257710.031    14.878    -0.31    3.78
 257997.325    14.862    -0.06    3.95
 258284.603    14.425    -1.52    3.84
 258571.865    14.001    -1.48    3.53
 258859.110    13.382    -2.15    3.48
 259146.338    12.876    -1.76    3.47
 259433.550    12.077    -2.78    3.78
 259720.746    11.162    -3.18    3.30
 260007.925    10.893    -0.94    3.13
 260295.088    10.530    -1.26    3.34
 260582.235     9.735    -2.77    3.48
 260869.364     8.957    -2.71    3.35
 261156.478     8.214    -2.59    3.31
 261443.575     7.528    -2.39    3.56
 261730.656     6.834    -2.42    3.82
 262017.720     6.448    -1.34    3.75
 262304.768     6.240    -0.73    4.38
 262591.800     5.657    -2.03    4.54
 262878.815     5.383    -0.96    4.63
 263165.813     4.524    -2.99    4.56
 263452.796     4.264    -0.90    4.73
 263739.762     3.902    -1.26    4.75
 264026.711     3.242    -2.30    4.45
 264313.644     2.305    -3.26    4.44
 264600.561     1.405    -3.14    4.57
 264887.461     0.510    -3.12    4.83
 265174.345    -0.209    -2.51    4.82
 265461.213    -0.842    -2.21    5.17
 265748.064    -1.902    -3.69    4.62
 266034.899    -2.504    -2.10    4.38
 266321.718    -2.597    -0.32    4.78
 266608.520    -2.731    -0.47    4.54
 266895.306    -3.065    -1.16    4.38
 267182.075    -3.152    -0.30    4.65
 267468.828    -4.181    -3.59    3.57
 267755.565    -4.680    -1.74    3.30
 268042.285    -5.561    -3.07    3.36
 268328.989    -5.786    -0.79    3.45
 268615.677    -5.772     0.05    3.85
 268902.349    -5.786    -0.05    4.35
 269189.004    -5.856    -0.25    5.00
 269475.642    -6.380    -1.83    5.29
 269762.265    -7.563    -4.13    5.42
 270048.871    -8.659    -3.82    5.49
 270335.461    -9.538    -3.07    4.88
 270622.034   -10.268    -2.55    4.09
 270908.591   -10.823    -1.94    3.97
 271195.132   -11.152    -1.15    4.27
 271481.657   -11.352    -0.70    4.39
 271768.165   -11.038     1.10    4.35
 272054.657   -10.601     1.52    4.42
 272341.133   -10.637    -0.12    4.16
 272627.592    -9.680     3.34    4.83
 272914.035    -8.166     5.29    5.58
 273200.462    -6.777     4.85    6.00
 273486.873    -4.002     9.69    7.24
 273773.267    -1.536     8.61    7.53
 274062.258     1.334     9.93    6.42
 274352.183     2.977     5.67    4.31
 274642.092     3.172     0.67    3.63
 274931.983     2.501    -2.32    3.74
 275221.858     1.434    -3.68    3.77
 275511.716     0.505    -3.20    4.02
 275801.558    -0.828    -4.60    4.04
 276091.382    -1.814    -3.40    3.93
 276381.190    -2.311    -1.71    3.68
 276670.981    -2.523    -0.73    3.75
 276960.756    -2.446     0.27    4.28
 277250.513    -2.681    -0.81    4.81
 277540.254    -2.752    -0.25    4.71
 277829.979    -2.095     2.27    5.09
 278119.686    -1.611     1.67    5.18
 278409.377    -1.333     0.96    5.43
 278699.051    -0.490     2.91    5.21
 278988.709     0.660     3.97    4.74
 279278.349     1.820     4.00    4.44
 279567.973     2.393     1.98    4.44
 279857.581     2.677     0.98    4.41
 280147.171     3.045     1.27    4.44
 280436.745     3.753     2.44    4.59
 280726.302     4.653     3.11    4.48
 281015.843     4.602    -0.18    4.69
 281305.367     3.113    -5.14    6.82
 281594.874     0.920    -7.58    8.66
 281884.364    -1.166    -7.20    9.43
 282173.838    -3.138    -6.81    9.87
 282463.296    -5.673    -8.76    9.00
 282752.736    -7.666    -6.88    7.41
 283042.160    -8.452    -2.71    6.77
 283331.567    -8.395     0.20    6.09
 283620.958    -9.313    -3.17    4.62
 283910.332    -9.514    -0.69    4.75
 284199.689    -9.138     1.30    5.63
 284489.029    -9.023     0.39    5.61
 284778.353    -8.434     2.04    6.05
 285067.661    -8.293     0.49    6.08
 285356.952    -7.695     2.07    5.72
 285646.226    -6.209     5.13    5.77
 285935.483    -4.784     4.93    4.95
 286224.724    -3.357     4.93    3.78
 286513.948    -2.852     1.75    3.37
 286803.156    -3.222    -1.28    3.13
 287092.347    -3.347    -0.43    3.07
 287381.521    -3.874    -1.82    3.17
 287670.679    -4.909    -3.58    3.04
 287959.820    -5.775    -2.99    3.17
 288248.945    -6.780    -3.48    3.39
 288538.053    -7.093    -1.08    3.21
 288827.144    -7.561    -1.62    3.22
 289116.219    -8.166    -2.09    3.59
 289405.277    -8.734    -1.96    3.56
 289694.319    -9.025    -1.01    3.48
 289983.344    -9.490    -1.61    3.21
 290272.352    -9.769    -0.97    2.79
 290561.344    -9.983    -0.74    2.22
 290850.320    -9.784     0.69    2.21
 291139.278    -9.955    -0.59    1.94
 291428.221    -9.999    -0.15    1.90
 291717.146   -10.440    -1.52    2.72
 292006.056   -11.321    -3.05    3.19
 292294.948   -11.909    -2.03    3.36
 292583.824   -11.872     0.13    4.04
 292872.684   -12.480    -2.11    4.13
 293161.527   -12.269     0.73    4.35
 293450.353   -11.934     1.16    4.51
 293739.163   -11.011     3.20    4.30
 294027.956   -10.096     3.17    4.10
 294316.733    -9.842     0.88    3.81
 294605.493    -9.709     0.46    3.85
 294894.237    -8.004     5.90    5.41
 295182.964    -7.357     2.24    6.58
 295471.675    -6.166     4.12    7.80
 295760.369    -5.645     1.80    7.84
 296049.047    -5.923    -0.96    7.60
 296337.708    -5.852     0.25    7.24
 296626.353    -6.580    -2.52    6.33
 296914.981    -6.065     1.79    5.58
 297203.593    -5.681     1.33    5.16
 297492.188    -5.769    -0.31    4.67
 297780.767    -5.566     0.70    4.91
 298069.329    -5.023     1.88    4.98
 298357.875    -4.319     2.44    5.55
 298646.404    -3.749     1.97    5.40
 298934.917    -3.444     1.06    5.03
 299223.413    -2.995     1.56    4.59
 299511.893    -2.938     0.20    4.14
 299800.357    -2.931     0.02    3.55
 300088.804    -3.818    -3.08    3.33
 300377.234    -4.772    -3.30    3.14
 300665.648    -6.029    -4.36    3.05
 300954.046    -7.349    -4.58    3.06
 301242.427    -8.927    -5.47    3.39
 301530.792   -10.880    -6.77    3.25
 301819.140   -12.295    -4.90    2.79
 302107.472   -13.063    -2.66    2.46
 302395.787   -13.254    -0.66    2.42
 302684.086   -12.659     2.06    2.99
 302972.369   -12.409     0.87    3.00
 303260.635   -12.673    -0.92    3.26
 303548.884   -11.847     2.87    3.98
 303837.118   -10.452     4.84    4.56
 304125.335    -9.789     2.30    4.59
 304413.535    -9.651     0.48    4.49
 304701.719    -9.725    -0.26    4.31
 304989.887   -10.082    -1.24    4.33
 305278.038   -10.772    -2.39    4.43
 305566.173   -12.126    -4.70    3.86
 305854.291   -13.180    -3.66    3.39
 306142.393   -13.969    -2.74    3.38
 306430.479   -14.534    -1.96    3.69
 306718.548   -14.236     1.03    3.83
 307006.601   -13.151     3.76    4.73
 307294.638   -11.490     5.77    5.02
 307582.658   -10.814     2.35    4.69
 307870.662   -10.396     1.45    4.42
 308158.649    -9.546     2.95    4.22
 308446.620    -8.738     2.81    3.72
 308734.575    -7.710     3.57    2.86
 309022.513    -7.862    -0.53    3.12
 309310.435    -7.456     1.41    3.54
 309598.341    -7.438     0.06    3.69
 309886.230    -7.569    -0.46    3.35
 310174.103    -7.941    -1.29    3.14
 310461.960    -8.659    -2.49    3.02
 310749.800    -9.673    -3.52    3.05
 311037.624   -10.034    -1.25    3.20
 311325.432   -10.413    -1.32    3.38
 311613.223   -10.476    -0.22    3.63
 311900.998   -10.548    -0.25    3.83
 312188.756   -10.420     0.45    4.01
 312476.499   -10.413     0.02    3.82
 312764.225   -10.687    -0.95    3.59
 313051.935   -11.110    -1.47    3.46
 313339.628   -11.623    -1.78    3.76
 313627.305   -12.637    -3.52    3.89
 313914.966   -12.795    -0.55    4.15
 314202.610   -13.328    -1.85    3.88
 314490.238   -13.997    -2.33    3.59
 314777.850   -14.462    -1.62    3.65
 315065.446   -14.783    -1.11    3.47
 315353.025   -15.039    -0.89    3.28
 315640.588   -14.895     0.50    3.38
 315928.135   -14.857     0.13    3.34
 316215.666   -14.857     0.00    3.16
 316503.180   -14.442     1.45    3.58
 316790.678   -14.572    -0.45    3.39
 317078.159   -14.208     1.26    3.34
 317365.625   -13.941     0.93    3.01
 317653.074   -14.352    -1.43    3.57
 317940.507   -14.800    -1.56    4.90
 318227.924   -14.887    -0.30    5.35
 318515.324   -15.887    -3.48    5.60
 318802.708   -15.995    -0.38    5.57
 319090.076   -16.622    -2.18    5.49
 319377.428   -17.391    -2.68    5.19
 319664.763   -18.615    -4.26    4.31
 319952.082   -19.139    -1.82    4.03
 320239.385   -19.617    -1.66    4.49
 320526.672   -20.080    -1.61    4.70
 320813.943   -20.416    -1.17    4.81
 321101.197   -19.466     3.31    5.37
 321388.435   -18.460     3.50    5.56
 321675.657   -16.966     5.20    5.36
 321962.863   -15.983     3.42    4.75
 322250.052   -14.098     6.56    3.85
 322537.225   -12.744     4.71    3.12
 322824.382   -12.123     2.16    2.76
 323111.523   -11.490     2.21    2.62
 323398.648   -11.637    -0.51    3.23
 323685.756   -11.804    -0.58    3.37
 323972.849   -12.652    -2.95    3.84
 324259.925   -13.083    -1.50    3.36
 324546.985   -13.730    -2.25    3.53
 324834.029   -14.053    -1.13    3.99
 325121.056   -15.166    -3.88    3.59
 325408.068   -16.225    -3.69    3.47
 325695.063   -17.355    -3.93    3.42
 325982.042   -18.833    -5.15    2.86
 326269.005   -20.048    -4.24    3.50
 326555.952   -22.252    -7.68    3.83
 326842.882   -23.823    -5.48    3.76
 327129.797   -25.084    -4.39    3.30
 327416.695   -25.532    -1.56    3.93
 327703.577   -24.814     2.50    4.95
 327990.443   -23.872     3.28    5.70
 328277.293   -22.800     3.74    5.99
 328564.127   -21.137     5.80    6.30
 328850.945   -19.809     4.63    5.72
 329137.746   -18.899     3.17    5.04
 329424.531   -18.801     0.34    4.40
 329711.301   -19.181    -1.32    3.86
 329998.054   -18.603     2.01    3.98
 330284.791   -16.887     5.98    5.07
 330571.512   -15.438     5.05    5.36
 330858.217   -13.622     6.33    5.01
 331144.905   -12.460     4.05    4.67
 331431.578   -11.645     2.84    4.68
 331718.234   -10.766     3.07    4.53
 332004.875   -10.194     1.99    4.83
 332291.499   -10.110     0.29    5.38
 332578.107    -9.485     2.18    5.71
 332864.699    -8.416     3.73    6.58
 333151.275    -7.340     3.75    6.84
 333437.835    -7.548    -0.73    7.65
 333724.379    -9.409    -6.49    9.48
 334010.907   -10.744    -4.66    9.64
 334297.419   -12.361    -5.64    9.98
 334583.915   -13.999    -5.72   10.13
 334870.394   -15.546    -5.40    9.97
 335156.858   -16.552    -3.51    9.39
 335443.305   -18.080    -5.33    8.85
 335729.737   -19.122    -3.64    9.11
 336016.861   -19.828    -2.46    9.35
 336306.787   -19.752     0.26    9.45
 336596.696   -19.851    -0.34    9.05
 336886.588   -21.223    -4.73    8.34
 337176.464   -21.391    -0.58    8.11
 337466.324   -21.499    -0.37    7.68
 337756.167   -20.609     3.07    7.69
 338045.993   -19.387     4.22    7.83
 338335.803   -20.053    -2.30    7.91
 338625.596   -19.397     2.26    7.90
 338915.373   -19.023     1.29    7.31
