#   12.010   0.448   2.647 ;Mean Elev.(m), Avg Gradient(m/km), RMS Gradient(m/km) - SRTM1     
#   -1.999   0.827   3.138 ;Mean Elev.(m), Avg Gradient(m/km), RMS Gradient(m/km) - ASTER GDEM
#   12.000   0.475   2.711 ;Mean Elev.(m), Avg Gradient(m/km), RMS Gradient(m/km) - GMTED2010 
   1    13.414 54663.61091629 47.17 268.482614  30.870644   -100 -100.00 -100.00 -100.00
   1    13.333 54663.61091688 43.65 268.483897  30.873049   -100 -100.00 -100.00 -100.00
   1    13.382 54663.61091747 45.29 268.485180  30.875454   -100 -100.00 -100.00 -100.00
   2    12.280 54673.52656196 35.19 268.482337  30.875083 17.391 -100.00 -100.00 -100.00
   2    12.199 54673.52656255 34.59 268.483620  30.877488 18.167 -100.00 -100.00 -100.00
   2    11.552 54673.52656314 36.25 268.484903  30.879894 26.368 -100.00 -100.00 -100.00
   3    12.475 54683.44220508 33.63 268.480530  30.875368   -100 -100.00 -100.00 -100.00
   3    12.165 54683.44220567 32.71 268.481812  30.877773   -100 -100.00 -100.00 -100.00
   3    12.095 54683.44220626 28.70 268.483095  30.880179 21.292 -100.00 -100.00 -100.00
   3    11.995 54683.44220685 27.91 268.484378  30.882584 22.088 -100.00 -100.00 -100.00
   4    12.455 54693.35784706 31.72 268.481735  30.875502 18.001 -100.00 -100.00 -100.00
   4    12.323 54693.35784765 29.07 268.483018  30.877907 13.885 -100.00 -100.00 -100.00
   4    12.077 54693.35784824 30.78 268.484300  30.880312 19.055 -100.00 -100.00 -100.00
   5    12.533 54703.27348505 29.96 268.482137  30.868506 14.047 -100.00 -100.00 -100.00
   5    12.388 54703.27348564 30.06 268.483420  30.870912 15.318 -100.00 -100.00 -100.00
   5    12.342 54703.27348623 31.57 268.484702  30.873317 21.062 -100.00 -100.00 -100.00
   5    12.797 54703.27348682 29.22 268.485985  30.875722 12.365 -100.00 -100.00 -100.00
   6    13.014 54713.18913313 31.19 268.480453  30.863120 16.000 -100.00 -100.00 -100.00
   6    12.772 54713.18913372 31.13 268.481735  30.865525 15.324 -100.00 -100.00 -100.00
   6    12.853 54713.18913431 30.61 268.483017  30.867931 16.372 -100.00 -100.00 -100.00
   6    12.604 54713.18913490 30.96 268.484300  30.870336 19.136 -100.00 -100.00 -100.00
   6    12.552 54713.18913549 32.16 268.485582  30.872741 22.264 -100.00 -100.00 -100.00
   7    12.813 54723.10478518 29.25 268.482568  30.869280 18.544 -100.00 -100.00 -100.00
   7    12.467 54723.10478577 32.18 268.483850  30.871685 30.073 -100.00 -100.00 -100.00
   7    12.362 54723.10478636 30.46 268.485133  30.874090 24.081 -100.00 -100.00 -100.00
   8    11.954 54733.02043472 37.60 268.481703  30.875019 30.059 -100.00 -100.00 -100.00
   8    11.738 54733.02043531 36.93 268.482986  30.877424 29.225 -100.00 -100.00 -100.00
   8     9.463 54733.02043590 37.92 268.484269  30.879829   -100 -100.00 -100.00 -100.00
   9    11.927 54742.93608279 33.22 268.479973  30.880223 20.970 -100.00 -100.00 -100.00
   9     9.805 54742.93608338 35.01 268.481255  30.882628 28.773 -100.00 -100.00 -100.00
   9     9.881 54742.93608397 31.70 268.482538  30.885034 21.970 -100.00 -100.00 -100.00
  10     9.730 54752.85173044 28.23 268.479656  30.883355 19.898 -100.00 -100.00 -100.00
  10     7.050 54752.85173103 29.28 268.480940  30.885760 26.407 -100.00 -100.00 -100.00
  10     6.920 54752.85173162 29.79 268.482223  30.888166 27.974 -100.00 -100.00 -100.00
  11     5.412 54762.76737680 34.14 268.479558  30.881648   -100 -100.00 -100.00 -100.00
  11     5.289 54762.76737739 31.44 268.480841  30.884054   -100 -100.00 -100.00 -100.00
  11     5.649 54762.76737798 31.65 268.482125  30.886459   -100 -100.00 -100.00 -100.00
  11     5.656 54762.76737857 34.89 268.483408  30.888864   -100 -100.00 -100.00 -100.00
  12     5.337 54772.68302025 38.57 268.480091  30.877826 23.485 -100.00 -100.00 -100.00
  12     4.970 54772.68302084 38.60 268.481374  30.880231   -100 -100.00 -100.00 -100.00
  12     4.823 54772.68302143 44.32 268.482657  30.882637 11.662 -100.00 -100.00 -100.00
  12     4.880 54772.68302202 39.59 268.483941  30.885042   -100 -100.00 -100.00 -100.00
  13    11.913 54782.59866127 21.52 268.481350  30.876416 10.557 -100.00 -100.00 -100.00
  13    11.521 54782.59866186 19.51 268.482633  30.878822  7.392 -100.00 -100.00 -100.00
  13    11.060 54782.59866245 20.90 268.483916  30.881227  9.173 -100.00 -100.00 -100.00
  14    10.776 54792.51429979 24.65 268.482092  30.875842  9.022 -100.00 -100.00 -100.00
  14    10.749 54792.51430038 25.06 268.483375  30.878248 10.280 -100.00 -100.00 -100.00
  14    10.888 54792.51430097 22.48 268.484658  30.880653  6.273 -100.00 -100.00 -100.00
  15     5.770 54802.42993645 42.75 268.481327  30.873205 21.692 -100.00 -100.00 -100.00
  15     4.944 54802.42993704 45.12 268.482610  30.875610  5.544 -100.00 -100.00 -100.00
  15     5.079 54802.42993763 47.66 268.483893  30.878016   -100 -100.00 -100.00 -100.00
  15     5.037 54802.42993822 49.21 268.485176  30.880421 23.036 -100.00 -100.00 -100.00
  16    12.250 54812.34557328 29.17 268.482145  30.872035 11.506 -100.00 -100.00 -100.00
  16    12.385 54812.34557387 31.70 268.483428  30.874440 18.045 -100.00 -100.00 -100.00
  16    12.642 54812.34557446 30.94 268.484711  30.876846 16.630 -100.00 -100.00 -100.00
  17    10.027 54822.26121492 32.74 268.482001  30.870115 20.341 -100.00 -100.00 -100.00
  17     7.738 54822.26121551 32.63 268.483284  30.872521 21.151 -100.00 -100.00 -100.00
  17     7.654 54822.26121610 33.39 268.484567  30.874926 26.646 -100.00 -100.00 -100.00
  17    12.202 54822.26121669 32.62 268.485849  30.877332 22.648 -100.00 -100.00 -100.00
  18    11.883 54832.17685551 29.59 268.481368  30.872151 16.131 -100.00 -100.00 -100.00
  18    12.122 54832.17685610 30.26 268.482651  30.874556 16.579 -100.00 -100.00 -100.00
  18    12.411 54832.17685669 31.81 268.483933  30.876962 19.202 -100.00 -100.00 -100.00
  18    12.557 54832.17685728 31.60 268.485216  30.879367 19.893 -100.00 -100.00 -100.00
  19    12.029 54842.09250636 33.82 268.480471  30.876209 31.090 -100.00 -100.00 -100.00
  19    12.304 54842.09250695 34.21 268.481754  30.878614 31.086 -100.00 -100.00 -100.00
  19    12.525 54842.09250754 33.30 268.483037  30.881020 31.798 -100.00 -100.00 -100.00
  19    12.973 54842.09250814 31.27 268.484320  30.883425 21.011 -100.00 -100.00 -100.00
  20    11.335 54852.00815638 38.31 268.479241  30.881578   -100 -100.00 -100.00 -100.00
  20    11.135 54852.00815697 38.67 268.480524  30.883983   -100 -100.00 -100.00 -100.00
  20    11.053 54852.00815756 34.36 268.481807  30.886389   -100 -100.00 -100.00 -100.00
  20    12.750 54852.00815815 30.06 268.483090  30.888794 19.846 -100.00 -100.00 -100.00
  21     7.669 54861.92380623 36.96 268.478575  30.886759   -100 -100.00 -100.00 -100.00
  21    12.357 54861.92380682 31.34 268.479858  30.889165 27.287 -100.00 -100.00 -100.00
  21     7.477 54861.92380741 32.57 268.481141  30.891571   -100 -100.00 -100.00 -100.00
  22    14.089 54871.83945515 23.33 268.477317  30.887173 10.131 -100.00 -100.00 -100.00
  22    14.571 54871.83945574 23.06 268.478600  30.889579 10.636 -100.00 -100.00 -100.00
  22    14.632 54871.83945633 25.70 268.479883  30.891984 16.148 -100.00 -100.00 -100.00
  22    14.863 54871.83945692 26.48 268.481166  30.894390 17.093 -100.00 -100.00 -100.00
  23    11.773 54881.75510196 31.60 268.477694  30.885107 29.516 -100.00 -100.00 -100.00
  23    12.473 54881.75510255 29.92 268.478977  30.887513 26.006 -100.00 -100.00 -100.00
  23    14.271 54881.75510314 27.51 268.480261  30.889919 18.685 -100.00 -100.00 -100.00
  23    17.185 54881.75510373 24.21 268.481544  30.892325 10.371 -100.00 -100.00 -100.00
  24    12.518 54891.67074560 25.37 268.479788  30.883382 11.858 -100.00 -100.00 -100.00
  24    13.479 54891.67074619 24.34 268.481072  30.885788  9.926 -100.00 -100.00 -100.00
  24    14.311 54891.67074679 24.00 268.482355  30.888194 10.921 -100.00 -100.00 -100.00
  25     9.877 54901.58638582 46.07 268.479710  30.880683   -100 -100.00 -100.00 -100.00
  25     9.893 54901.58638641 49.18 268.480994  30.883089   -100 -100.00 -100.00 -100.00
  25     9.642 54901.58638700 53.04 268.482277  30.885495 14.705 -100.00 -100.00 -100.00
  25     9.805 54901.58638759 52.55 268.483561  30.887900 14.381 -100.00 -100.00 -100.00
  26    10.727 54911.50202495 32.95 268.479668  30.882213 23.313 -100.00 -100.00 -100.00
  26    10.904 54911.50202554 32.87 268.480951  30.884619 22.151 -100.00 -100.00 -100.00
  26    10.700 54911.50202613 31.97 268.482235  30.887024 22.372 -100.00 -100.00 -100.00
  27    12.554 54921.41766229 38.47 268.478464  30.881840   -100 -100.00 -100.00 -100.00
  27    12.484 54921.41766288 37.19 268.479747  30.884246   -100 -100.00 -100.00 -100.00
  27    12.564 54921.41766347 30.38 268.481031  30.886651 22.541 -100.00 -100.00 -100.00
  27    12.617 54921.41766406 32.37 268.482314  30.889057 30.037 -100.00 -100.00 -100.00
  28    12.669 54931.33329899 40.82 268.479627  30.880721  4.681 -100.00 -100.00 -100.00
  28    12.698 54931.33329958 37.55 268.480910  30.883127   -100 -100.00 -100.00 -100.00
  28    12.693 54931.33330017 33.50 268.482194  30.885532   -100 -100.00 -100.00 -100.00
  28    12.697 54931.33330077 30.88 268.483477  30.887938 25.430 -100.00 -100.00 -100.00
  29    13.119 54941.24893352 37.86 268.481979  30.875442   -100 -100.00 -100.00 -100.00
  29    13.006 54941.24893411 36.36 268.483262  30.877848   -100 -100.00 -100.00 -100.00
  29    13.074 54941.24893470 35.02 268.484545  30.880253 25.744 -100.00 -100.00 -100.00
  30    13.186 54951.16456427 48.59 268.480316  30.861086 16.697 -100.00 -100.00 -100.00
  30    13.219 54951.16456486 44.54 268.481598  30.863491   -100 -100.00 -100.00 -100.00
  30    13.248 54951.16456545 44.21 268.482881  30.865897   -100 -100.00 -100.00 -100.00
  30    13.275 54951.16456604 37.52 268.484164  30.868303 22.602 -100.00 -100.00 -100.00
  30    13.275 54951.16456663 45.52 268.485446  30.870708   -100 -100.00 -100.00 -100.00
  30    13.162 54951.16456722 45.28 268.486729  30.873114  3.193 -100.00 -100.00 -100.00
  31    13.799 54961.08020494 34.04 268.481750  30.860536 14.958 -100.00 -100.00 -100.00
  31    13.790 54961.08020553 33.35 268.483033  30.862941 14.454 -100.00 -100.00 -100.00
  31    13.702 54961.08020612 32.12 268.484315  30.865347 12.204 -100.00 -100.00 -100.00
  31    13.695 54961.08020671 33.27 268.485598  30.867753 15.331 -100.00 -100.00 -100.00
  31    13.632 54961.08020730 33.20 268.486881  30.870158 14.426 -100.00 -100.00 -100.00
  32    15.823 54970.99585453 37.54 268.481458  30.865687 20.872 -100.00 -100.00 -100.00
  32    15.757 54970.99585512 38.43 268.482741  30.868093 24.523 -100.00 -100.00 -100.00
  32    15.664 54970.99585571 40.01 268.484024  30.870498   -100 -100.00 -100.00 -100.00
  32    15.639 54970.99585630 41.46 268.485307  30.872904   -100 -100.00 -100.00 -100.00
  33    16.723 54980.91150369 38.93 268.482374  30.872936 24.877 -100.00 -100.00 -100.00
  33    16.582 54980.91150428 40.89 268.483657  30.875342   -100 -100.00 -100.00 -100.00
  33    16.613 54980.91150487 40.30 268.484940  30.877747 31.936 -100.00 -100.00 -100.00
  34    16.008 54990.82715156 42.49 268.481791  30.875605 32.053 -100.00 -100.00 -100.00
  34    16.044 54990.82715215 39.96 268.483074  30.878011 21.911 -100.00 -100.00 -100.00
  34    15.972 54990.82715274 40.92 268.484357  30.880416 25.813 -100.00 -100.00 -100.00
  35    13.392 55000.74279904 38.91 268.481623  30.877373 32.076 -100.00 -100.00 -100.00
  35    13.311 55000.74279963 37.63 268.482906  30.879779 27.811 -100.00 -100.00 -100.00
  35    13.401 55000.74280022 36.40 268.484189  30.882185 23.595 -100.00 -100.00 -100.00
  36    12.657 55010.65844441 38.10 268.481227  30.878122   -100 -100.00 -100.00 -100.00
  36    12.689 55010.65844500 35.81 268.482510  30.880528 25.764 -100.00 -100.00 -100.00
  36    12.645 55010.65844559 35.98 268.483793  30.882933 29.977 -100.00 -100.00 -100.00
  37    12.359 55020.57408766 35.99 268.480266  30.876784 25.293 -100.00 -100.00 -100.00
  37    11.789 55020.57408825 36.45 268.481549  30.879190   -100 -100.00 -100.00 -100.00
  37    11.689 55020.57408884 33.76 268.482832  30.881595 21.261 -100.00 -100.00 -100.00
  37    10.699 55020.57408943 33.84 268.484115  30.884001 18.707 -100.00 -100.00 -100.00
  38     8.341 55030.48973040 46.20 268.480528  30.878973   -100 -100.00 -100.00 -100.00
  38     8.030 55030.48973099 48.29 268.481811  30.881378 30.618 -100.00 -100.00 -100.00
  38     8.010 55030.48973158 50.37 268.483093  30.883784   -100 -100.00 -100.00 -100.00
  39    12.011 55040.40537196 34.29 268.480201  30.879475 30.055 -100.00 -100.00 -100.00
  39     7.767 55040.40537255 33.11 268.481484  30.881880   -100 -100.00 -100.00 -100.00
  39     7.712 55040.40537314 32.12 268.482767  30.884285 28.444 -100.00 -100.00 -100.00
  40    11.892 55050.32101127 36.81 268.480219  30.875861   -100 -100.00 -100.00 -100.00
  40    11.902 55050.32101186 33.87 268.481501  30.878266 25.662 -100.00 -100.00 -100.00
  40     8.655 55050.32101245 31.98 268.482784  30.880672 25.657 -100.00 -100.00 -100.00
  40     8.695 55050.32101304 32.19 268.484067  30.883077 25.740 -100.00 -100.00 -100.00
  41    11.675 55060.23664892 29.44 268.482813  30.873381 20.314 -100.00 -100.00 -100.00
  41     8.357 55060.23664951 29.68 268.484096  30.875786 24.014 -100.00 -100.00 -100.00
  41    11.284 55060.23665010 31.80 268.485379  30.878191 31.975 -100.00 -100.00 -100.00
  42    11.706 55070.15228827 27.40 268.482045  30.866841 10.955 -100.00 -100.00 -100.00
  42    11.756 55070.15228886 26.15 268.483328  30.869247  9.414 -100.00 -100.00 -100.00
  42    11.482 55070.15228945 24.64 268.484610  30.871652  7.223 -100.00 -100.00 -100.00
  42     6.995 55070.15229004 30.32 268.485893  30.874057 19.607 -100.00 -100.00 -100.00
  43    11.658 55080.06793813 26.13 268.482304  30.869958  9.954 -100.00 -100.00 -100.00
  43    10.625 55080.06793872 26.65 268.483587  30.872363 14.088 -100.00 -100.00 -100.00
  43     6.350 55080.06793932 33.11 268.484870  30.874768   -100 -100.00 -100.00 -100.00
  44     6.681 55089.98358642 37.16 268.481004  30.874082 32.000 -100.00 -100.00 -100.00
  44     6.690 55089.98358701 41.04 268.482287  30.876487   -100 -100.00 -100.00 -100.00
  44     6.650 55089.98358760 51.92 268.483570  30.878892 19.828 -100.00 -100.00 -100.00
  44     6.760 55089.98358819 49.00 268.484853  30.881297   -100 -100.00 -100.00 -100.00
  45     9.656 55099.89923440 25.90 268.480599  30.880513 22.064 -100.00 -100.00 -100.00
  45     8.084 55099.89923499 28.15 268.481882  30.882918 31.006 -100.00 -100.00 -100.00
  45     8.116 55099.89923558 26.40 268.483165  30.885323 26.405 -100.00 -100.00 -100.00
  46     9.007 55109.81488081 33.36 268.479362  30.881650 24.633 -100.00 -100.00 -100.00
  46     9.084 55109.81488140 35.37 268.480645  30.884056   -100 -100.00 -100.00 -100.00
  46     8.987 55109.81488199 32.93 268.481928  30.886461 30.280 -100.00 -100.00 -100.00
  46     8.567 55109.81488259 34.70 268.483211  30.888866   -100 -100.00 -100.00 -100.00
  47    10.722 55119.73052516 36.02 268.479505  30.879323   -100 -100.00 -100.00 -100.00
  47    10.678 55119.73052575 36.90 268.480788  30.881729   -100 -100.00 -100.00 -100.00
  47    10.818 55119.73052634 33.09 268.482071  30.884134 30.850 -100.00 -100.00 -100.00
  47    10.787 55119.73052693 29.98 268.483354  30.886540 21.538 -100.00 -100.00 -100.00
  48    13.035 55129.64616705 33.03 268.481128  30.877167 24.669 -100.00 -100.00 -100.00
  48    13.003 55129.64616764 33.51 268.482411  30.879572 27.591 -100.00 -100.00 -100.00
  48    12.822 55129.64616823 32.21 268.483694  30.881978 27.770 -100.00 -100.00 -100.00
  49    13.405 55139.56180649 42.56 268.481188  30.874247   -100 -100.00 -100.00 -100.00
  49    13.407 55139.56180708 44.35 268.482471  30.876652  3.055 -100.00 -100.00 -100.00
  49    13.424 55139.56180767 43.69 268.483754  30.879058   -100 -100.00 -100.00 -100.00
  49    13.697 55139.56180826 43.43 268.485037  30.881463   -100 -100.00 -100.00 -100.00
  50    14.758 55149.47744520 43.13 268.481323  30.874554   -100 -100.00 -100.00 -100.00
  50    14.879 55149.47744579 41.04 268.482606  30.876960   -100 -100.00 -100.00 -100.00
  50    14.802 55149.47744638 40.97 268.483889  30.879365   -100 -100.00 -100.00 -100.00
  51    13.021 55159.39308354 38.97 268.481929  30.875370   -100 -100.00 -100.00 -100.00
  51    13.116 55159.39308413 36.62 268.483212  30.877776 27.577 -100.00 -100.00 -100.00
  51    13.085 55159.39308472 37.39 268.484495  30.880181 32.105 -100.00 -100.00 -100.00
  52    12.699 55169.30872103 32.50 268.482406  30.873872 17.884 -100.00 -100.00 -100.00
  52    12.508 55169.30872162 33.19 268.483689  30.876277 23.172 -100.00 -100.00 -100.00
  52    12.676 55169.30872221 32.22 268.484972  30.878683 15.967 -100.00 -100.00 -100.00
  53    11.488 55179.22435678 50.07 268.482305  30.869327   -100 -100.00 -100.00 -100.00
  53    11.387 55179.22435738 55.22 268.483587  30.871733 18.852 -100.00 -100.00 -100.00
  53    11.400 55179.22435797 52.35 268.484870  30.874138  7.009 -100.00 -100.00 -100.00
  53    11.411 55179.22435856 50.23 268.486153  30.876544  0.627 -100.00 -100.00 -100.00
  54    12.787 55189.14000367 32.27 268.483124  30.872544 18.286 -100.00 -100.00 -100.00
  54    12.618 55189.14000426 33.98 268.484406  30.874949 29.204 -100.00 -100.00 -100.00
  54    13.829 55189.14000485 30.64 268.485689  30.877355 17.372 -100.00 -100.00 -100.00
  55    13.555 55199.05565492 37.83 268.481565  30.876709 26.947 -100.00 -100.00 -100.00
  55    13.511 55199.05565551 40.07 268.482848  30.879114   -100 -100.00 -100.00 -100.00
  55    13.522 55199.05565610 38.09 268.484131  30.881520 25.888 -100.00 -100.00 -100.00
  56    12.816 55208.97130521 38.02 268.479410  30.879434   -100 -100.00 -100.00 -100.00
  56    13.029 55208.97130580 37.87 268.480693  30.881840   -100 -100.00 -100.00 -100.00
  56    13.029 55208.97130639 34.42 268.481976  30.884245 22.661 -100.00 -100.00 -100.00
  56    13.002 55208.97130698 33.87 268.483259  30.886651 22.476 -100.00 -100.00 -100.00
  57    10.454 55218.88695511 48.36 268.478523  30.881598 16.431 -100.00 -100.00 -100.00
  57    10.395 55218.88695570 48.38 268.479806  30.884004 21.326 -100.00 -100.00 -100.00
  57    10.405 55218.88695629 46.71 268.481089  30.886410  4.282 -100.00 -100.00 -100.00
  57    10.389 55218.88695688 44.41 268.482372  30.888815   -100 -100.00 -100.00 -100.00
  58    13.036 55228.80260404 33.43 268.478368  30.882369 20.519 -100.00 -100.00 -100.00
  58    13.025 55228.80260463 36.70 268.479651  30.884775   -100 -100.00 -100.00 -100.00
  58    12.940 55228.80260522 35.16 268.480935  30.887181 23.529 -100.00 -100.00 -100.00
  58    12.972 55228.80260581 33.35 268.482218  30.889587 23.388 -100.00 -100.00 -100.00
  59    14.880 55238.71824964 38.03 268.479086  30.881900 24.824 -100.00 -100.00 -100.00
  59    14.709 55238.71825024 38.26 268.480370  30.884306 31.304 -100.00 -100.00 -100.00
  59    14.746 55238.71825083 37.29 268.481653  30.886712 28.759 -100.00 -100.00 -100.00
  59    14.715 55238.71825142 36.99 268.482936  30.889118 26.435 -100.00 -100.00 -100.00
  60    14.729 55248.63389138 38.15 268.479739  30.880465 28.952 -100.00 -100.00 -100.00
  60    14.489 55248.63389197 37.91 268.481022  30.882871 26.631 -100.00 -100.00 -100.00
  60    14.584 55248.63389256 37.57 268.482305  30.885277 30.129 -100.00 -100.00 -100.00
  60    14.611 55248.63389315 37.27 268.483589  30.887682 29.608 -100.00 -100.00 -100.00
  61    12.731 55258.54953061 37.87 268.479688  30.879808 27.152 -100.00 -100.00 -100.00
  61    12.612 55258.54953120 38.81 268.480971  30.882214   -100 -100.00 -100.00 -100.00
  61    12.797 55258.54953179 35.99 268.482255  30.884620 24.440 -100.00 -100.00 -100.00
  61    13.141 55258.54953238 34.46 268.483538  30.887026 18.025 -100.00 -100.00 -100.00
  62    12.361 55268.46516926 34.49 268.480384  30.881112 23.273 -100.00 -100.00 -100.00
  62    12.742 55268.46516985 31.15 268.481668  30.883517 13.415 -100.00 -100.00 -100.00
  62    12.895 55268.46517044 30.44 268.482951  30.885923 12.078 -100.00 -100.00 -100.00
  63    12.159 55278.38080677 35.00 268.479935  30.879499 28.921 -100.00 -100.00 -100.00
  63    12.083 55278.38080736 36.86 268.481218  30.881905   -100 -100.00 -100.00 -100.00
  63    11.970 55278.38080795 38.59 268.482501  30.884311   -100 -100.00 -100.00 -100.00
  63    11.822 55278.38080854 43.21 268.483785  30.886716  3.045 -100.00 -100.00 -100.00
  64    13.740 55288.29644257 40.87 268.480327  30.875408   -100 -100.00 -100.00 -100.00
  64    13.705 55288.29644316 36.90 268.481610  30.877814 31.811 -100.00 -100.00 -100.00
  64    13.355 55288.29644375 37.28 268.482893  30.880220   -100 -100.00 -100.00 -100.00
  64    13.507 55288.29644434 36.10 268.484177  30.882625 32.331 -100.00 -100.00 -100.00
  65    14.090 55298.21207627 39.36 268.482995  30.871627 29.773 -100.00 -100.00 -100.00
  65    14.058 55298.21207686 42.73 268.484277  30.874033   -100 -100.00 -100.00 -100.00
  65    14.009 55298.21207745 45.54 268.485560  30.876438  0.453 -100.00 -100.00 -100.00
  66    12.842 55308.12771726 36.42 268.481449  30.865479 22.803 -100.00 -100.00 -100.00
  66    12.798 55308.12771785 36.35 268.482732  30.867885 23.622 -100.00 -100.00 -100.00
  66    12.723 55308.12771844 39.00 268.484015  30.870290   -100 -100.00 -100.00 -100.00
  66    12.667 55308.12771903 41.92 268.485298  30.872696   -100 -100.00 -100.00 -100.00
  66    12.663 55308.12771962 42.70 268.486581  30.875101   -100 -100.00 -100.00 -100.00
  67    12.597 55318.04336436 29.98 268.482524  30.870228 18.900 -100.00 -100.00 -100.00
  67    12.376 55318.04336495 32.55 268.483807  30.872633 29.321 -100.00 -100.00 -100.00
  67    12.245 55318.04336554 29.70 268.485090  30.875039 20.382 -100.00 -100.00 -100.00
  68    12.538 55327.95900994 35.06 268.481328  30.872487   -100 -100.00 -100.00 -100.00
  68    12.194 55327.95901053 36.74 268.482611  30.874892   -100 -100.00 -100.00 -100.00
  68    12.310 55327.95901112 33.68 268.483894  30.877298   -100 -100.00 -100.00 -100.00
  68    12.437 55327.95901171 29.76 268.485177  30.879703 20.819 -100.00 -100.00 -100.00
  69    14.215 55337.87465506 39.71 268.480771  30.874911   -100 -100.00 -100.00 -100.00
  69    14.228 55337.87465565 37.92 268.482053  30.877317 27.052 -100.00 -100.00 -100.00
  69    14.199 55337.87465624 36.60 268.483337  30.879722 25.256 -100.00 -100.00 -100.00
  69    14.160 55337.87465683 38.15 268.484620  30.882128   -100 -100.00 -100.00 -100.00
  70    14.723 55347.79029964 36.84 268.481119  30.876434 20.298 -100.00 -100.00 -100.00
  70    14.690 55347.79030023 37.32 268.482401  30.878839 24.624 -100.00 -100.00 -100.00
  70    14.644 55347.79030082 37.43 268.483684  30.881245 24.788 -100.00 -100.00 -100.00
  71    13.426 55357.70594229 36.17 268.481616  30.876743   -100 -100.00 -100.00 -100.00
  71    13.138 55357.70594288 35.90 268.482899  30.879149   -100 -100.00 -100.00 -100.00
  71    13.309 55357.70594347 34.92 268.484182  30.881554 31.738 -100.00 -100.00 -100.00
  72    12.353 55367.62158226 38.26 268.480851  30.875155   -100 -100.00 -100.00 -100.00
  72    12.270 55367.62158285 34.07 268.482133  30.877561 29.895 -100.00 -100.00 -100.00
  72    12.123 55367.62158345 31.27 268.483416  30.879966 23.823 -100.00 -100.00 -100.00
  72    11.993 55367.62158404 30.14 268.484699  30.882372 19.996 -100.00 -100.00 -100.00
  73    12.233 55377.53722109 37.82 268.481268  30.875279   -100 -100.00 -100.00 -100.00
  73    12.070 55377.53722168 37.83 268.482551  30.877684   -100 -100.00 -100.00 -100.00
  73    11.984 55377.53722227 36.03 268.483834  30.880090   -100 -100.00 -100.00 -100.00
  74    12.579 55387.45285837 45.38 268.481128  30.872917   -100 -100.00 -100.00 -100.00
  74    12.412 55387.45285896 47.42 268.482410  30.875323   -100 -100.00 -100.00 -100.00
  74    12.355 55387.45285955 51.20 268.483693  30.877728   -100 -100.00 -100.00 -100.00
  74    12.343 55387.45286014 54.05 268.484976  30.880134 21.444 -100.00 -100.00 -100.00
  75    12.452 55397.36849484 31.46 268.482348  30.870849 19.716 -100.00 -100.00 -100.00
  75    12.283 55397.36849543 30.61 268.483631  30.873254 20.300 -100.00 -100.00 -100.00
  75    12.079 55397.36849602 31.67 268.484914  30.875660 23.765 -100.00 -100.00 -100.00
  76    11.076 55407.28413636 46.60 268.480925  30.864246 22.667 -100.00 -100.00 -100.00
  76    11.083 55407.28413695 46.49 268.482208  30.866651 22.015 -100.00 -100.00 -100.00
  76    11.104 55407.28413754 42.77 268.483490  30.869057   -100 -100.00 -100.00 -100.00
  76    11.100 55407.28413813 43.86 268.484772  30.871462  3.240 -100.00 -100.00 -100.00
  76    11.089 55407.28413872 46.58 268.486055  30.873867 17.971 -100.00 -100.00 -100.00
  77    12.102 55417.19978840 34.43 268.482794  30.869829 27.589 -100.00 -100.00 -100.00
  77    12.054 55417.19978899 34.55 268.484077  30.872234 26.961 -100.00 -100.00 -100.00
  77    10.739 55417.19978958 34.29 268.485359  30.874640 25.392 -100.00 -100.00 -100.00
  78    12.654 55427.11543633 30.53 268.482621  30.872471 16.086 -100.00 -100.00 -100.00
  78    12.282 55427.11543693 32.39 268.483903  30.874876 19.832 -100.00 -100.00 -100.00
  78    12.271 55427.11543752 31.17 268.485186  30.877281 19.855 -100.00 -100.00 -100.00
  79    12.167 55437.03108172 35.43 268.481883  30.874933   -100 -100.00 -100.00 -100.00
  79    12.165 55437.03108231 30.73 268.483166  30.877338 25.993 -100.00 -100.00 -100.00
  79    12.122 55437.03108291 28.02 268.484449  30.879743 19.389 -100.00 -100.00 -100.00
  80    12.172 55446.94672601 30.12 268.481086  30.877173 20.011 -100.00 -100.00 -100.00
  80    12.019 55446.94672660 27.11 268.482369  30.879578 14.522 -100.00 -100.00 -100.00
  80    11.743 55446.94672719 26.64 268.483652  30.881983 16.207 -100.00 -100.00 -100.00
  81    11.756 55456.86236974 32.86 268.480578  30.877941   -100 -100.00 -100.00 -100.00
  81    11.846 55456.86237033 24.29 268.481861  30.880346 13.196 -100.00 -100.00 -100.00
  81    11.674 55456.86237092 21.60 268.483144  30.882751  8.792 -100.00 -100.00 -100.00
  82    11.521 55466.77801282 25.23 268.481407  30.878142 18.972 -100.00 -100.00 -100.00
  82    11.497 55466.77801341 21.24 268.482690  30.880547  9.864 -100.00 -100.00 -100.00
  82    10.752 55466.77801400 23.74 268.483973  30.882952 17.362 -100.00 -100.00 -100.00
  83     7.239 55476.69365179 39.44 268.481871  30.873920   -100 -100.00 -100.00 -100.00
  83     7.186 55476.69365238 39.38 268.483154  30.876325   -100 -100.00 -100.00 -100.00
  83     7.501 55476.69365297 36.60 268.484437  30.878731 24.944 -100.00 -100.00 -100.00
  84    10.747 55486.60928726 25.70 268.482037  30.868565  6.299 -100.00 -100.00 -100.00
  84     5.994 55486.60928785 28.68 268.483320  30.870971  9.198 -100.00 -100.00 -100.00
  84     5.583 55486.60928844 32.11 268.484603  30.873376 17.969 -100.00 -100.00 -100.00
  84     4.761 55486.60928903 33.67 268.485886  30.875782 22.789 -100.00 -100.00 -100.00
  85     6.383 55496.52491985 37.78 268.480201  30.861584   -100 -100.00 -100.00 -100.00
  85     6.307 55496.52492044 35.74 268.481483  30.863989   -100 -100.00 -100.00 -100.00
  85     5.992 55496.52492103 31.90 268.482766  30.866395 20.109 -100.00 -100.00 -100.00
  85     6.069 55496.52492162 30.19 268.484049  30.868800 19.509 -100.00 -100.00 -100.00
  85     7.829 55496.52492221 28.88 268.485332  30.871206 14.316 -100.00 -100.00 -100.00
  85     6.199 55496.52492280 32.19 268.486615  30.873611 25.614 -100.00 -100.00 -100.00
  86     5.291 55506.44055581 52.56 268.480957  30.862795   -100 -100.00 -100.00 -100.00
  86     5.337 55506.44055640 54.52 268.482240  30.865201   -100 -100.00 -100.00 -100.00
  86     5.485 55506.44055699 54.85 268.483522  30.867606  5.281 -100.00 -100.00 -100.00
  86     5.198 55506.44055758 53.53 268.484805  30.870012   -100 -100.00 -100.00 -100.00
  86     5.486 55506.44055817 52.76 268.486088  30.872417  3.505 -100.00 -100.00 -100.00
  87     5.133 55516.35620813 40.02 268.482455  30.872332   -100 -100.00 -100.00 -100.00
  87     4.946 55516.35620872 39.52 268.483738  30.874737   -100 -100.00 -100.00 -100.00
  87     4.954 55516.35620931 42.80 268.485021  30.877143  8.731 -100.00 -100.00 -100.00
  88    10.727 55526.27185767 18.90 268.481483  30.873658 13.178 -100.00 -100.00 -100.00
  88    10.626 55526.27185826 19.39 268.482766  30.876064 17.335 -100.00 -100.00 -100.00
  88    12.653 55526.27185885 16.94 268.484049  30.878469 10.765 -100.00 -100.00 -100.00
  89     6.814 55536.18750512 34.20 268.480737  30.874373   -100 -100.00 -100.00 -100.00
  89     6.782 55536.18750571 34.36 268.482020  30.876779   -100 -100.00 -100.00 -100.00
  89     7.789 55536.18750630 27.06 268.483303  30.879184 15.947 -100.00 -100.00 -100.00
  89     7.589 55536.18750689 28.70 268.484586  30.881590 20.626 -100.00 -100.00 -100.00
  90    10.198 55546.10315087 24.50 268.480395  30.876481 21.962 -100.00 -100.00 -100.00
  90     9.130 55546.10315146 24.52 268.481678  30.878886 22.688 -100.00 -100.00 -100.00
  90     8.519 55546.10315205 26.05 268.482961  30.881292 30.368 -100.00 -100.00 -100.00
  90     8.642 55546.10315264 22.89 268.484244  30.883697 17.148 -100.00 -100.00 -100.00
  91    12.367 55556.01879520 20.92 268.480026  30.879829 11.331 -100.00 -100.00 -100.00
  91    12.506 55556.01879579 21.19 268.481308  30.882234 12.717 -100.00 -100.00 -100.00
  91    14.789 55556.01879638 19.97 268.482591  30.884640 10.317 -100.00 -100.00 -100.00
  91    15.048 55556.01879697 21.04 268.483875  30.887045 12.846 -100.00 -100.00 -100.00
  92     5.794 55565.93443870 43.37 268.480034  30.882270   -100 -100.00 -100.00 -100.00
  92     5.871 55565.93443929 46.76 268.481317  30.884676 18.567 -100.00 -100.00 -100.00
  92     5.940 55565.93443988 39.36 268.482601  30.887081   -100 -100.00 -100.00 -100.00
  93     8.795 55575.85008049 41.27 268.479848  30.879021 18.433 -100.00 -100.00 -100.00
  93     8.436 55575.85008108 46.31 268.481131  30.881427 24.246 -100.00 -100.00 -100.00
  93     7.699 55575.85008167 51.48 268.482414  30.883833 11.759 -100.00 -100.00 -100.00
  93     7.732 55575.85008226 55.59 268.483697  30.886238   -100 -100.00 -100.00 -100.00
  94     6.276 55585.76572088 40.21 268.481784  30.876480   -100 -100.00 -100.00 -100.00
  94     5.909 55585.76572147 45.70 268.483067  30.878885 31.788 -100.00 -100.00 -100.00
  94     5.928 55585.76572206 43.96 268.484350  30.881291 20.602 -100.00 -100.00 -100.00
  95    11.794 55595.68135706 26.48 268.482193  30.870204 15.287 -100.00 -100.00 -100.00
  95    12.196 55595.68135765 26.86 268.483476  30.872610 15.386 -100.00 -100.00 -100.00
  95    12.293 55595.68135824 28.44 268.484759  30.875016 19.458 -100.00 -100.00 -100.00
  95    12.744 55595.68135883 27.25 268.486042  30.877421 14.077 -100.00 -100.00 -100.00
  96    11.296 55605.59698978 26.07 268.481047  30.863860  9.574 -100.00 -100.00 -100.00
  96    11.084 55605.59699037 26.51 268.482330  30.866266  9.764 -100.00 -100.00 -100.00
  96    11.365 55605.59699096 26.92 268.483613  30.868672  9.553 -100.00 -100.00 -100.00
  96    11.699 55605.59699155 28.84 268.484896  30.871078 14.187 -100.00 -100.00 -100.00
  96    12.324 55605.59699214 27.88 268.486179  30.873484 11.614 -100.00 -100.00 -100.00
  97    10.983 55615.51262104 27.90 268.481193  30.861510 10.533 -100.00 -100.00 -100.00
  97    10.990 55615.51262163 26.30 268.482476  30.863916  8.900 -100.00 -100.00 -100.00
  97    10.663 55615.51262222 29.14 268.483758  30.866322 11.508 -100.00 -100.00 -100.00
  97    10.675 55615.51262281 31.66 268.485041  30.868728 19.414 -100.00 -100.00 -100.00
  97    11.147 55615.51262340 33.07 268.486324  30.871133 21.717 -100.00 -100.00 -100.00
  98    11.122 55625.42826167 25.43 268.480550  30.861888  9.919 -100.00 -100.00 -100.00
  98    10.997 55625.42826226 25.94 268.481832  30.864293  9.270 -100.00 -100.00 -100.00
  98    10.711 55625.42826285 28.07 268.483115  30.866699 15.021 -100.00 -100.00 -100.00
  98    11.122 55625.42826344 28.59 268.484398  30.869105 15.515 -100.00 -100.00 -100.00
  98    11.816 55625.42826403 28.06 268.485681  30.871511 14.598 -100.00 -100.00 -100.00
  99    13.341 55635.34391544 55.23 268.482805  30.870871   -100 -100.00 -100.00 -100.00
  99    13.370 55635.34391603 53.03 268.484088  30.873277   -100 -100.00 -100.00 -100.00
  99    13.366 55635.34391662 51.68 268.485371  30.875683   -100 -100.00 -100.00 -100.00
 100    14.220 55645.25956547 36.18 268.483108  30.872723 22.886 -100.00 -100.00 -100.00
 100    14.136 55645.25956606 36.41 268.484391  30.875129 24.726 -100.00 -100.00 -100.00
 100    14.053 55645.25956665 38.70 268.485674  30.877534 31.782 -100.00 -100.00 -100.00
 101    14.697 55655.17521183 37.92 268.481984  30.870529 25.633 -100.00 -100.00 -100.00
 101    14.671 55655.17521242 36.62 268.483267  30.872934 22.273 -100.00 -100.00 -100.00
 101    14.610 55655.17521301 38.06 268.484549  30.875340 28.535 -100.00 -100.00 -100.00
 101    14.713 55655.17521360 39.66 268.485833  30.877745   -100 -100.00 -100.00 -100.00
 102    13.419 55665.09085462 53.56 268.482622  30.871856 23.402 -100.00 -100.00 -100.00
 102    13.433 55665.09085521 55.08 268.483905  30.874261 27.540 -100.00 -100.00 -100.00
 102    13.466 55665.09085580 51.92 268.485188  30.876667 14.063 -100.00 -100.00 -100.00
 103    13.103 55675.00649426 35.18 268.481677  30.871804 25.850 -100.00 -100.00 -100.00
 103    13.079 55675.00649485 35.30 268.482960  30.874210 30.945 -100.00 -100.00 -100.00
 103    12.719 55675.00649544 37.85 268.484243  30.876615   -100 -100.00 -100.00 -100.00
 103    12.861 55675.00649603 35.69 268.485526  30.879021   -100 -100.00 -100.00 -100.00
 104    15.115 55684.92213273 37.82 268.481509  30.872788 30.162 -100.00 -100.00 -100.00
 104    14.995 55684.92213332 37.90 268.482792  30.875193 32.520 -100.00 -100.00 -100.00
 104    15.018 55684.92213391 38.75 268.484075  30.877599   -100 -100.00 -100.00 -100.00
 104    14.987 55684.92213450 38.71 268.485358  30.880004   -100 -100.00 -100.00 -100.00
 105    17.770 55694.83776956 42.96 268.481726  30.871029   -100 -100.00 -100.00 -100.00
 105    17.753 55694.83777015 42.07 268.483009  30.873434   -100 -100.00 -100.00 -100.00
 105    17.755 55694.83777074 42.50 268.484292  30.875840   -100 -100.00 -100.00 -100.00
 105    17.789 55694.83777133 41.90 268.485575  30.878245   -100 -100.00 -100.00 -100.00
 106    17.949 55704.75340357 41.11 268.480296  30.862376 30.202 -100.00 -100.00 -100.00
 106    17.912 55704.75340416 40.78 268.481578  30.864782 28.627 -100.00 -100.00 -100.00
 106    17.788 55704.75340475 40.65 268.482861  30.867187   -100 -100.00 -100.00 -100.00
 106    17.806 55704.75340534 40.85 268.484143  30.869593 32.365 -100.00 -100.00 -100.00
 106    17.762 55704.75340593 40.04 268.485426  30.871999 30.161 -100.00 -100.00 -100.00
 106    17.872 55704.75340652 39.21 268.486709  30.874404 27.006 -100.00 -100.00 -100.00
 107    17.609 55714.66905102 40.98 268.480566  30.863407 29.753 -100.00 -100.00 -100.00
 107    17.536 55714.66905161 39.49 268.481848  30.865812 23.028 -100.00 -100.00 -100.00
 107    17.539 55714.66905220 39.10 268.483131  30.868218 23.822 -100.00 -100.00 -100.00
 107    17.701 55714.66905279 39.58 268.484413  30.870624 26.681 -100.00 -100.00 -100.00
 107    17.821 55714.66905338 40.18 268.485696  30.873029 28.390 -100.00 -100.00 -100.00
 108    16.228 55724.58470182 38.98 268.482098  30.871822 18.699 -100.00 -100.00 -100.00
 108    16.177 55724.58470241 39.24 268.483381  30.874228 20.324 -100.00 -100.00 -100.00
 108    16.144 55724.58470300 39.52 268.484664  30.876633 22.101 -100.00 -100.00 -100.00
 109    14.619 55734.50034953 37.36 268.481238  30.876328 21.763 -100.00 -100.00 -100.00
 109    14.460 55734.50035012 39.04 268.482521  30.878733 31.968 -100.00 -100.00 -100.00
 109    14.569 55734.50035072 36.66 268.483804  30.881139 22.026 -100.00 -100.00 -100.00
 110    13.019 55744.41599561 50.58 268.480920  30.879450  4.272 -100.00 -100.00 -100.00
 110    13.015 55744.41599620 51.72 268.482203  30.881856 20.624 -100.00 -100.00 -100.00
 110    13.046 55744.41599679 47.81 268.483486  30.884261  8.310 -100.00 -100.00 -100.00
 111    12.888 55754.33163895 41.23 268.480102  30.877059   -100 -100.00 -100.00 -100.00
 111    12.909 55754.33163954 38.86 268.481385  30.879465   -100 -100.00 -100.00 -100.00
 111    12.904 55754.33164013 38.43 268.482668  30.881870   -100 -100.00 -100.00 -100.00
 111    12.886 55754.33164073 36.72 268.483951  30.884276 31.789 -100.00 -100.00 -100.00
 112    12.520 55764.24728001 34.53 268.481681  30.873697 24.894 -100.00 -100.00 -100.00
 112    12.438 55764.24728060 37.01 268.482964  30.876103   -100 -100.00 -100.00 -100.00
 112    11.625 55764.24728119 40.55 268.484246  30.878508   -100 -100.00 -100.00 -100.00
 113    12.786 55774.16291763 30.41 268.481892  30.867473 13.557 -100.00 -100.00 -100.00
 113    12.537 55774.16291823 32.20 268.483175  30.869878 19.298 -100.00 -100.00 -100.00
 113    12.527 55774.16291882 32.39 268.484458  30.872284 20.043 -100.00 -100.00 -100.00
 113    12.273 55774.16291941 31.28 268.485740  30.874689 18.478 -100.00 -100.00 -100.00
 114    12.744 55784.07855206 27.10 268.480523  30.861699 10.404 -100.00 -100.00 -100.00
 114    12.475 55784.07855265 29.52 268.481805  30.864105 18.077 -100.00 -100.00 -100.00
 114    12.520 55784.07855324 27.71 268.483088  30.866510 12.448 -100.00 -100.00 -100.00
 114    12.170 55784.07855383 31.41 268.484371  30.868915 25.676 -100.00 -100.00 -100.00
 114    12.229 55784.07855442 28.32 268.485653  30.871320 14.512 -100.00 -100.00 -100.00
 114    11.645 55784.07855501 33.11 268.486936  30.873726 30.937 -100.00 -100.00 -100.00
 115    12.531 55793.99418513 27.69 268.479754  30.859493 12.334 -100.00 -100.00 -100.00
 115    12.314 55793.99418572 26.12 268.481036  30.861898  9.747 -100.00 -100.00 -100.00
 115    12.282 55793.99418631 27.61 268.482318  30.864304 13.085 -100.00 -100.00 -100.00
 115    12.245 55793.99418690 25.46 268.483601  30.866709  8.561 -100.00 -100.00 -100.00
 115    12.121 55793.99418749 27.57 268.484883  30.869114 13.807 -100.00 -100.00 -100.00
 115    12.036 55793.99418808 26.71 268.486166  30.871519  9.410 -100.00 -100.00 -100.00
 116     7.395 55803.90982236 33.57 268.480473  30.860449 29.311 -100.00 -100.00 -100.00
 116    11.698 55803.90982295 27.79 268.481755  30.862855 12.826 -100.00 -100.00 -100.00
 116    11.887 55803.90982354 25.93 268.483038  30.865260  9.108 -100.00 -100.00 -100.00
 116     7.475 55803.90982413 31.72 268.484320  30.867665 22.980 -100.00 -100.00 -100.00
 116     7.519 55803.90982472 33.66 268.485603  30.870071 25.373 -100.00 -100.00 -100.00
 116     8.122 55803.90982531 34.39 268.486885  30.872476 20.809 -100.00 -100.00 -100.00
 117     7.061 55813.82547334 48.74 268.481085  30.865033 14.384 -100.00 -100.00 -100.00
 117     7.036 55813.82547393 47.53 268.482368  30.867438 20.476 -100.00 -100.00 -100.00
 117     7.083 55813.82547452 52.85 268.483650  30.869844   -100 -100.00 -100.00 -100.00
 117     7.263 55813.82547511 47.99 268.484933  30.872249   -100 -100.00 -100.00 -100.00
 117     7.041 55813.82547570 51.84 268.486215  30.874654 29.589 -100.00 -100.00 -100.00
 118    12.585 55823.74112108 28.11 268.480845  30.863720 14.147 -100.00 -100.00 -100.00
 118    12.425 55823.74112167 28.30 268.482128  30.866125 15.560 -100.00 -100.00 -100.00
 118    12.393 55823.74112226 27.50 268.483411  30.868531 12.381 -100.00 -100.00 -100.00
 118    12.155 55823.74112285 27.84 268.484693  30.870936 14.349 -100.00 -100.00 -100.00
 118    11.976 55823.74112344 29.22 268.485976  30.873341 19.586 -100.00 -100.00 -100.00
 119    12.371 55833.65676390 28.05 268.480951  30.861376 15.450 -100.00 -100.00 -100.00
 119    12.215 55833.65676449 29.86 268.482234  30.863782 20.575 -100.00 -100.00 -100.00
 119    12.210 55833.65676508 27.20 268.483517  30.866187 16.297 -100.00 -100.00 -100.00
 119    12.193 55833.65676567 27.93 268.484799  30.868593 19.429 -100.00 -100.00 -100.00
 119    12.413 55833.65676626 24.79 268.486082  30.870998 11.511 -100.00 -100.00 -100.00
 120    12.073 55843.57240294 28.72 268.481542  30.861058 17.661 -100.00 -100.00 -100.00
 120    12.007 55843.57240353 26.40 268.482824  30.863464 13.884 -100.00 -100.00 -100.00
 120    11.827 55843.57240412 29.26 268.484107  30.865869 21.983 -100.00 -100.00 -100.00
 120     6.296 55843.57240471 33.58 268.485390  30.868275   -100 -100.00 -100.00 -100.00
 120     6.739 55843.57240530 33.52 268.486673  30.870680 26.059 -100.00 -100.00 -100.00
 121     4.939 55853.48803878 55.24 268.481548  30.861235 30.519 -100.00 -100.00 -100.00
 121     4.969 55853.48803937 56.60 268.482831  30.863640   -100 -100.00 -100.00 -100.00
 121     5.154 55853.48803996 50.76 268.484114  30.866046 26.309 -100.00 -100.00 -100.00
 121     4.952 55853.48804055 50.46 268.485396  30.868451   -100 -100.00 -100.00 -100.00
 121     5.265 55853.48804114 50.35 268.486679  30.870856   -100 -100.00 -100.00 -100.00
 122     4.885 55863.40367484 55.32 268.480086  30.859665   -100 -100.00 -100.00 -100.00
 122     4.953 55863.40367543 56.43 268.481369  30.862070   -100 -100.00 -100.00 -100.00
 122     5.156 55863.40367602 55.61 268.482651  30.864476 16.593 -100.00 -100.00 -100.00
 122     4.936 55863.40367661 56.90 268.483934  30.866881   -100 -100.00 -100.00 -100.00
 122     5.050 55863.40367720 54.69 268.485216  30.869287 14.704 -100.00 -100.00 -100.00
 122     5.150 55863.40367779 55.85 268.486499  30.871692 23.046 -100.00 -100.00 -100.00
 123    10.585 55873.31933107 26.65 268.482028  30.871663 14.409 -100.00 -100.00 -100.00
 123    11.243 55873.31933166 22.09 268.483311  30.874069  7.003 -100.00 -100.00 -100.00
 123    10.815 55873.31933225 23.61 268.484594  30.876474 10.873 -100.00 -100.00 -100.00
 124     5.378 55883.23497986 35.83 268.482270  30.872949   -100 -100.00 -100.00 -100.00
 124     5.363 55883.23498045 37.30 268.483553  30.875355   -100 -100.00 -100.00 -100.00
 124     6.152 55883.23498104 39.42 268.484836  30.877760 24.346 -100.00 -100.00 -100.00
 125    11.452 55893.15062167 24.76 268.482119  30.870657 13.211 -100.00 -100.00 -100.00
 125    12.013 55893.15062226 23.13 268.483402  30.873063 11.941 -100.00 -100.00 -100.00
 125    12.305 55893.15062285 23.23 268.484685  30.875468 11.477 -100.00 -100.00 -100.00
 125    12.997 55893.15062344 23.38 268.485968  30.877874 12.617 -100.00 -100.00 -100.00
 126    11.330 55903.06625736 27.32 268.481080  30.865076 14.281 -100.00 -100.00 -100.00
 126    11.370 55903.06625795 27.31 268.482363  30.867482 12.322 -100.00 -100.00 -100.00
 126    11.606 55903.06625854 26.18 268.483646  30.869887  9.930 -100.00 -100.00 -100.00
 126    11.486 55903.06625913 28.32 268.484928  30.872293 12.687 -100.00 -100.00 -100.00
 126    11.371 55903.06625972 30.21 268.486211  30.874698 19.157 -100.00 -100.00 -100.00
 127    13.383 55912.98189488 34.23 268.481778  30.866063 18.197 -100.00 -100.00 -100.00
 127    13.293 55912.98189547 32.97 268.483060  30.868469 14.863 -100.00 -100.00 -100.00
 127    13.196 55912.98189606 33.95 268.484343  30.870874 16.826 -100.00 -100.00 -100.00
 127    13.036 55912.98189665 35.51 268.485625  30.873280 24.270 -100.00 -100.00 -100.00
 128    13.800 55922.89755150 37.77 268.481902  30.876500   -100 -100.00 -100.00 -100.00
 128    13.743 55922.89755209 37.23 268.483185  30.878906 30.136 -100.00 -100.00 -100.00
 128    13.859 55922.89755268 37.06 268.484468  30.881311 30.935 -100.00 -100.00 -100.00
 129    12.607 55932.81320322 39.12 268.480272  30.877293   -100 -100.00 -100.00 -100.00
 129    12.735 55932.81320381 37.51 268.481555  30.879699   -100 -100.00 -100.00 -100.00
 129    12.909 55932.81320440 35.10 268.482838  30.882104 23.935 -100.00 -100.00 -100.00
 129    12.888 55932.81320499 32.43 268.484121  30.884510 17.752 -100.00 -100.00 -100.00
 130    12.470 55942.72885079 33.42 268.481655  30.877613   -100 -100.00 -100.00 -100.00
 130    12.406 55942.72885138 30.93 268.482938  30.880019 26.243 -100.00 -100.00 -100.00
 130    12.813 55942.72885197 29.45 268.484222  30.882424 18.920 -100.00 -100.00 -100.00
 131     9.964 55952.64449312 42.43 268.481912  30.874314   -100 -100.00 -100.00 -100.00
 131    12.529 55952.64449371 36.54 268.483195  30.876720 27.558 -100.00 -100.00 -100.00
 131    12.823 55952.64449430 34.84 268.484479  30.879126 20.061 -100.00 -100.00 -100.00
 132    12.807 55962.56013222 35.63 268.481678  30.872749 30.179 -100.00 -100.00 -100.00
 132    12.492 55962.56013281 37.21 268.482961  30.875155   -100 -100.00 -100.00 -100.00
 132    12.356 55962.56013340 38.44 268.484245  30.877561   -100 -100.00 -100.00 -100.00
 133    13.234 55972.47576952 38.17 268.481442  30.873609   -100 -100.00 -100.00 -100.00
 133    13.053 55972.47577011 37.83 268.482726  30.876015   -100 -100.00 -100.00 -100.00
 133    13.276 55972.47577070 37.34 268.484009  30.878421 31.572 -100.00 -100.00 -100.00
 133    13.137 55972.47577129 37.16 268.485292  30.880826   -100 -100.00 -100.00 -100.00
 134    12.712 55982.39140514 32.64 268.481872  30.872914 16.261 -100.00 -100.00 -100.00
 134    12.595 55982.39140574 33.03 268.483155  30.875319 20.873 -100.00 -100.00 -100.00
 134    12.617 55982.39140633 31.48 268.484438  30.877725 15.217 -100.00 -100.00 -100.00
 135    12.661 55992.30703709 30.26 268.480638  30.862964 13.833 -100.00 -100.00 -100.00
 135    12.711 55992.30703768 31.93 268.481920  30.865369 19.159 -100.00 -100.00 -100.00
 135    12.769 55992.30703827 31.21 268.483203  30.867775 17.530 -100.00 -100.00 -100.00
 135    13.076 55992.30703886 31.11 268.484486  30.870181 15.740 -100.00 -100.00 -100.00
 135    12.495 55992.30703945 31.20 268.485769  30.872587 15.584 -100.00 -100.00 -100.00
 136    12.528 56002.22268423 34.42 268.480596  30.861694 26.442 -100.00 -100.00 -100.00
 136    12.725 56002.22268482 32.37 268.481878  30.864100 17.405 -100.00 -100.00 -100.00
 136    12.659 56002.22268541 31.42 268.483161  30.866506 14.867 -100.00 -100.00 -100.00
 136    12.455 56002.22268600 31.89 268.484444  30.868911 14.946 -100.00 -100.00 -100.00
 136    13.146 56002.22268659 31.66 268.485727  30.871317 15.581 -100.00 -100.00 -100.00
 137    13.144 56012.13833449 35.84 268.481589  30.865444 25.182 -100.00 -100.00 -100.00
 137    13.083 56012.13833508 34.38 268.482872  30.867850 22.072 -100.00 -100.00 -100.00
 137    13.024 56012.13833567 34.69 268.484155  30.870255 21.476 -100.00 -100.00 -100.00
 137    12.989 56012.13833626 35.94 268.485438  30.872661 27.012 -100.00 -100.00 -100.00
 138    13.527 56022.05398185 38.69 268.482741  30.871718 30.654 -100.00 -100.00 -100.00
 138    13.467 56022.05398244 40.66 268.484024  30.874124   -100 -100.00 -100.00 -100.00
 138    13.434 56022.05398304 44.64 268.485307  30.876529  2.405 -100.00 -100.00 -100.00
 139    12.388 56031.96962571 38.59 268.481295  30.874550  1.653 -100.00 -100.00 -100.00
 139    12.346 56031.96962630 33.63 268.482578  30.876956   -100 -100.00 -100.00 -100.00
 139    12.283 56031.96962689 30.42 268.483861  30.879362 26.607 -100.00 -100.00 -100.00
 140    12.320 56041.88526736 37.46 268.480314  30.875719   -100 -100.00 -100.00 -100.00
 140    12.165 56041.88526795 34.53 268.481596  30.878124 30.016 -100.00 -100.00 -100.00
 140     8.915 56041.88526854 36.08 268.482880  30.880530   -100 -100.00 -100.00 -100.00
 140     8.882 56041.88526913 40.62 268.484163  30.882936  1.438 -100.00 -100.00 -100.00
 141    12.257 56051.80090642 37.36 268.480894  30.875321   -100 -100.00 -100.00 -100.00
 141     7.080 56051.80090701 35.33 268.482176  30.877727 31.329 -100.00 -100.00 -100.00
 141    11.318 56051.80090760 33.36 268.483459  30.880132 23.826 -100.00 -100.00 -100.00
 141     7.402 56051.80090819 39.39 268.484742  30.882538   -100 -100.00 -100.00 -100.00
 142    12.168 56061.71654225 28.90 268.482615  30.872316 12.857 -100.00 -100.00 -100.00
 142     8.396 56061.71654284 33.91 268.483897  30.874722   -100 -100.00 -100.00 -100.00
 142    11.864 56061.71654343 29.03 268.485180  30.877128 17.094 -100.00 -100.00 -100.00
 143    12.194 56071.63217921 27.43 268.480336  30.862462 21.814 -100.00 -100.00 -100.00
 143    12.225 56071.63217980 27.16 268.481618  30.864867 20.971 -100.00 -100.00 -100.00
 143    12.270 56071.63218039 24.08 268.482901  30.867273 12.789 -100.00 -100.00 -100.00
 143    11.961 56071.63218098 25.03 268.484184  30.869679 17.043 -100.00 -100.00 -100.00
 143    11.714 56071.63218157 26.30 268.485466  30.872085 21.333 -100.00 -100.00 -100.00
 143    11.718 56071.63218216 26.26 268.486749  30.874490 17.623 -100.00 -100.00 -100.00
 144     6.149 56081.54783186 33.47 268.482813  30.872610 31.345 -100.00 -100.00 -100.00
 144     6.020 56081.54783245 35.97 268.484096  30.875016   -100 -100.00 -100.00 -100.00
 144     6.052 56081.54783304 36.85 268.485379  30.877421   -100 -100.00 -100.00 -100.00
 145     5.281 56091.46347967 37.49 268.480771  30.874415 19.973 -100.00 -100.00 -100.00
 145     5.697 56091.46348026 41.37 268.482054  30.876821 27.879 -100.00 -100.00 -100.00
 145     5.304 56091.46348085 53.51 268.483336  30.879227   -100 -100.00 -100.00 -100.00
 145     5.351 56091.46348144 51.72 268.484619  30.881632   -100 -100.00 -100.00 -100.00
 146     5.091 56101.37912530 39.40 268.480512  30.876810   -100 -100.00 -100.00 -100.00
 146     4.666 56101.37912589 40.03 268.481794  30.879216   -100 -100.00 -100.00 -100.00
 146     4.501 56101.37912648 32.72 268.483077  30.881621 25.135 -100.00 -100.00 -100.00
 146     4.642 56101.37912707 30.49 268.484360  30.884027 17.636 -100.00 -100.00 -100.00
 147     5.341 56111.29475635 39.45 268.481562  30.877206 15.978 -100.00 -100.00 -100.00
 147     4.204 56111.29475694 44.37 268.482844  30.879612   -100 -100.00 -100.00 -100.00
 147     4.073 56111.29475753 51.02 268.484127  30.882017 29.307 -100.00 -100.00 -100.00
 148     4.120 56121.21039481 28.91 268.482937  30.873318 19.639 -100.00 -100.00 -100.00
 148     4.166 56121.21039540 31.37 268.484219  30.875724 27.635 -100.00 -100.00 -100.00
 148     4.181 56121.21039599 33.83 268.485502  30.878129   -100 -100.00 -100.00 -100.00
 149    11.093 56131.12602751 31.99 268.480630  30.860357   -100 -100.00 -100.00 -100.00
 149    11.079 56131.12602810 28.38 268.481912  30.862763 18.796 -100.00 -100.00 -100.00
 149    10.947 56131.12602869 26.29 268.483195  30.865168 15.277 -100.00 -100.00 -100.00
 149    11.105 56131.12602928 26.26 268.484477  30.867573 16.450 -100.00 -100.00 -100.00
 149    11.591 56131.12602987 22.72 268.485760  30.869979  8.546 -100.00 -100.00 -100.00
 149     9.789 56131.12603046 25.73 268.487043  30.872384 15.670 -100.00 -100.00 -100.00
 150     3.017 56141.04166239 37.64 268.483181  30.860530   -100 -100.00 -100.00 -100.00
 150     3.162 56141.04166298 32.87 268.484463  30.862935 29.016 -100.00 -100.00 -100.00
 150     3.004 56141.04166357 32.02 268.485746  30.865340 28.908 -100.00 -100.00 -100.00
 150     3.221 56141.04166416 32.56 268.487029  30.867745 30.403 -100.00 -100.00 -100.00
 151     3.518 56150.95731446 43.65 268.481323  30.866155  2.549 -100.00 -100.00 -100.00
 151     3.510 56150.95731505 46.01 268.482605  30.868560 25.013 -100.00 -100.00 -100.00
 151     3.393 56150.95731564 42.54 268.483888  30.870965 11.605 -100.00 -100.00 -100.00
 151     3.389 56150.95731623 45.60 268.485171  30.873370 28.659 -100.00 -100.00 -100.00
 151     3.442 56150.95731682 46.08 268.486454  30.875776   -100 -100.00 -100.00 -100.00
 152     4.091 56160.87296574 35.83 268.482463  30.874893 21.251 -100.00 -100.00 -100.00
 152     3.771 56160.87296633 39.44 268.483746  30.877298 30.966 -100.00 -100.00 -100.00
 152     3.226 56160.87296692 46.09 268.485029  30.879703   -100 -100.00 -100.00 -100.00
 153    10.849 56170.78861370 20.74 268.482133  30.875730 12.571 -100.00 -100.00 -100.00
 153     7.181 56170.78861429 24.06 268.483416  30.878135 23.064 -100.00 -100.00 -100.00
 153    14.883 56170.78861488 17.99 268.484699  30.880540  7.458 -100.00 -100.00 -100.00
 154     3.870 56180.70425678 28.46 268.482097  30.872483 25.237 -100.00 -100.00 -100.00
 154     3.760 56180.70425737 30.68 268.483380  30.874888   -100 -100.00 -100.00 -100.00
 154     3.864 56180.70425796 31.51 268.484663  30.877293   -100 -100.00 -100.00 -100.00
 155     3.609 56190.61989583 37.46 268.482152  30.869219   -100 -100.00 -100.00 -100.00
 155     4.020 56190.61989642 37.62 268.483434  30.871625 29.433 -100.00 -100.00 -100.00
 155     3.760 56190.61989701 41.42 268.484717  30.874030   -100 -100.00 -100.00 -100.00
 155     3.864 56190.61989760 44.79 268.486000  30.876435   -100 -100.00 -100.00 -100.00
 156    11.742 56200.53553224 21.05 268.482191  30.867894 10.863 -100.00 -100.00 -100.00
 156    11.166 56200.53553283 20.86 268.483474  30.870300 10.533 -100.00 -100.00 -100.00
 156    11.616 56200.53553342 21.40 268.484756  30.872705 11.068 -100.00 -100.00 -100.00
 156    11.937 56200.53553401 22.39 268.486039  30.875110 12.063 -100.00 -100.00 -100.00
 157     4.392 56210.45116580 48.65 268.481608  30.865395   -100 -100.00 -100.00 -100.00
 157     4.265 56210.45116639 46.17 268.482890  30.867801  6.643 -100.00 -100.00 -100.00
 157     4.155 56210.45116698 43.70 268.484173  30.870206 26.249 -100.00 -100.00 -100.00
 157     4.238 56210.45116757 40.63 268.485456  30.872611  0.205 -100.00 -100.00 -100.00
 158     3.681 56220.36679676 51.96 268.480609  30.860064   -100 -100.00 -100.00 -100.00
 158     3.390 56220.36679735 55.43 268.481891  30.862469   -100 -100.00 -100.00 -100.00
 158     3.690 56220.36679794 51.20 268.483174  30.864875   -100 -100.00 -100.00 -100.00
 158     3.442 56220.36679853 52.40 268.484456  30.867280   -100 -100.00 -100.00 -100.00
 158     3.369 56220.36679912 44.67 268.485739  30.869685 15.234 -100.00 -100.00 -100.00
 158     3.721 56220.36679971 47.82 268.487021  30.872091   -100 -100.00 -100.00 -100.00
 159     3.182 56230.28244817 35.21 268.481508  30.866413 26.613 -100.00 -100.00 -100.00
 159     3.278 56230.28244876 38.37 268.482790  30.868819   -100 -100.00 -100.00 -100.00
 159     3.423 56230.28244935 37.46 268.484072  30.871224   -100 -100.00 -100.00 -100.00
 159     3.376 56230.28244994 41.70 268.485355  30.873630   -100 -100.00 -100.00 -100.00
 160     3.690 56240.19810237 28.36 268.482557  30.872291 26.093 -100.00 -100.00 -100.00
 160    11.175 56240.19810296 20.87 268.483840  30.874696  8.500 -100.00 -100.00 -100.00
 160     3.850 56240.19810355 26.91 268.485122  30.877101 22.225 -100.00 -100.00 -100.00
 161     4.571 56250.11375173 33.10 268.481742  30.873752 21.599 -100.00 -100.00 -100.00
 161     4.482 56250.11375232 30.76 268.483024  30.876158 14.626 -100.00 -100.00 -100.00
 161     4.534 56250.11375291 32.33 268.484307  30.878563 20.236 -100.00 -100.00 -100.00
 162     4.130 56260.02939632 32.61 268.481557  30.874270 26.251 -100.00 -100.00 -100.00
 162     4.180 56260.02939691 30.10 268.482840  30.876676 18.050 -100.00 -100.00 -100.00
 162     3.845 56260.02939750 32.07 268.484123  30.879081 25.396 -100.00 -100.00 -100.00
 163     3.994 56269.94503870 40.62 268.481777  30.875334 25.245 -100.00 -100.00 -100.00
 163     3.561 56269.94503929 43.51 268.483060  30.877739   -100 -100.00 -100.00 -100.00
 163     3.453 56269.94503988 41.57 268.484343  30.880145   -100 -100.00 -100.00 -100.00
 164    12.198 56279.86067928 24.08 268.482210  30.875454  9.816 -100.00 -100.00 -100.00
 164    12.457 56279.86067987 24.99 268.483493  30.877860 10.883 -100.00 -100.00 -100.00
 164    12.692 56279.86068046 23.98 268.484775  30.880266  9.626 -100.00 -100.00 -100.00
 165    12.941 56289.77633139 23.25 268.481379  30.877907  7.629 -100.00 -100.00 -100.00
 165    14.477 56289.77633198 22.98 268.482662  30.880312  7.472 -100.00 -100.00 -100.00
 165    14.321 56289.77633257 23.22 268.483945  30.882718  7.564 -100.00 -100.00 -100.00
 166    11.968 56299.69197979 30.05 268.480641  30.877007 23.226 -100.00 -100.00 -100.00
 166    12.423 56299.69198038 28.99 268.481924  30.879413 18.621 -100.00 -100.00 -100.00
 166    12.642 56299.69198097 27.79 268.483208  30.881819 15.128 -100.00 -100.00 -100.00
 166    12.933 56299.69198156 27.51 268.484491  30.884224 17.205 -100.00 -100.00 -100.00
 167    12.556 56309.60762401 30.68 268.480516  30.875616 15.760 -100.00 -100.00 -100.00
 167    11.922 56309.60762460 33.80 268.481800  30.878022 25.815 -100.00 -100.00 -100.00
 167    12.399 56309.60762519 33.62 268.483083  30.880428 26.835 -100.00 -100.00 -100.00
 167    12.717 56309.60762578 32.15 268.484366  30.882833 20.790 -100.00 -100.00 -100.00
 168    12.449 56319.52326603 36.64 268.481049  30.876006 24.448 -100.00 -100.00 -100.00
 168    12.389 56319.52326662 37.81 268.482332  30.878412 30.440 -100.00 -100.00 -100.00
 168    12.425 56319.52326721 39.03 268.483616  30.880818   -100 -100.00 -100.00 -100.00
 169    11.546 56329.43890687 32.78 268.480856  30.876613 21.266 -100.00 -100.00 -100.00
 169    11.989 56329.43890746 31.72 268.482140  30.879019 17.738 -100.00 -100.00 -100.00
 169    11.108 56329.43890805 33.23 268.483423  30.881425 23.614 -100.00 -100.00 -100.00
 170    12.389 56339.35454680 33.68 268.481690  30.876894 23.253 -100.00 -100.00 -100.00
 170    12.512 56339.35454739 32.41 268.482973  30.879300 25.036 -100.00 -100.00 -100.00
 170    12.827 56339.35454798 30.35 268.484256  30.881705 20.196 -100.00 -100.00 -100.00
 171    12.875 56349.27018382 34.26 268.482647  30.873153 22.139 -100.00 -100.00 -100.00
 171    12.849 56349.27018441 34.26 268.483930  30.875559 22.625 -100.00 -100.00 -100.00
 171    14.997 56349.27018500 34.56 268.485213  30.877965 23.337 -100.00 -100.00 -100.00
 172     9.150 56359.18581682 52.00 268.480393  30.861327 12.021 -100.00 -100.00 -100.00
 172     9.353 56359.18581741 52.26 268.481675  30.863733  4.485 -100.00 -100.00 -100.00
 172     9.139 56359.18581800 52.17 268.482958  30.866139   -100 -100.00 -100.00 -100.00
 172     9.081 56359.18581859 48.17 268.484240  30.868545 16.888 -100.00 -100.00 -100.00
 172     9.337 56359.18581918 46.08 268.485523  30.870950   -100 -100.00 -100.00 -100.00
 172     9.267 56359.18581977 50.83 268.486806  30.873356 20.938 -100.00 -100.00 -100.00
 173    12.664 56369.10146934 29.36 268.483249  30.871626  9.188 -100.00 -100.00 -100.00
 173    12.473 56369.10146994 28.92 268.484532  30.874032  7.829 -100.00 -100.00 -100.00
 173    12.336 56369.10147053 29.85 268.485815  30.876437 10.720 -100.00 -100.00 -100.00
 175    12.381 56388.93276363 33.60 268.480431  30.878917   -100 -100.00 -100.00 -100.00
 175    12.386 56388.93276422 30.48 268.481714  30.881322 22.513 -100.00 -100.00 -100.00
 175    13.389 56388.93276481 27.06 268.482997  30.883728 11.300 -100.00 -100.00 -100.00
 176    12.372 56398.84840718 34.87 268.479851  30.878893   -100 -100.00 -100.00 -100.00
 176    12.358 56398.84840777 31.54 268.481134  30.881298 32.508 -100.00 -100.00 -100.00
 176    13.043 56398.84840836 26.31 268.482418  30.883704 11.011 -100.00 -100.00 -100.00
 176    14.031 56398.84840895 24.35 268.483701  30.886110  8.372 -100.00 -100.00 -100.00
 177    12.653 56408.76404805 36.25 268.480534  30.877422   -100 -100.00 -100.00 -100.00
 177    12.466 56408.76404864 32.68 268.481817  30.879828   -100 -100.00 -100.00 -100.00
 177    12.389 56408.76404923 31.67 268.483100  30.882233 31.620 -100.00 -100.00 -100.00
 177    12.756 56408.76404983 26.07 268.484383  30.884639 12.876 -100.00 -100.00 -100.00
 178    14.230 56418.67968430 37.59 268.482172  30.874472 28.037 -100.00 -100.00 -100.00
 178    14.184 56418.67968489 37.26 268.483455  30.876878 31.968 -100.00 -100.00 -100.00
 178    14.169 56418.67968548 38.13 268.484738  30.879284   -100 -100.00 -100.00 -100.00
 179    14.731 56428.59531602 39.38 268.481796  30.866531   -100 -100.00 -100.00 -100.00
 179    14.695 56428.59531661 37.25 268.483079  30.868937 30.583 -100.00 -100.00 -100.00
 179    14.678 56428.59531720 36.94 268.484361  30.871343 30.414 -100.00 -100.00 -100.00
 179    14.671 56428.59531779 36.42 268.485644  30.873749 29.374 -100.00 -100.00 -100.00
 180    15.040 56438.51097103 39.75 268.481290  30.873901   -100 -100.00 -100.00 -100.00
 180    14.985 56438.51097162 36.85 268.482572  30.876306 23.790 -100.00 -100.00 -100.00
 180    14.947 56438.51097221 38.79 268.483855  30.878712   -100 -100.00 -100.00 -100.00
 180    14.909 56438.51097280 39.00 268.485138  30.881118   -100 -100.00 -100.00 -100.00
 181    14.063 56448.42662266 37.98 268.480394  30.878234 22.400 -100.00 -100.00 -100.00
 181    14.078 56448.42662325 36.91 268.481677  30.880640 21.695 -100.00 -100.00 -100.00
 181    14.019 56448.42662385 35.45 268.482960  30.883045 17.740 -100.00 -100.00 -100.00
 181    13.997 56448.42662444 37.59 268.484243  30.885451 27.773 -100.00 -100.00 -100.00
 182    13.993 56458.34227147 38.82 268.480082  30.879436   -100 -100.00 -100.00 -100.00
 182    13.899 56458.34227206 38.30 268.481365  30.881841   -100 -100.00 -100.00 -100.00
 182    13.963 56458.34227265 36.40 268.482648  30.884247 31.833 -100.00 -100.00 -100.00
 182    13.914 56458.34227324 37.75 268.483931  30.886652   -100 -100.00 -100.00 -100.00
 183    13.969 56468.25791689 36.06 268.480861  30.879703 29.448 -100.00 -100.00 -100.00
 183    13.834 56468.25791749 37.74 268.482144  30.882108   -100 -100.00 -100.00 -100.00
 183    13.906 56468.25791808 36.86 268.483427  30.884513   -100 -100.00 -100.00 -100.00
 184    12.499 56478.17355741 37.57 268.480476  30.875794 32.522 -100.00 -100.00 -100.00
 184    12.331 56478.17355801 38.02 268.481759  30.878199   -100 -100.00 -100.00 -100.00
 184    12.260 56478.17355860 37.19 268.483041  30.880604   -100 -100.00 -100.00 -100.00
 184    12.528 56478.17355919 33.72 268.484324  30.883010 23.941 -100.00 -100.00 -100.00
 185    12.559 56488.08919466 34.06 268.481618  30.873398 25.121 -100.00 -100.00 -100.00
 185    12.577 56488.08919525 32.66 268.482901  30.875803 18.416 -100.00 -100.00 -100.00
 185    12.441 56488.08919584 32.00 268.484184  30.878209 19.311 -100.00 -100.00 -100.00
 186    12.515 56498.00482990 51.28 268.483191  30.872384 20.025 -100.00 -100.00 -100.00
 186    12.498 56498.00483049 52.58 268.484473  30.874789   -100 -100.00 -100.00 -100.00
 186    12.514 56498.00483108 51.28 268.485756  30.877195   -100 -100.00 -100.00 -100.00
 187    12.686 56507.92046184 29.63 268.480134  30.861694 10.450 -100.00 -100.00 -100.00
 187    12.663 56507.92046243 28.56 268.481416  30.864100  9.930 -100.00 -100.00 -100.00
 187    12.700 56507.92046302 27.64 268.482699  30.866505  7.708 -100.00 -100.00 -100.00
 187    12.429 56507.92046361 30.44 268.483981  30.868910 14.166 -100.00 -100.00 -100.00
 187    12.466 56507.92046420 27.45 268.485264  30.871316  7.340 -100.00 -100.00 -100.00
 187    12.251 56507.92046479 27.48 268.486547  30.873721  7.858 -100.00 -100.00 -100.00
 188    12.514 56517.83610003 26.32 268.481467  30.860316 11.995 -100.00 -100.00 -100.00
 188    12.307 56517.83610062 27.53 268.482749  30.862722 14.973 -100.00 -100.00 -100.00
 188    12.357 56517.83610121 25.14 268.484031  30.865127 10.709 -100.00 -100.00 -100.00
 188    12.034 56517.83610180 27.64 268.485314  30.867533 19.177 -100.00 -100.00 -100.00
 188    11.982 56517.83610239 28.85 268.486596  30.869938 21.014 -100.00 -100.00 -100.00
 189    12.475 56527.75175545 28.03 268.481171  30.864701 15.141 -100.00 -100.00 -100.00
 189    12.500 56527.75175604 28.30 268.482454  30.867107 14.994 -100.00 -100.00 -100.00
 189    12.177 56527.75175663 28.81 268.483736  30.869512 15.090 -100.00 -100.00 -100.00
 189    12.057 56527.75175722 28.31 268.485019  30.871918 13.388 -100.00 -100.00 -100.00
 189    12.014 56527.75175781 28.15 268.486301  30.874323 13.418 -100.00 -100.00 -100.00
 190     6.635 56537.66740717 34.28 268.483076  30.871152 31.788 -100.00 -100.00 -100.00
 190     6.636 56537.66740777 34.47 268.484359  30.873557   -100 -100.00 -100.00 -100.00
 190     6.739 56537.66740836 37.12 268.485642  30.875963   -100 -100.00 -100.00 -100.00
 191     5.817 56547.58305365 44.75 268.482068  30.872931   -100 -100.00 -100.00 -100.00
 191     5.576 56547.58305424 44.81 268.483351  30.875337 23.235 -100.00 -100.00 -100.00
 191     5.780 56547.58305483 43.45 268.484634  30.877742   -100 -100.00 -100.00 -100.00
 192    12.278 56557.49869767 23.44 268.481281  30.876438  9.227 -100.00 -100.00 -100.00
 192    12.439 56557.49869827 22.56 268.482564  30.878843  7.939 -100.00 -100.00 -100.00
 192    12.661 56557.49869886 22.91 268.483847  30.881249  9.410 -100.00 -100.00 -100.00
 193     4.873 56567.41434005 28.81 268.480435  30.877224 24.261 -100.00 -100.00 -100.00
 193     4.906 56567.41434064 28.95 268.481718  30.879630 24.862 -100.00 -100.00 -100.00
 193     4.603 56567.41434123 30.98 268.483001  30.882035   -100 -100.00 -100.00 -100.00
 193     7.238 56567.41434182 26.67 268.484284  30.884440 18.497 -100.00 -100.00 -100.00
 194     5.013 56577.32998068 40.75 268.480407  30.875759 28.798 -100.00 -100.00 -100.00
 194     5.268 56577.32998127 41.69 268.481689  30.878165 25.486 -100.00 -100.00 -100.00
 194     4.713 56577.32998186 46.35 268.482972  30.880570   -100 -100.00 -100.00 -100.00
 194     4.496 56577.32998245 47.47 268.484255  30.882975   -100 -100.00 -100.00 -100.00
 195     5.085 56587.24561780 31.58 268.482670  30.873273 24.920 -100.00 -100.00 -100.00
 195     5.316 56587.24561839 26.08 268.483952  30.875678  9.996 -100.00 -100.00 -100.00
 195     5.220 56587.24561898 28.65 268.485235  30.878083 16.332 -100.00 -100.00 -100.00
 196     4.591 56597.16125682 39.83 268.481416  30.866336   -100 -100.00 -100.00 -100.00
 196     4.192 56597.16125741 42.13 268.482699  30.868742  1.832 -100.00 -100.00 -100.00
 196     4.413 56597.16125800 37.42 268.483981  30.871147   -100 -100.00 -100.00 -100.00
 196     4.392 56597.16125859 33.90 268.485264  30.873552 22.604 -100.00 -100.00 -100.00
 197     5.238 56607.07690970 30.86 268.481296  30.872243 24.164 -100.00 -100.00 -100.00
 197     5.299 56607.07691030 31.11 268.482579  30.874649 22.980 -100.00 -100.00 -100.00
 197     5.169 56607.07691089 34.20 268.483861  30.877054   -100 -100.00 -100.00 -100.00
 197     5.455 56607.07691148 34.98 268.485144  30.879460   -100 -100.00 -100.00 -100.00
 198     5.819 56616.99255783 42.50 268.481601  30.877688   -100 -100.00 -100.00 -100.00
 198     5.428 56616.99255842 55.20 268.482884  30.880094 20.764 -100.00 -100.00 -100.00
 198     5.780 56616.99255901 53.25 268.484167  30.882499   -100 -100.00 -100.00 -100.00
 199     7.477 56626.90820159 32.74 268.481131  30.877811 22.829 -100.00 -100.00 -100.00
 199     7.648 56626.90820218 28.19 268.482413  30.880216 12.137 -100.00 -100.00 -100.00
 199     7.857 56626.90820277 29.54 268.483696  30.882622 15.311 -100.00 -100.00 -100.00
 200    12.299 56636.82384242 25.88 268.481868  30.876156 14.195 -100.00 -100.00 -100.00
 200    12.572 56636.82384301 28.12 268.483151  30.878561 21.113 -100.00 -100.00 -100.00
 200    12.845 56636.82384360 29.42 268.484434  30.880967 24.394 -100.00 -100.00 -100.00
 201    11.596 56646.73948321 23.47 268.482514  30.872054 13.144 -100.00 -100.00 -100.00
 201    12.040 56646.73948380 23.67 268.483797  30.874460 12.672 -100.00 -100.00 -100.00
 201    12.297 56646.73948439 25.59 268.485080  30.876866 17.381 -100.00 -100.00 -100.00
 202    11.584 56656.65513600 30.69 268.481486  30.873821 10.662 -100.00 -100.00 -100.00
 202    11.624 56656.65513659 32.60 268.482769  30.876227 14.768 -100.00 -100.00 -100.00
 202    12.061 56656.65513718 31.72 268.484052  30.878632 11.709 -100.00 -100.00 -100.00
 203    11.855 56666.57078438 32.66 268.480847  30.875864 32.645 -100.00 -100.00 -100.00
 203    11.924 56666.57078497 33.91 268.482130  30.878270   -100 -100.00 -100.00 -100.00
 203    12.108 56666.57078556 31.38 268.483413  30.880676 28.401 -100.00 -100.00 -100.00
 203    12.359 56666.57078615 30.71 268.484697  30.883081 24.526 -100.00 -100.00 -100.00
 204    10.475 56676.48642984 34.35 268.480323  30.877743   -100 -100.00 -100.00 -100.00
 204    10.609 56676.48643043 33.66 268.481607  30.880149 29.983 -100.00 -100.00 -100.00
 204    10.633 56676.48643102 35.39 268.482890  30.882555   -100 -100.00 -100.00 -100.00
 204    10.571 56676.48643161 32.77 268.484173  30.884960 30.547 -100.00 -100.00 -100.00
 205    10.174 56686.40207375 36.80 268.480224  30.878336   -100 -100.00 -100.00 -100.00
 205    10.547 56686.40207434 32.12 268.481507  30.880741 26.971 -100.00 -100.00 -100.00
 205    10.383 56686.40207493 33.34 268.482790  30.883147 28.946 -100.00 -100.00 -100.00
 205    10.308 56686.40207552 32.10 268.484074  30.885553 32.168 -100.00 -100.00 -100.00
 206    11.861 56696.31771516 30.65 268.480786  30.876507 15.761 -100.00 -100.00 -100.00
 206    12.427 56696.31771575 29.01 268.482069  30.878913 11.824 -100.00 -100.00 -100.00
 206    12.565 56696.31771635 28.68 268.483353  30.881319 12.570 -100.00 -100.00 -100.00
 206    12.861 56696.31771694 27.35 268.484636  30.883724 10.020 -100.00 -100.00 -100.00
 207    11.645 56706.23335159 31.62 268.482326  30.872023 23.563 -100.00 -100.00 -100.00
 207    12.219 56706.23335218 29.68 268.483609  30.874429 16.819 -100.00 -100.00 -100.00
 207    12.509 56706.23335277 30.28 268.484892  30.876835 19.521 -100.00 -100.00 -100.00
 208    12.017 56716.14898197 30.74 268.479866  30.859718 14.765 -100.00 -100.00 -100.00
 208    12.421 56716.14898256 28.32 268.481149  30.862124  7.738 -100.00 -100.00 -100.00
 208    12.661 56716.14898315 27.67 268.482431  30.864530  6.542 -100.00 -100.00 -100.00
 208    12.950 56716.14898374 27.41 268.483714  30.866935  7.604 -100.00 -100.00 -100.00
 208    13.049 56716.14898433 28.74 268.484997  30.869341 10.131 -100.00 -100.00 -100.00
 208    13.298 56716.14898492 29.71 268.486280  30.871747  9.353 -100.00 -100.00 -100.00
 209    12.065 56726.06463834 31.51 268.482573  30.874471 15.320 -100.00 -100.00 -100.00
 209    12.333 56726.06463893 31.53 268.483856  30.876877 15.308 -100.00 -100.00 -100.00
 209    12.750 56726.06463952 30.84 268.485139  30.879282 13.820 -100.00 -100.00 -100.00
 210    10.455 56735.98028854 35.35 268.480164  30.879416 24.213 -100.00 -100.00 -100.00
 210    12.087 56735.98028913 33.69 268.481447  30.881822 19.096 -100.00 -100.00 -100.00
 210    12.582 56735.98028972 30.99 268.482730  30.884228 13.847 -100.00 -100.00 -100.00
 211    12.718 56745.89593549 28.79 268.479508  30.883405 15.349 -100.00 -100.00 -100.00
 211    13.518 56745.89593608 28.70 268.480791  30.885811 14.343 -100.00 -100.00 -100.00
 211    14.053 56745.89593667 29.01 268.482074  30.888216 15.679 -100.00 -100.00 -100.00
 212    12.519 56755.81157702 26.22 268.480032  30.881093 11.705 -100.00 -100.00 -100.00
 212    13.877 56755.81157761 25.39 268.481315  30.883499 11.408 -100.00 -100.00 -100.00
 212    13.700 56755.81157820 26.98 268.482598  30.885904 13.983 -100.00 -100.00 -100.00
 213    13.464 56765.72721233 49.35 268.482123  30.875413 19.300 -100.00 -100.00 -100.00
 213    13.467 56765.72721292 50.50 268.483406  30.877819 32.684 -100.00 -100.00 -100.00
 213    13.516 56765.72721351 47.37 268.484689  30.880225 13.443 -100.00 -100.00 -100.00
 214    12.870 56775.64285121 36.72 268.482106  30.870585   -100 -100.00 -100.00 -100.00
 214    12.951 56775.64285180 34.47 268.483389  30.872991 29.970 -100.00 -100.00 -100.00
 214    13.048 56775.64285239 34.10 268.484672  30.875397 29.383 -100.00 -100.00 -100.00
 214    12.974 56775.64285299 35.04 268.485955  30.877803   -100 -100.00 -100.00 -100.00
 215    12.347 56785.55850879 37.09 268.480049  30.876560   -100 -100.00 -100.00 -100.00
 215    12.286 56785.55850938 33.05 268.481332  30.878965   -100 -100.00 -100.00 -100.00
 215    12.288 56785.55850997 26.80 268.482615  30.881371 16.115 -100.00 -100.00 -100.00
 215    12.762 56785.55851056 24.37 268.483899  30.883777 11.857 -100.00 -100.00 -100.00
 216    12.232 56795.47416286 39.50 268.478810  30.883825   -100 -100.00 -100.00 -100.00
 216    12.157 56795.47416345 38.55 268.480093  30.886231   -100 -100.00 -100.00 -100.00
 216    12.110 56795.47416404 34.28 268.481377  30.888636 27.905 -100.00 -100.00 -100.00
 216    12.013 56795.47416463 34.68 268.482660  30.891042 31.381 -100.00 -100.00 -100.00
 217    12.425 56805.38981179 38.00 268.477855  30.886558   -100 -100.00 -100.00 -100.00
 217    12.039 56805.38981238 32.25 268.479138  30.888964   -100 -100.00 -100.00 -100.00
 217    14.211 56805.38981297 29.34 268.480421  30.891369 26.830 -100.00 -100.00 -100.00
 217    14.691 56805.38981356 27.21 268.481705  30.893775 17.359 -100.00 -100.00 -100.00
 218    11.433 56815.30545264 39.04 268.478265  30.882266   -100 -100.00 -100.00 -100.00
 218    11.613 56815.30545323 36.67 268.479548  30.884672   -100 -100.00 -100.00 -100.00
 218    11.476 56815.30545382 36.62 268.480831  30.887077   -100 -100.00 -100.00 -100.00
 218    11.358 56815.30545441 31.80 268.482114  30.889482 21.468 -100.00 -100.00 -100.00
 219    12.215 56825.22109054 34.20 268.481100  30.879379 30.142 -100.00 -100.00 -100.00
 219    12.006 56825.22109113 33.04 268.482383  30.881784 31.929 -100.00 -100.00 -100.00
 219    11.616 56825.22109172 32.35 268.483666  30.884190 29.493 -100.00 -100.00 -100.00
 220    12.617 56835.13672391 35.15 268.482082  30.872928 29.940 -100.00 -100.00 -100.00
 220    12.608 56835.13672450 30.22 268.483364  30.875333 14.373 -100.00 -100.00 -100.00
 220    12.655 56835.13672509 28.38 268.484647  30.877739 10.128 -100.00 -100.00 -100.00
 221    12.692 56845.05235346 27.34 268.480886  30.864042  6.519 -100.00 -100.00 -100.00
 221    12.642 56845.05235405 28.23 268.482168  30.866447  7.590 -100.00 -100.00 -100.00
 221    12.485 56845.05235464 29.85 268.483451  30.868852 10.675 -100.00 -100.00 -100.00
 221    12.386 56845.05235523 29.22 268.484734  30.871258  8.925 -100.00 -100.00 -100.00
 221    12.192 56845.05235582 29.86 268.486016  30.873663 10.669 -100.00 -100.00 -100.00
 222    12.158 56854.96800079 34.79 268.482312  30.870449 31.378 -100.00 -100.00 -100.00
 222    10.472 56854.96800138 38.06 268.483595  30.872854   -100 -100.00 -100.00 -100.00
 222    10.486 56854.96800198 40.76 268.484877  30.875259   -100 -100.00 -100.00 -100.00
 223    10.332 56864.88365576 42.09 268.481769  30.876258   -100 -100.00 -100.00 -100.00
 223    10.374 56864.88365635 44.27 268.483051  30.878663  6.052 -100.00 -100.00 -100.00
 223    10.548 56864.88365694 42.50 268.484334  30.881069   -100 -100.00 -100.00 -100.00
 224    12.198 56874.79930934 29.82 268.481230  30.878807 17.371 -100.00 -100.00 -100.00
 224    11.697 56874.79930994 28.06 268.482513  30.881212 15.370 -100.00 -100.00 -100.00
 224     7.843 56874.79931053 28.48 268.483796  30.883617 16.773 -100.00 -100.00 -100.00
 225    11.420 56884.71495909 40.95 268.480099  30.878187 29.968 -100.00 -100.00 -100.00
 225     6.384 56884.71495968 41.09 268.481382  30.880593   -100 -100.00 -100.00 -100.00
 225     6.172 56884.71496027 42.05 268.482665  30.882998  2.690 -100.00 -100.00 -100.00
 225     6.446 56884.71496086 37.51 268.483948  30.885403   -100 -100.00 -100.00 -100.00
 226     6.042 56894.63060641 37.96 268.480674  30.880342   -100 -100.00 -100.00 -100.00
 226     5.867 56894.63060700 38.73 268.481957  30.882747   -100 -100.00 -100.00 -100.00
 226     6.112 56894.63060759 34.00 268.483241  30.885152 23.159 -100.00 -100.00 -100.00
 227     6.739 56904.54624996 35.32 268.479377  30.881289   -100 -100.00 -100.00 -100.00
 227     6.707 56904.54625056 36.26 268.480660  30.883695   -100 -100.00 -100.00 -100.00
 227     6.615 56904.54625115 30.98 268.481943  30.886100 32.246 -100.00 -100.00 -100.00
 227     6.558 56904.54625174 31.49 268.483226  30.888505   -100 -100.00 -100.00 -100.00
 228     7.213 56914.46189150 37.87 268.478241  30.883474 29.012 -100.00 -100.00 -100.00
 228     6.886 56914.46189210 44.89 268.479524  30.885879   -100 -100.00 -100.00 -100.00
 228     7.020 56914.46189269 47.34 268.480807  30.888284   -100 -100.00 -100.00 -100.00
 228     6.824 56914.46189328 49.08 268.482090  30.890690  1.214 -100.00 -100.00 -100.00
 229     8.509 56924.37753075 32.96 268.478269  30.883135 30.109 -100.00 -100.00 -100.00
 229     8.355 56924.37753134 38.18 268.479552  30.885541   -100 -100.00 -100.00 -100.00
 229     8.116 56924.37753193 30.30 268.480835  30.887946 22.599 -100.00 -100.00 -100.00
 229     8.274 56924.37753252 25.93 268.482118  30.890351 11.485 -100.00 -100.00 -100.00
 230     6.760 56934.29316687 33.46 268.480191  30.879833 30.832 -100.00 -100.00 -100.00
 230     6.473 56934.29316746 35.24 268.481473  30.882239   -100 -100.00 -100.00 -100.00
 230     6.707 56934.29316805 30.40 268.482756  30.884644 21.489 -100.00 -100.00 -100.00
 231    10.282 56944.20879685 30.56 268.482727  30.871827 28.195 -100.00 -100.00 -100.00
 231     6.432 56944.20879744 31.87 268.484009  30.874232   -100 -100.00 -100.00 -100.00
 231     6.652 56944.20879803 28.03 268.485292  30.876637 20.870 -100.00 -100.00 -100.00
 232    10.398 56954.12444499 28.35 268.483333  30.871766 17.071 -100.00 -100.00 -100.00
 232    10.841 56954.12444558 29.07 268.484616  30.874172 16.938 -100.00 -100.00 -100.00
 232    11.159 56954.12444617 26.47 268.485898  30.876577 12.013 -100.00 -100.00 -100.00
 233     8.075 56964.04009527 34.41 268.481370  30.873727 20.076 -100.00 -100.00 -100.00
 233     8.009 56964.04009586 33.35 268.482653  30.876132 16.885 -100.00 -100.00 -100.00
 233     7.967 56964.04009645 35.90 268.483936  30.878537 28.469 -100.00 -100.00 -100.00
 233     8.327 56964.04009704 38.62 268.485219  30.880943 31.991 -100.00 -100.00 -100.00
 234    10.363 56973.95574180 21.40 268.480962  30.878716 12.601 -100.00 -100.00 -100.00
 234    10.249 56973.95574239 25.07 268.482245  30.881121 22.356 -100.00 -100.00 -100.00
 234     6.126 56973.95574298 27.32 268.483528  30.883526 30.825 -100.00 -100.00 -100.00
 235    10.352 56983.87138278 19.34 268.479879  30.877402  9.003 -100.00 -100.00 -100.00
 235    10.440 56983.87138337 19.63 268.481162  30.879808 10.778 -100.00 -100.00 -100.00
 235    10.454 56983.87138396 20.81 268.482444  30.882213 13.214 -100.00 -100.00 -100.00
 235    15.091 56983.87138455 19.21 268.483727  30.884618  9.735 -100.00 -100.00 -100.00
 236    10.725 56993.78701888 21.12 268.482200  30.874349 11.104 -100.00 -100.00 -100.00
 236    12.632 56993.78701947 18.12 268.483482  30.876754  5.865 -100.00 -100.00 -100.00
 236    13.043 56993.78702006 18.20 268.484765  30.879160  6.576 -100.00 -100.00 -100.00
 237     7.317 57003.70265429 51.53 268.480115  30.860944   -100 -100.00 -100.00 -100.00
 237     7.044 57003.70265488 53.55 268.481397  30.863349   -100 -100.00 -100.00 -100.00
 237     7.309 57003.70265548 50.44 268.482680  30.865755   -100 -100.00 -100.00 -100.00
 237     7.203 57003.70265607 52.08 268.483963  30.868161 27.467 -100.00 -100.00 -100.00
 237     7.112 57003.70265666 47.03 268.485245  30.870566 13.686 -100.00 -100.00 -100.00
 237     7.052 57003.70265725 52.31 268.486528  30.872972   -100 -100.00 -100.00 -100.00
 238     9.007 57013.61831326 30.78 268.483054  30.871359 13.081 -100.00 -100.00 -100.00
 238     8.957 57013.61831385 31.61 268.484337  30.873765 15.484 -100.00 -100.00 -100.00
 238     8.926 57013.61831445 33.14 268.485620  30.876171 22.624 -100.00 -100.00 -100.00
 239     7.339 57023.53396510 32.53 268.481838  30.875081 23.564 -100.00 -100.00 -100.00
 239     7.273 57023.53396569 35.43 268.483121  30.877486   -100 -100.00 -100.00 -100.00
 239     7.309 57023.53396628 36.09 268.484404  30.879892   -100 -100.00 -100.00 -100.00
 240    10.018 57033.44961411 32.91 268.480544  30.878659 25.300 -100.00 -100.00 -100.00
 240     9.956 57033.44961470 33.34 268.481827  30.881064   -100 -100.00 -100.00 -100.00
 240    12.200 57033.44961529 29.78 268.483110  30.883470 20.321 -100.00 -100.00 -100.00
 241     8.740 57043.36525992 36.28 268.479433  30.878523   -100 -100.00 -100.00 -100.00
 241     8.917 57043.36526051 33.12 268.480716  30.880929 24.940 -100.00 -100.00 -100.00
 241     8.879 57043.36526110 35.15 268.481999  30.883334 30.598 -100.00 -100.00 -100.00
 241     9.063 57043.36526169 30.37 268.483283  30.885740 16.409 -100.00 -100.00 -100.00
 242     7.518 57053.28090359 40.74 268.480963  30.878790   -100 -100.00 -100.00 -100.00
 242     7.358 57053.28090418 43.26 268.482246  30.881196  3.048 -100.00 -100.00 -100.00
 242     7.248 57053.28090477 41.70 268.483529  30.883601  0.611 -100.00 -100.00 -100.00
 243     6.607 57063.19654146 35.31 268.481294  30.873015 27.214 -100.00 -100.00 -100.00
 243     6.580 57063.19654205 31.54 268.482577  30.875421 16.748 -100.00 -100.00 -100.00
 243    12.141 57063.19654264 29.39 268.483860  30.877826 12.138 -100.00 -100.00 -100.00
 243    12.426 57063.19654323 29.71 268.485143  30.880232 13.465 -100.00 -100.00 -100.00
 244    10.803 57073.11217462 30.31 268.482131  30.868551 14.342 -100.00 -100.00 -100.00
 244     6.416 57073.11217521 32.52 268.483414  30.870956 19.876 -100.00 -100.00 -100.00
 244    11.957 57073.11217580 28.25 268.484697  30.873362 12.976 -100.00 -100.00 -100.00
 244    12.304 57073.11217639 26.79 268.485980  30.875768  8.713 -100.00 -100.00 -100.00
 245     8.936 57083.02780332 45.73 268.480457  30.860791  5.324 -100.00 -100.00 -100.00
 245     8.660 57083.02780391 41.98 268.481740  30.863197 28.421 -100.00 -100.00 -100.00
 245     8.939 57083.02780450 33.55 268.483022  30.865603   -100 -100.00 -100.00 -100.00
 245     8.781 57083.02780509 29.82 268.484305  30.868009 23.073 -100.00 -100.00 -100.00
 245     8.669 57083.02780568 27.60 268.485588  30.870414 17.629 -100.00 -100.00 -100.00
 245     9.106 57083.02780627 27.41 268.486870  30.872820 16.586 -100.00 -100.00 -100.00
 246    11.372 57092.94345395 33.79 268.481854  30.871156 21.290 -100.00 -100.00 -100.00
 246    11.256 57092.94345454 35.82 268.483137  30.873562   -100 -100.00 -100.00 -100.00
 246    11.182 57092.94345513 38.51 268.484419  30.875967   -100 -100.00 -100.00 -100.00
 246    11.181 57092.94345572 36.44 268.485702  30.878373   -100 -100.00 -100.00 -100.00
 247    13.937 57102.85911278 37.30 268.480533  30.879503 28.380 -100.00 -100.00 -100.00
 247    13.793 57102.85911337 37.90 268.481816  30.881909   -100 -100.00 -100.00 -100.00
 247    13.847 57102.85911396 36.55 268.483099  30.884314   -100 -100.00 -100.00 -100.00
 248    14.933 57112.77476674 39.96 268.480049  30.881760   -100 -100.00 -100.00 -100.00
 248    14.830 57112.77476733 41.24 268.481332  30.884166   -100 -100.00 -100.00 -100.00
 248    15.092 57112.77476792 38.65 268.482615  30.886572 30.125 -100.00 -100.00 -100.00
 249    14.437 57122.69041357 38.28 268.479911  30.878239 26.937 -100.00 -100.00 -100.00
 249    14.415 57122.69041416 38.09 268.481194  30.880644 31.048 -100.00 -100.00 -100.00
 249    14.337 57122.69041475 37.02 268.482477  30.883050 30.107 -100.00 -100.00 -100.00
 249    14.304 57122.69041534 38.41 268.483760  30.885456   -100 -100.00 -100.00 -100.00
 250    14.077 57132.60605506 38.27 268.480452  30.875911   -100 -100.00 -100.00 -100.00
 250    14.075 57132.60605565 36.86 268.481735  30.878317 29.803 -100.00 -100.00 -100.00
 250    14.039 57132.60605624 36.69 268.483018  30.880723 29.644 -100.00 -100.00 -100.00
 250    13.988 57132.60605683 38.37 268.484301  30.883128   -100 -100.00 -100.00 -100.00
 251    14.986 57142.52169159 37.80 268.481012  30.873760 25.854 -100.00 -100.00 -100.00
 251    14.902 57142.52169218 37.28 268.482295  30.876165 25.600 -100.00 -100.00 -100.00
 251    14.796 57142.52169277 38.73 268.483578  30.878571   -100 -100.00 -100.00 -100.00
 251    14.789 57142.52169336 38.77 268.484861  30.880977   -100 -100.00 -100.00 -100.00
 252    14.183 57152.43732498 35.84 268.481459  30.871787 22.221 -100.00 -100.00 -100.00
 252    14.176 57152.43732557 38.93 268.482742  30.874193 32.181 -100.00 -100.00 -100.00
 252    14.095 57152.43732616 39.80 268.484024  30.876598   -100 -100.00 -100.00 -100.00
 252    14.089 57152.43732675 41.49 268.485307  30.879004   -100 -100.00 -100.00 -100.00
 253    12.547 57162.35295544 34.84 268.481824  30.866163 24.526 -100.00 -100.00 -100.00
 253    12.503 57162.35295603 35.40 268.483106  30.868569 29.478 -100.00 -100.00 -100.00
 253    12.394 57162.35295662 37.59 268.484389  30.870974   -100 -100.00 -100.00 -100.00
 253    12.398 57162.35295721 41.28 268.485672  30.873380   -100 -100.00 -100.00 -100.00
 254    13.139 57172.26861334 37.08 268.481783  30.871594   -100 -100.00 -100.00 -100.00
 254    13.131 57172.26861393 39.37 268.483066  30.874000   -100 -100.00 -100.00 -100.00
 254    13.105 57172.26861452 40.12 268.484348  30.876405   -100 -100.00 -100.00 -100.00
 254    13.149 57172.26861511 40.57 268.485631  30.878811   -100 -100.00 -100.00 -100.00
 255    14.028 57182.18426767 38.07 268.482169  30.873631 32.195 -100.00 -100.00 -100.00
 255    13.998 57182.18426827 37.41 268.483452  30.876037 32.138 -100.00 -100.00 -100.00
 255    13.969 57182.18426886 37.85 268.484735  30.878442   -100 -100.00 -100.00 -100.00
 256    13.835 57192.09991775 37.65 268.481623  30.873588   -100 -100.00 -100.00 -100.00
 256    13.824 57192.09991834 37.22 268.482906  30.875994 30.838 -100.00 -100.00 -100.00
 256    13.778 57192.09991893 37.30 268.484189  30.878399   -100 -100.00 -100.00 -100.00
 257    14.072 57202.01556559 40.56 268.480813  30.875151   -100 -100.00 -100.00 -100.00
 257    14.079 57202.01556618 39.08 268.482096  30.877556   -100 -100.00 -100.00 -100.00
 257    14.074 57202.01556677 38.14 268.483379  30.879962   -100 -100.00 -100.00 -100.00
 257    14.031 57202.01556736 37.30 268.484662  30.882367 32.381 -100.00 -100.00 -100.00
 258    15.510 57211.93120032 38.10 268.480383  30.877751 27.223 -100.00 -100.00 -100.00
 258    15.148 57211.93120091 36.62 268.481666  30.880156 25.148 -100.00 -100.00 -100.00
 258    15.059 57211.93120150 39.36 268.482949  30.882561   -100 -100.00 -100.00 -100.00
 258    15.284 57211.93120209 38.73 268.484232  30.884966   -100 -100.00 -100.00 -100.00
 259    15.755 57221.84684479 38.67 268.481071  30.879459 32.165 -100.00 -100.00 -100.00
 259    15.815 57221.84684538 38.57 268.482354  30.881864 31.341 -100.00 -100.00 -100.00
 259    15.949 57221.84684597 39.36 268.483637  30.884269 29.595 -100.00 -100.00 -100.00
 260    16.319 57231.76248671 40.08 268.480546  30.875829   -100 -100.00 -100.00 -100.00
 260    15.986 57231.76248730 39.21 268.481829  30.878234   -100 -100.00 -100.00 -100.00
 260    15.947 57231.76248789 38.24 268.483111  30.880640 30.820 -100.00 -100.00 -100.00
 260    16.084 57231.76248848 39.86 268.484394  30.883045   -100 -100.00 -100.00 -100.00
 261    15.137 57241.67812681 38.15 268.482192  30.875068 29.863 -100.00 -100.00 -100.00
 261    15.129 57241.67812740 38.67 268.483475  30.877473 32.637 -100.00 -100.00 -100.00
 261    15.112 57241.67812799 38.96 268.484758  30.879879   -100 -100.00 -100.00 -100.00
 262    12.671 57251.59376372 35.87 268.482958  30.872350 32.342 -100.00 -100.00 -100.00
 262    12.520 57251.59376431 33.64 268.484241  30.874755 23.570 -100.00 -100.00 -100.00
 262    12.537 57251.59376490 31.87 268.485524  30.877161 19.635 -100.00 -100.00 -100.00
 263    12.721 57261.50939791 32.56 268.481694  30.867233 21.852 -100.00 -100.00 -100.00
 263    12.624 57261.50939850 32.57 268.482976  30.869639 21.727 -100.00 -100.00 -100.00
 263    12.561 57261.50939909 31.67 268.484259  30.872044 18.265 -100.00 -100.00 -100.00
 263    14.517 57261.50939968 31.23 268.485542  30.874450 19.370 -100.00 -100.00 -100.00
 264    12.580 57271.42503070 32.08 268.480175  30.861976 25.648 -100.00 -100.00 -100.00
 264    12.700 57271.42503129 29.93 268.481457  30.864382 18.605 -100.00 -100.00 -100.00
 264    12.451 57271.42503188 31.39 268.482740  30.866787 23.581 -100.00 -100.00 -100.00
 264    12.326 57271.42503247 31.71 268.484022  30.869193 23.931 -100.00 -100.00 -100.00
 264    12.197 57271.42503306 30.17 268.485305  30.871598 19.837 -100.00 -100.00 -100.00
 264    12.206 57271.42503365 27.82 268.486587  30.874003 13.693 -100.00 -100.00 -100.00
 265     6.363 57281.34068902 43.24 268.481531  30.872859 31.128 -100.00 -100.00 -100.00
 265     6.359 57281.34068961 48.44 268.482814  30.875265   -100 -100.00 -100.00 -100.00
 265     6.140 57281.34069020 52.65 268.484096  30.877670   -100 -100.00 -100.00 -100.00
 265     5.864 57281.34069079 51.67 268.485379  30.880076   -100 -100.00 -100.00 -100.00
 266    11.327 57291.25634475 40.01 268.481586  30.877236   -100 -100.00 -100.00 -100.00
 266     5.913 57291.25634534 43.71 268.482869  30.879642  6.778 -100.00 -100.00 -100.00
 266     5.897 57291.25634593 43.05 268.484151  30.882047 17.094 -100.00 -100.00 -100.00
 267     5.150 57301.17199626 37.44 268.480403  30.876287   -100 -100.00 -100.00 -100.00
 267     5.419 57301.17199685 37.20 268.481686  30.878693   -100 -100.00 -100.00 -100.00
 267     5.303 57301.17199744 39.21 268.482969  30.881098   -100 -100.00 -100.00 -100.00
 267     5.656 57301.17199803 40.80 268.484251  30.883503   -100 -100.00 -100.00 -100.00
 268     7.129 57311.08764499 42.23 268.481435  30.878217 16.800 -100.00 -100.00 -100.00
 268     5.743 57311.08764558 54.70 268.482718  30.880622   -100 -100.00 -100.00 -100.00
 268     5.749 57311.08764617 53.56 268.484001  30.883027 19.031 -100.00 -100.00 -100.00
 269    12.681 57321.00328999 23.95 268.480120  30.878116  8.887 -100.00 -100.00 -100.00
 269    12.810 57321.00329058 25.37 268.481403  30.880521 10.130 -100.00 -100.00 -100.00
 269    14.461 57321.00329117 23.61 268.482686  30.882927  7.687 -100.00 -100.00 -100.00
 269    14.538 57321.00329177 23.13 268.483969  30.885332  6.482 -100.00 -100.00 -100.00
 270     6.533 57330.91893346 37.11 268.480298  30.881384 27.738 -100.00 -100.00 -100.00
 270    12.527 57330.91893405 29.45 268.481581  30.883789  8.163 -100.00 -100.00 -100.00
 270    12.882 57330.91893464 28.60 268.482864  30.886195  8.984 -100.00 -100.00 -100.00
 271     6.938 57340.83457395 35.98 268.479766  30.880082   -100 -100.00 -100.00 -100.00
 271     7.012 57340.83457454 34.70 268.481049  30.882488   -100 -100.00 -100.00 -100.00
 271     6.937 57340.83457513 32.12 268.482332  30.884893   -100 -100.00 -100.00 -100.00
 271     7.103 57340.83457572 33.23 268.483615  30.887298   -100 -100.00 -100.00 -100.00
 272     9.403 57350.75022519 36.39 268.478987  30.880958   -100 -100.00 -100.00 -100.00
 272     9.417 57350.75022578 34.25 268.480270  30.883364   -100 -100.00 -100.00 -100.00
 272    12.543 57350.75022637 29.42 268.481553  30.885769 24.486 -100.00 -100.00 -100.00
 272    13.838 57350.75022696 26.56 268.482837  30.888175 17.602 -100.00 -100.00 -100.00
 273    11.408 57360.66587025 35.82 268.479841  30.878820   -100 -100.00 -100.00 -100.00
 273    11.616 57360.66587084 34.81 268.481124  30.881225   -100 -100.00 -100.00 -100.00
 273    11.469 57360.66587143 35.39 268.482407  30.883631   -100 -100.00 -100.00 -100.00
 273    12.545 57360.66587202 32.27 268.483691  30.886036 31.319 -100.00 -100.00 -100.00
 274    13.416 57370.58151227 37.14 268.481523  30.877608   -100 -100.00 -100.00 -100.00
 274    13.431 57370.58151286 37.03 268.482806  30.880014   -100 -100.00 -100.00 -100.00
 274    13.394 57370.58151345 37.28 268.484090  30.882420   -100 -100.00 -100.00 -100.00
 275    13.311 57380.49715170 49.78 268.481908  30.876451  9.975 -100.00 -100.00 -100.00
 275    13.306 57380.49715229 47.79 268.483192  30.878856  0.732 -100.00 -100.00 -100.00
 275    13.329 57380.49715288 45.99 268.484475  30.881262   -100 -100.00 -100.00 -100.00
 276    14.432 57390.41278952 39.85 268.481327  30.873573   -100 -100.00 -100.00 -100.00
 276    14.418 57390.41279011 38.40 268.482610  30.875979 25.678 -100.00 -100.00 -100.00
 276    14.385 57390.41279070 37.84 268.483893  30.878384 27.754 -100.00 -100.00 -100.00
 276    14.346 57390.41279129 37.92 268.485176  30.880790 29.224 -100.00 -100.00 -100.00
 277    17.372 57400.32842671 53.32 268.482829  30.871965   -100 -100.00 -100.00 -100.00
 277    17.280 57400.32842730 54.58 268.484112  30.874371  2.934 -100.00 -100.00 -100.00
 277    17.202 57400.32842789 52.96 268.485395  30.876777  5.040 -100.00 -100.00 -100.00
 278    17.539 57410.24406423 43.85 268.481119  30.864066   -100 -100.00 -100.00 -100.00
 278    17.475 57410.24406482 42.84 268.482401  30.866471   -100 -100.00 -100.00 -100.00
 278    17.537 57410.24406541 41.42 268.483684  30.868877 32.318 -100.00 -100.00 -100.00
 278    17.479 57410.24406600 42.83 268.484966  30.871283   -100 -100.00 -100.00 -100.00
 278    17.444 57410.24406659 44.04 268.486249  30.873688   -100 -100.00 -100.00 -100.00
 279    15.061 57420.15971800 40.20 268.482711  30.871629 31.574 -100.00 -100.00 -100.00
 279    15.073 57420.15971859 39.36 268.483994  30.874035 31.684 -100.00 -100.00 -100.00
 279    15.168 57420.15971918 40.84 268.485277  30.876441   -100 -100.00 -100.00 -100.00
 280    12.910 57430.07536833 35.92 268.481404  30.875317 27.910 -100.00 -100.00 -100.00
 280    12.852 57430.07536892 35.22 268.482687  30.877723 25.355 -100.00 -100.00 -100.00
 280    12.734 57430.07536951 37.31 268.483970  30.880128   -100 -100.00 -100.00 -100.00
 281    13.206 57439.99101652 46.77 268.479663  30.878105   -100 -100.00 -100.00 -100.00
 281    13.210 57439.99101711 51.72 268.480946  30.880510 13.594 -100.00 -100.00 -100.00
 281    13.209 57439.99101770 45.34 268.482229  30.882916   -100 -100.00 -100.00 -100.00
 281    13.235 57439.99101829 43.69 268.483513  30.885321   -100 -100.00 -100.00 -100.00
 282    13.021 57449.90666411 35.13 268.479859  30.881495 27.101 -100.00 -100.00 -100.00
 282    12.971 57449.90666470 35.33 268.481143  30.883901 25.991 -100.00 -100.00 -100.00
 282    12.953 57449.90666529 31.79 268.482426  30.886307 16.605 -100.00 -100.00 -100.00
 283    14.466 57459.82230943 37.87 268.479460  30.880609 25.026 -100.00 -100.00 -100.00
 283    14.380 57459.82231003 37.47 268.480743  30.883014 26.496 -100.00 -100.00 -100.00
 283    14.415 57459.82231062 37.03 268.482026  30.885420 24.702 -100.00 -100.00 -100.00
 283    14.299 57459.82231121 39.26 268.483310  30.887826   -100 -100.00 -100.00 -100.00
 284    15.758 57469.73795153 39.31 268.480970  30.878801 23.604 -100.00 -100.00 -100.00
 284    15.714 57469.73795212 40.15 268.482253  30.881207 27.959 -100.00 -100.00 -100.00
 284    15.701 57469.73795271 40.92 268.483536  30.883613   -100 -100.00 -100.00 -100.00
 285    15.094 57479.65358879 39.73 268.481847  30.873824   -100 -100.00 -100.00 -100.00
 285    15.203 57479.65358938 38.95 268.483130  30.876230   -100 -100.00 -100.00 -100.00
 285    15.157 57479.65358997 39.77 268.484413  30.878635   -100 -100.00 -100.00 -100.00
 286    13.843 57489.56922282 35.74 268.482130  30.869207 21.842 -100.00 -100.00 -100.00
 286    13.814 57489.56922341 37.02 268.483413  30.871613 26.894 -100.00 -100.00 -100.00
 286    13.735 57489.56922400 36.53 268.484696  30.874019 27.113 -100.00 -100.00 -100.00
 286    13.680 57489.56922459 39.73 268.485979  30.876425   -100 -100.00 -100.00 -100.00
 287    13.077 57499.48485342 56.78 268.479926  30.859547   -100 -100.00 -100.00 -100.00
 287    13.102 57499.48485401 56.77 268.481208  30.861953   -100 -100.00 -100.00 -100.00
 287    13.125 57499.48485460 57.23 268.482491  30.864359   -100 -100.00 -100.00 -100.00
 287    13.154 57499.48485519 54.84 268.483774  30.866765 31.387 -100.00 -100.00 -100.00
 287    13.194 57499.48485578 50.80 268.485057  30.869171  5.426 -100.00 -100.00 -100.00
 287    13.217 57499.48485637 49.47 268.486340  30.871576   -100 -100.00 -100.00 -100.00
 288    12.530 57509.40049716 36.83 268.480197  30.861019 27.718 -100.00 -100.00 -100.00
 288    12.511 57509.40049775 35.73 268.481480  30.863425 25.197 -100.00 -100.00 -100.00
 288    12.619 57509.40049834 32.95 268.482763  30.865830 16.338 -100.00 -100.00 -100.00
 288    12.418 57509.40049893 36.04 268.484045  30.868236 29.674 -100.00 -100.00 -100.00
 288    12.661 57509.40049952 33.66 268.485328  30.870642 20.240 -100.00 -100.00 -100.00
 288    12.716 57509.40050011 37.62 268.486611  30.873047   -100 -100.00 -100.00 -100.00
 289    13.282 57519.31615498 36.48 268.482344  30.872254 30.605 -100.00 -100.00 -100.00
 289    13.224 57519.31615557 40.79 268.483626  30.874659   -100 -100.00 -100.00 -100.00
 289    13.232 57519.31615616 39.24 268.484909  30.877065   -100 -100.00 -100.00 -100.00
 290    13.657 57529.23180778 38.76 268.481247  30.873448   -100 -100.00 -100.00 -100.00
 290    13.655 57529.23180837 36.96 268.482530  30.875854 28.242 -100.00 -100.00 -100.00
 290    13.591 57529.23180896 36.96 268.483813  30.878259   -100 -100.00 -100.00 -100.00
 290    13.567 57529.23180955 37.13 268.485096  30.880665   -100 -100.00 -100.00 -100.00
 291    13.041 57539.14745771 38.44 268.481758  30.874883   -100 -100.00 -100.00 -100.00
 291    13.025 57539.14745830 37.64 268.483041  30.877289   -100 -100.00 -100.00 -100.00
 291    12.968 57539.14745889 37.00 268.484324  30.879694   -100 -100.00 -100.00 -100.00
 292    12.783 57549.06310497 36.73 268.481832  30.875711 22.867 -100.00 -100.00 -100.00
 292    12.736 57549.06310556 35.66 268.483115  30.878117 19.888 -100.00 -100.00 -100.00
 292    12.676 57549.06310615 34.89 268.484398  30.880522 17.301 -100.00 -100.00 -100.00
 293    12.520 57558.97875092 34.83 268.480941  30.876011 29.132 -100.00 -100.00 -100.00
 293    12.449 57558.97875151 33.36 268.482224  30.878416 23.688 -100.00 -100.00 -100.00
 293    12.353 57558.97875210 30.93 268.483507  30.880821 17.288 -100.00 -100.00 -100.00
 294    12.270 57568.89439659 37.54 268.480678  30.877522   -100 -100.00 -100.00 -100.00
 294     9.070 57568.89439718 39.67 268.481961  30.879928  1.256 -100.00 -100.00 -100.00
 294     9.365 57568.89439777 32.61 268.483244  30.882333 29.798 -100.00 -100.00 -100.00
 295    12.130 57578.81004151 38.06 268.480502  30.877256   -100 -100.00 -100.00 -100.00
 295    12.074 57578.81004210 32.31 268.481785  30.879661 20.386 -100.00 -100.00 -100.00
 295     9.010 57578.81004269 31.03 268.483068  30.882067 21.369 -100.00 -100.00 -100.00
 295     8.997 57578.81004328 29.75 268.484351  30.884472 19.525 -100.00 -100.00 -100.00
 296    10.599 57588.72568507 45.54 268.481569  30.877417   -100 -100.00 -100.00 -100.00
 296    10.207 57588.72568567 51.88 268.482852  30.879822   -100 -100.00 -100.00 -100.00
 296    10.402 57588.72568626 51.65 268.484135  30.882228 28.341 -100.00 -100.00 -100.00
 297     8.184 57598.64132569 40.26 268.481844  30.876576   -100 -100.00 -100.00 -100.00
 297     8.219 57598.64132628 40.64 268.483127  30.878981   -100 -100.00 -100.00 -100.00
 297     8.250 57598.64132687 40.35 268.484409  30.881387   -100 -100.00 -100.00 -100.00
