#  150.000  -1.392   8.397 ;Mean Elev.(m), Avg Gradient(m/km), RMS Gradient(m/km) - SRTM1     
#  145.005  -1.361   8.655 ;Mean Elev.(m), Avg Gradient(m/km), RMS Gradient(m/km) - ASTER GDEM
#  150.000   0.121   8.767 ;Mean Elev.(m), Avg Gradient(m/km), RMS Gradient(m/km) - GMTED2010 
   1   184.293 54667.59509247 10.80 268.497830  40.086053 11.200 -100.00 -100.00 -100.00
   1   184.358 54667.59509306  7.46 268.499497  40.088364  6.075 -100.00 -100.00 -100.00
   2   191.229 54677.51073722 10.14 268.497420  40.088485  3.549 -100.00 -100.00 -100.00
   2   190.357 54677.51073781  9.92 268.499087  40.090796  4.197 -100.00 -100.00 -100.00
   2   190.613 54677.51073840  9.35 268.500754  40.093107  4.608 -100.00 -100.00 -100.00
   3   139.124 54687.42638035 15.30 268.497146  40.089804  8.377 -100.00 -100.00 -100.00
   3   141.039 54687.42638094 20.34 268.498812  40.092115 12.580 -100.00 -100.00 -100.00
   3   143.148 54687.42638153 28.66 268.500479  40.094426 19.043 -100.00 -100.00 -100.00
   4   200.483 54697.34202113 22.11 268.497621  40.088345 17.758 -100.00 -100.00 -100.00
   4   197.073 54697.34202172 23.91 268.499287  40.090656 12.237 -100.00 -100.00 -100.00
   4   193.968 54697.34202231 25.90 268.500954  40.092967 16.405 -100.00 -100.00 -100.00
   5   144.548 54707.25766143 35.22 268.497897  40.084193 16.515 -100.00 -100.00 -100.00
   5   144.359 54707.25766202 36.95 268.499563  40.086504 20.890 -100.00 -100.00 -100.00
   6   143.674 54717.17331350 39.43 268.498662  40.085386   -100 -100.00 -100.00 -100.00
   6   143.454 54717.17331409 45.68 268.500329  40.087697   -100 -100.00 -100.00 -100.00
   7   146.277 54727.08896302 43.68 268.498575  40.086172 29.112 -100.00 -100.00 -100.00
   7   145.797 54727.08896361 50.04 268.500242  40.088483 11.129 -100.00 -100.00 -100.00
   8   199.138 54737.00461149 10.01 268.497901  40.089305  7.448 -100.00 -100.00 -100.00
   8   201.009 54737.00461208  8.55 268.499568  40.091615  4.592 -100.00 -100.00 -100.00
   9   145.661 54746.92025975 34.47 268.496705  40.093117   -100 -100.00 -100.00 -100.00
   9   143.486 54746.92026034 34.18 268.498372  40.095428   -100 -100.00 -100.00 -100.00
   9   143.440 54746.92026093 32.33 268.500039  40.097739 26.382 -100.00 -100.00 -100.00
  10   144.075 54756.83590757 40.99 268.496278  40.096112   -100 -100.00 -100.00 -100.00
  10   143.879 54756.83590816 40.83 268.497945  40.098422   -100 -100.00 -100.00 -100.00
  11   146.189 54766.75155288 26.25 268.496539  40.095225 23.391 -100.00 -100.00 -100.00
  11   146.193 54766.75155347 23.28 268.498206  40.097536 12.819 -100.00 -100.00 -100.00
  12   145.745 54776.66719406 25.65 268.496173  40.089802 21.144 -100.00 -100.00 -100.00
  12   145.719 54776.66719465 26.24 268.497840  40.092113 22.307 -100.00 -100.00 -100.00
  12   145.820 54776.66719524 25.58 268.499507  40.094424 14.698 -100.00 -100.00 -100.00
  13   184.550 54786.58283324 11.56 268.496888  40.086680 11.333 -100.00 -100.00 -100.00
  13   183.937 54786.58283383  8.71 268.498555  40.088991  7.314 -100.00 -100.00 -100.00
  13   183.775 54786.58283442  8.10 268.500223  40.091302  7.775 -100.00 -100.00 -100.00
  14   184.014 54796.49847153 18.00 268.497481  40.086193 19.756 -100.00 -100.00 -100.00
  14   183.744 54796.49847212 12.17 268.499148  40.088504  8.817 -100.00 -100.00 -100.00
  14   198.050 54796.49847271  9.81 268.500815  40.090815  6.901 -100.00 -100.00 -100.00
  15   173.319 54806.41410941 23.53 268.498088  40.086683 30.208 -100.00 -100.00 -100.00
  15   183.555 54806.41411000 18.01 268.499755  40.088995 15.367 -100.00 -100.00 -100.00
  16   199.958 54816.32974619 26.73 268.498231  40.084950 15.834 -100.00 -100.00 -100.00
  16   195.964 54816.32974678 25.91 268.499898  40.087262 19.109 -100.00 -100.00 -100.00
  17   184.331 54826.24539429 12.48 268.498330  40.086977  5.044 -100.00 -100.00 -100.00
  17   183.898 54826.24539488 12.69 268.499997  40.089288  5.783 -100.00 -100.00 -100.00
  18   201.503 54836.16103361 25.72 268.496708  40.088522 18.901 -100.00 -100.00 -100.00
  18   198.276 54836.16103420 26.96 268.498375  40.090833 14.809 -100.00 -100.00 -100.00
  18   192.546 54836.16103479 27.81 268.500042  40.093144   -100 -100.00 -100.00 -100.00
  19   195.088 54846.07668387 16.06 268.495807  40.092683  9.859 -100.00 -100.00 -100.00
  19   195.132 54846.07668446 13.21 268.497474  40.094994  6.764 -100.00 -100.00 -100.00
  19   176.691 54846.07668505 17.40 268.499141  40.097305 14.257 -100.00 -100.00 -100.00
  20   196.742 54855.99233373 14.62 268.495691  40.096902  7.045 -100.00 -100.00 -100.00
  20   186.295 54855.99233432 12.54 268.497358  40.099213  4.755 -100.00 -100.00 -100.00
  21   182.669 54865.90798328 12.43 268.495241  40.099372  4.955 -100.00 -100.00 -100.00
  21   181.757 54865.90798387 14.47 268.496909  40.101683  9.465 -100.00 -100.00 -100.00
  22   201.297 54875.82363232 21.69 268.495952  40.100795 11.163 -100.00 -100.00 -100.00
  22   199.099 54875.82363291 20.81 268.497620  40.103106  9.818 -100.00 -100.00 -100.00
  23   197.902 54885.73927786 15.07 268.496589  40.099156  5.152 -100.00 -100.00 -100.00
  23   201.825 54885.73927845 25.05 268.498256  40.101467 10.879 -100.00 -100.00 -100.00
  24   145.990 54895.65491979 31.17 268.497007  40.097053   -100 -100.00 -100.00 -100.00
  24   146.051 54895.65492038 28.08 268.498675  40.099364   -100 -100.00 -100.00 -100.00
  25   146.998 54905.57055870 38.82 268.496183  40.094614   -100 -100.00 -100.00 -100.00
  25   146.746 54905.57055929 39.74 268.497850  40.096925   -100 -100.00 -100.00 -100.00
  25   147.041 54905.57055988 37.66 268.499518  40.099236 32.578 -100.00 -100.00 -100.00
  26   145.550 54915.48619685 42.65 268.496773  40.094689   -100 -100.00 -100.00 -100.00
  26   145.507 54915.48619744 43.83 268.498440  40.097000   -100 -100.00 -100.00 -100.00
  27   145.910 54925.40183438 46.22 268.496886  40.094016   -100 -100.00 -100.00 -100.00
  27   145.916 54925.40183497 51.03 268.498553  40.096327  5.765 -100.00 -100.00 -100.00
  28   200.010 54935.31747069 10.76 268.496807  40.090886  3.824 -100.00 -100.00 -100.00
  28   190.885 54935.31747128  9.12 268.498474  40.093198  3.380 -100.00 -100.00 -100.00
  28   190.357 54935.31747187  9.08 268.500141  40.095509  3.893 -100.00 -100.00 -100.00
  29   200.408 54945.23310456 15.09 268.496926  40.084991  5.565 -100.00 -100.00 -100.00
  29   199.589 54945.23310515 13.48 268.498592  40.087302  4.490 -100.00 -100.00 -100.00
  29   201.163 54945.23310574 26.95 268.500259  40.089613 15.411 -100.00 -100.00 -100.00
  30   184.305 54955.14873672 14.05 268.500161  40.081287 12.409 -100.00 -100.00 -100.00
  30   202.141 54955.14873731  8.20 268.501828  40.083598  3.420 -100.00 -100.00 -100.00
  31   183.822 54965.06438344 12.41 268.499639  40.081247 10.684 -100.00 -100.00 -100.00
  31   183.808 54965.06438403  9.67 268.501305  40.083558  6.782 -100.00 -100.00 -100.00
  32   174.068 54974.98003168 17.29 268.497961  40.082824 23.779 -100.00 -100.00 -100.00
  32   173.211 54974.98003227 17.63 268.499628  40.085135 26.734 -100.00 -100.00 -100.00
  32   184.110 54974.98003286  9.35 268.501295  40.087446  8.119 -100.00 -100.00 -100.00
  33   190.868 54984.89568001 15.05 268.496865  40.085617  4.209 -100.00 -100.00 -100.00
  33   190.220 54984.89568061 14.92 268.498532  40.087928  4.548 -100.00 -100.00 -100.00
  33   189.514 54984.89568120 14.01 268.500199  40.090239  4.384 -100.00 -100.00 -100.00
  34   145.525 54994.81132825 31.58 268.496643  40.087645 18.969 -100.00 -100.00 -100.00
  34   144.981 54994.81132884 34.98 268.498310  40.089957   -100 -100.00 -100.00 -100.00
  34   145.534 54994.81132943 34.68 268.499977  40.092268 27.181 -100.00 -100.00 -100.00
  35   201.666 55004.72697523 17.71 268.497240  40.090013  7.887 -100.00 -100.00 -100.00
  35   202.223 55004.72697582 22.34 268.498907  40.092324 19.491 -100.00 -100.00 -100.00
  35   199.127 55004.72697641 23.98 268.500574  40.094635 13.707 -100.00 -100.00 -100.00
  36   145.705 55014.64261989 27.46 268.497540  40.092156 22.936 -100.00 -100.00 -100.00
  36   145.081 55014.64262048 30.10 268.499207  40.094467 30.953 -100.00 -100.00 -100.00
  36   144.584 55014.64262107 32.27 268.500874  40.096778   -100 -100.00 -100.00 -100.00
  37   144.965 55024.55826263 42.89 268.496674  40.092669   -100 -100.00 -100.00 -100.00
  37   144.792 55024.55826322 45.31 268.498341  40.094980   -100 -100.00 -100.00 -100.00
  37   144.911 55024.55826381 47.36 268.500009  40.097291   -100 -100.00 -100.00 -100.00
  38   144.577 55034.47390474 43.12 268.496008  40.093530 28.006 -100.00 -100.00 -100.00
  38   144.217 55034.47390533 47.30 268.497675  40.095841   -100 -100.00 -100.00 -100.00
  38   144.535 55034.47390592 51.21 268.499342  40.098152   -100 -100.00 -100.00 -100.00
  39   145.972 55044.38954586 24.82 268.496477  40.092859 21.866 -100.00 -100.00 -100.00
  39   145.929 55044.38954645 25.54 268.498144  40.095170 20.706 -100.00 -100.00 -100.00
  39   143.527 55044.38954704 28.20 268.499811  40.097481 29.621 -100.00 -100.00 -100.00
  40   200.086 55054.30518455  6.78 268.497284  40.088309  5.440 -100.00 -100.00 -100.00
  40   200.147 55054.30518514  7.46 268.498950  40.090620  6.277 -100.00 -100.00 -100.00
  40   200.562 55054.30518573 14.79 268.500617  40.092931 15.810 -100.00 -100.00 -100.00
  41   173.374 55064.22082114 17.23 268.498944  40.083883 23.992 -100.00 -100.00 -100.00
  41   183.827 55064.22082173 13.58 268.500610  40.086194 13.992 -100.00 -100.00 -100.00
  42   146.400 55074.13646716 41.89 268.497979  40.083094 31.962 -100.00 -100.00 -100.00
  42   146.391 55074.13646775 45.38 268.499645  40.085405   -100 -100.00 -100.00 -100.00
  42   146.193 55074.13646834 49.45 268.501311  40.087716   -100 -100.00 -100.00 -100.00
  43   200.174 55084.05211561 28.03 268.496817  40.085939   -100 -100.00 -100.00 -100.00
  43   199.686 55084.05211620 20.96 268.498483  40.088250 14.742 -100.00 -100.00 -100.00
  43   196.888 55084.05211679 29.99 268.500150  40.090561   -100 -100.00 -100.00 -100.00
  44   183.653 55093.96776342 10.35 268.497490  40.091682  9.330 -100.00 -100.00 -100.00
  44   184.648 55093.96776401  8.39 268.499157  40.093993  7.111 -100.00 -100.00 -100.00
  44   185.032 55093.96776460  8.92 268.500825  40.096304  5.548 -100.00 -100.00 -100.00
  45   145.506 55103.88341019 34.94 268.496582  40.092804   -100 -100.00 -100.00 -100.00
  45   145.840 55103.88341078 27.79 268.498249  40.095115 26.247 -100.00 -100.00 -100.00
  45   143.641 55103.88341137 26.04 268.499917  40.097425 21.702 -100.00 -100.00 -100.00
  46   145.976 55113.79905656 29.31 268.496265  40.092618   -100 -100.00 -100.00 -100.00
  46   146.294 55113.79905715 23.25 268.497932  40.094929 12.171 -100.00 -100.00 -100.00
  46   146.154 55113.79905774 23.91 268.499599  40.097239 14.384 -100.00 -100.00 -100.00
  47   183.953 55123.71470010 12.28 268.496197  40.090281  8.140 -100.00 -100.00 -100.00
  47   184.313 55123.71470069  9.97 268.497864  40.092592  5.223 -100.00 -100.00 -100.00
  47   184.926 55123.71470128  8.96 268.499531  40.094903  4.754 -100.00 -100.00 -100.00
  48   190.370 55133.63034081 10.35 268.496603  40.088201  6.133 -100.00 -100.00 -100.00
  48   184.449 55133.63034140  8.79 268.498270  40.090512  4.837 -100.00 -100.00 -100.00
  48   189.261 55133.63034199  7.67 268.499937  40.092823  4.355 -100.00 -100.00 -100.00
  49   184.344 55143.54597970  9.53 268.497665  40.088164  7.060 -100.00 -100.00 -100.00
  49   183.979 55143.54598029  9.04 268.499332  40.090475  5.960 -100.00 -100.00 -100.00
  49   183.653 55143.54598088  7.86 268.500999  40.092786  5.340 -100.00 -100.00 -100.00
  50   201.684 55153.46161779 11.34 268.497889  40.088690  4.927 -100.00 -100.00 -100.00
  50   201.845 55153.46161838 15.88 268.499557  40.091001  7.114 -100.00 -100.00 -100.00
  51   198.935 55163.37725595 16.13 268.498063  40.088333  7.796 -100.00 -100.00 -100.00
  51   199.158 55163.37725654 13.15 268.499730  40.090644  6.450 -100.00 -100.00 -100.00
  52   199.103 55173.29289316 18.28 268.497294  40.085015 15.586 -100.00 -100.00 -100.00
  52   200.166 55173.29289375 22.66 268.498960  40.087326 28.744 -100.00 -100.00 -100.00
  52   196.636 55173.29289434 25.12 268.500627  40.089637 15.809 -100.00 -100.00 -100.00
  53   145.013 55183.20853030 41.07 268.498910  40.083513 14.930 -100.00 -100.00 -100.00
  53   144.110 55183.20853089 48.16 268.500577  40.085824   -100 -100.00 -100.00 -100.00
  54   202.103 55193.12418219 25.56 268.498361  40.087708 26.801 -100.00 -100.00 -100.00
  54   198.923 55193.12418278 27.29 268.500028  40.090019 24.064 -100.00 -100.00 -100.00
  55   197.023 55203.03983296 18.80 268.496828  40.092372 27.266 -100.00 -100.00 -100.00
  55   201.592 55203.03983355 27.06 268.498495  40.094683 18.478 -100.00 -100.00 -100.00
  55   197.986 55203.03983415 28.09 268.500162  40.096994 16.295 -100.00 -100.00 -100.00
  56   202.012 55212.95548326 17.62 268.496163  40.096704 15.426 -100.00 -100.00 -100.00
  56   196.336 55212.95548385 14.22 268.497830  40.099015 11.802 -100.00 -100.00 -100.00
  57   195.489 55222.87113286 17.62 268.496644  40.098854  6.160 -100.00 -100.00 -100.00
  57   178.402 55222.87113345 15.53 268.498312  40.101165  9.078 -100.00 -100.00 -100.00
  58   191.237 55232.78677986 22.98 268.495413  40.095391 12.044 -100.00 -100.00 -100.00
  58   189.818 55232.78678045 25.81 268.497080  40.097703 22.259 -100.00 -100.00 -100.00
  58   190.934 55232.78678104 13.05 268.498748  40.100014 13.321 -100.00 -100.00 -100.00
  59   144.649 55242.70242429 42.87 268.497389  40.094037 28.607 -100.00 -100.00 -100.00
  59   143.976 55242.70242488 48.37 268.499056  40.096349 19.345 -100.00 -100.00 -100.00
  60   144.421 55252.61806473 40.93 268.496182  40.091144 29.299 -100.00 -100.00 -100.00
  60   144.173 55252.61806532 45.30 268.497850  40.093456   -100 -100.00 -100.00 -100.00
  60   143.878 55252.61806591 49.49 268.499517  40.095767 31.024 -100.00 -100.00 -100.00
  61   184.877 55262.53370401 11.86 268.496995  40.093971  4.626 -100.00 -100.00 -100.00
  61   177.963 55262.53370460 16.19 268.498663  40.096283 11.756 -100.00 -100.00 -100.00
  62   147.391 55272.44934162 50.20 268.496612  40.094553  0.471 -100.00 -100.00 -100.00
  62   147.367 55272.44934221 52.12 268.498279  40.096864  2.347 -100.00 -100.00 -100.00
  63   147.090 55282.36497846 39.02 268.496906  40.092244   -100 -100.00 -100.00 -100.00
  63   147.136 55282.36497905 35.80 268.498574  40.094555 31.590 -100.00 -100.00 -100.00
  63   147.113 55282.36497964 37.37 268.500241  40.096867   -100 -100.00 -100.00 -100.00
  64   184.521 55292.28061341 11.51 268.497229  40.086399  7.747 -100.00 -100.00 -100.00
  64   184.279 55292.28061401 11.29 268.498896  40.088710  6.866 -100.00 -100.00 -100.00
  64   183.902 55292.28061460  8.83 268.500563  40.091022  4.295 -100.00 -100.00 -100.00
  65   202.711 55302.19624714 23.09 268.498202  40.080616 25.265 -100.00 -100.00 -100.00
  65   198.862 55302.19624773 26.31 268.499869  40.082927 18.282 -100.00 -100.00 -100.00
  65   194.275 55302.19624832 13.12 268.501536  40.085238 13.205 -100.00 -100.00 -100.00
  66   180.065 55312.11189481 16.43 268.498056  40.081675 13.180 -100.00 -100.00 -100.00
  66   188.547 55312.11189540 13.45 268.499722  40.083987  9.988 -100.00 -100.00 -100.00
  66   181.081 55312.11189599 14.52 268.501389  40.086298 11.688 -100.00 -100.00 -100.00
  67   200.925 55322.02754046 16.98 268.497146  40.083746 15.162 -100.00 -100.00 -100.00
  67   201.535 55322.02754105 11.69 268.498813  40.086057  8.477 -100.00 -100.00 -100.00
  67   197.825 55322.02754164  7.00 268.500480  40.088369  5.224 -100.00 -100.00 -100.00
  68   199.455 55331.94318579 22.37 268.497785  40.088680 32.419 -100.00 -100.00 -100.00
  68   196.867 55331.94318638 21.87 268.499452  40.090992 17.199 -100.00 -100.00 -100.00
  69   146.196 55341.85883046 45.45 268.497216  40.090596 29.240 -100.00 -100.00 -100.00
  69   145.829 55341.85883105 49.57 268.498883  40.092907   -100 -100.00 -100.00 -100.00
  69   145.837 55341.85883164 53.02 268.500550  40.095218   -100 -100.00 -100.00 -100.00
  70   184.199 55351.77447450 12.13 268.497087  40.089986  7.664 -100.00 -100.00 -100.00
  70   183.875 55351.77447509 10.98 268.498754  40.092297  7.132 -100.00 -100.00 -100.00
  70   184.308 55351.77447569 10.26 268.500421  40.094608  6.365 -100.00 -100.00 -100.00
  71   191.336 55361.69011616 12.14 268.497170  40.088426  3.680 -100.00 -100.00 -100.00
  71   190.710 55361.69011675 11.71 268.498837  40.090737  3.854 -100.00 -100.00 -100.00
  71   190.877 55361.69011734 10.95 268.500504  40.093048  3.515 -100.00 -100.00 -100.00
  72   200.497 55371.60575594 20.06 268.497316  40.088388 15.542 -100.00 -100.00 -100.00
  72   201.503 55371.60575653 15.83 268.498982  40.090699 13.684 -100.00 -100.00 -100.00
  72   202.992 55371.60575712 17.69 268.500649  40.093010 17.643 -100.00 -100.00 -100.00
  73   184.504 55381.52139415  7.46 268.497089  40.088660  5.278 -100.00 -100.00 -100.00
  73   183.957 55381.52139474  9.55 268.498756  40.090971  8.080 -100.00 -100.00 -100.00
  73   184.635 55381.52139534  5.83 268.500423  40.093282  4.440 -100.00 -100.00 -100.00
  74   184.256 55391.43703130 12.79 268.496605  40.087804 10.090 -100.00 -100.00 -100.00
  74   184.290 55391.43703189  7.72 268.498271  40.090115  6.008 -100.00 -100.00 -100.00
  74   184.464 55391.43703248  6.19 268.499938  40.092426  5.474 -100.00 -100.00 -100.00
  75   147.089 55401.35266666 38.21 268.497116  40.084237   -100 -100.00 -100.00 -100.00
  75   146.665 55401.35266725 40.08 268.498782  40.086548  0.129 -100.00 -100.00 -100.00
  75   146.693 55401.35266784 40.91 268.500449  40.088859   -100 -100.00 -100.00 -100.00
  76   204.479 55411.26831606 26.94 268.498387  40.084062 20.281 -100.00 -100.00 -100.00
  76   200.733 55411.26831665 23.89 268.500053  40.086373 17.732 -100.00 -100.00 -100.00
  77   147.051 55421.18396565 45.86 268.498945  40.083818 26.206 -100.00 -100.00 -100.00
  77   147.303 55421.18396624 41.98 268.500612  40.086129   -100 -100.00 -100.00 -100.00
  78   146.948 55431.09961242 40.20 268.498095  40.084186   -100 -100.00 -100.00 -100.00
  78   146.744 55431.09961302 41.96 268.499762  40.086497  1.255 -100.00 -100.00 -100.00
  79   184.412 55441.01525785  7.77 268.497195  40.088303  5.110 -100.00 -100.00 -100.00
  79   199.611 55441.01525844  8.14 268.498862  40.090613  5.411 -100.00 -100.00 -100.00
  79   199.743 55441.01525903  9.73 268.500529  40.092924  4.359 -100.00 -100.00 -100.00
  80   145.375 55450.93090174 36.22 268.496256  40.091404 27.992 -100.00 -100.00 -100.00
  80   144.732 55450.93090233 36.96 268.497923  40.093715   -100 -100.00 -100.00 -100.00
  80   144.652 55450.93090292 32.95 268.499590  40.096026   -100 -100.00 -100.00 -100.00
  81   146.248 55460.84654499 28.77 268.497371  40.093072   -100 -100.00 -100.00 -100.00
  81   146.342 55460.84654559 26.30 268.499038  40.095383 20.897 -100.00 -100.00 -100.00
  82   178.170 55470.76218579 11.92 268.497248  40.088614 10.626 -100.00 -100.00 -100.00
  82   184.054 55470.76218638  9.21 268.498914  40.090925  6.436 -100.00 -100.00 -100.00
  82   183.856 55470.76218697  9.64 268.500581  40.093236  7.747 -100.00 -100.00 -100.00
  83   147.135 55480.67782384 44.10 268.498518  40.084946 31.044 -100.00 -100.00 -100.00
  83   146.796 55480.67782443 49.32 268.500185  40.087257   -100 -100.00 -100.00 -100.00
  84   173.626 55490.59345916 17.97 268.498497  40.081227 27.473 -100.00 -100.00 -100.00
  84   175.636 55490.59345975 13.72 268.500164  40.083538 16.903 -100.00 -100.00 -100.00
  85   200.769 55500.50909266 13.11 268.498443  40.079967 11.472 -100.00 -100.00 -100.00
  85   200.527 55500.50909325 13.30 268.500110  40.082279  7.924 -100.00 -100.00 -100.00
  85   201.384 55500.50909384 20.98 268.501776  40.084590 16.754 -100.00 -100.00 -100.00
  86   201.932 55510.42473548 27.12 268.498349  40.083690   -100 -100.00 -100.00 -100.00
  86   201.705 55510.42473607 11.59 268.500016  40.086001  8.778 -100.00 -100.00 -100.00
  87   200.106 55520.34038579 15.60 268.497541  40.087845  9.473 -100.00 -100.00 -100.00
  87   198.968 55520.34038638 26.41 268.499207  40.090156 14.104 -100.00 -100.00 -100.00
  87   195.850 55520.34038697 24.33 268.500874  40.092467 11.985 -100.00 -100.00 -100.00
  88   184.208 55530.25603483  9.13 268.497783  40.090373  5.455 -100.00 -100.00 -100.00
  88   183.115 55530.25603542 11.54 268.499450  40.092685  8.861 -100.00 -100.00 -100.00
  88   184.818 55530.25603601  9.39 268.501117  40.094996  6.994 -100.00 -100.00 -100.00
  89   197.643 55540.17168163 15.75 268.497207  40.089993  8.144 -100.00 -100.00 -100.00
  89   183.176 55540.17168222 17.05 268.498873  40.092304 13.836 -100.00 -100.00 -100.00
  89   199.621 55540.17168281 17.71 268.500540  40.094615 11.721 -100.00 -100.00 -100.00
  90   199.611 55550.08732659 13.37 268.496956  40.090604  4.344 -100.00 -100.00 -100.00
  90   198.544 55550.08732718 24.06 268.498623  40.092915 16.422 -100.00 -100.00 -100.00
  90   193.882 55550.08732777 23.06 268.500290  40.095226 20.587 -100.00 -100.00 -100.00
  91   179.965 55560.00297031 14.92 268.496152  40.092705 11.109 -100.00 -100.00 -100.00
  91   178.093 55560.00297090 15.22 268.497819  40.095016 10.586 -100.00 -100.00 -100.00
  91   182.454 55560.00297149 15.61 268.499486  40.097327 13.646 -100.00 -100.00 -100.00
  92   196.032 55569.91861366 15.76 268.496946  40.095939 11.210 -100.00 -100.00 -100.00
  92   200.716 55569.91861426 19.78 268.498613  40.098250 16.592 -100.00 -100.00 -100.00
  93   185.234 55579.83425517 10.50 268.497117  40.094587  8.281 -100.00 -100.00 -100.00
  93   185.732 55579.83425576  9.20 268.498784  40.096899  6.675 -100.00 -100.00 -100.00
  94   183.669 55589.74989339 11.35 268.497967  40.089897 10.922 -100.00 -100.00 -100.00
  94   182.636 55589.74989398 15.06 268.499634  40.092208 17.303 -100.00 -100.00 -100.00
  95   192.204 55599.66552769 18.07 268.497864  40.081753 10.916 -100.00 -100.00 -100.00
  95   191.231 55599.66552828 22.32 268.499531  40.084064 19.116 -100.00 -100.00 -100.00
  95   189.681 55599.66552887 21.76 268.501198  40.086375   -100 -100.00 -100.00 -100.00
  96   190.265 55609.58116070 14.73 268.499620  40.079203  6.585 -100.00 -100.00 -100.00
  96   189.840 55609.58116129 15.67 268.501286  40.081515  8.922 -100.00 -100.00 -100.00
  97   202.569 55619.49679253 24.30 268.500824  40.079805 12.892 -100.00 -100.00 -100.00
  97   197.572 55619.49679312 26.45 268.502491  40.082117 31.944 -100.00 -100.00 -100.00
  98   199.116 55629.41244261 27.35 268.499042  40.084824 17.752 -100.00 -100.00 -100.00
  98   195.809 55629.41244320 15.82 268.500709  40.087136  9.656 -100.00 -100.00 -100.00
  99   200.118 55639.32809335 11.34 268.497256  40.086075  6.703 -100.00 -100.00 -100.00
  99   199.895 55639.32809394 15.08 268.498923  40.088387  5.731 -100.00 -100.00 -100.00
  99   201.183 55639.32809453 22.21 268.500590  40.090698 21.195 -100.00 -100.00 -100.00
 100   201.242 55649.24374150 13.50 268.497323  40.085014  5.120 -100.00 -100.00 -100.00
 100   199.914 55649.24374209 13.64 268.498990  40.087325  8.657 -100.00 -100.00 -100.00
 100   203.265 55649.24374268 25.34 268.500657  40.089636 13.515 -100.00 -100.00 -100.00
 101   202.884 55659.15938677 26.19 268.498811  40.084707   -100 -100.00 -100.00 -100.00
 101   199.744 55659.15938736 27.46 268.500478  40.087018 16.606 -100.00 -100.00 -100.00
 102   146.827 55669.07502816 45.76 268.498374  40.083975  9.335 -100.00 -100.00 -100.00
 102   147.058 55669.07502875 47.16 268.500041  40.086286  0.805 -100.00 -100.00 -100.00
 103   148.268 55678.99066757 42.24 268.496986  40.084173 30.257 -100.00 -100.00 -100.00
 103   147.935 55678.99066816 45.51 268.498653  40.086485   -100 -100.00 -100.00 -100.00
 103   147.838 55678.99066875 44.88 268.500320  40.088796  5.746 -100.00 -100.00 -100.00
 104   184.713 55688.90630560 12.52 268.497180  40.085787 10.286 -100.00 -100.00 -100.00
 104   184.040 55688.90630619 10.94 268.498847  40.088098  8.770 -100.00 -100.00 -100.00
 104   184.089 55688.90630678  7.18 268.500513  40.090409  4.683 -100.00 -100.00 -100.00
 105   201.862 55698.82194192 11.66 268.497893  40.085607  5.938 -100.00 -100.00 -100.00
 105   200.327 55698.82194251 25.33 268.499559  40.087918 18.939 -100.00 -100.00 -100.00
 106   184.847 55708.73757888 13.82 268.498568  40.083088  9.982 -100.00 -100.00 -100.00
 106   184.530 55708.73757947 12.73 268.500234  40.085399  8.138 -100.00 -100.00 -100.00
 107   184.682 55718.65323009 13.22 268.498363  40.085098  9.470 -100.00 -100.00 -100.00
 107   184.272 55718.65323068  9.69 268.500029  40.087409  5.014 -100.00 -100.00 -100.00
 108   201.835 55728.56887846 19.34 268.496914  40.086485  8.388 -100.00 -100.00 -100.00
 108   203.983 55728.56887905 13.33 268.498581  40.088796  5.790 -100.00 -100.00 -100.00
 108   204.057 55728.56887964 28.41 268.500248  40.091107 29.304 -100.00 -100.00 -100.00
 109   201.689 55738.48452591 15.74 268.497562  40.090603  5.760 -100.00 -100.00 -100.00
 109   203.692 55738.48452650 25.65 268.499229  40.092914 12.771 -100.00 -100.00 -100.00
 109   199.914 55738.48452709 25.50 268.500896  40.095225 14.102 -100.00 -100.00 -100.00
 110   146.571 55748.40017120 44.28 268.496393  40.091246 31.987 -100.00 -100.00 -100.00
 110   146.326 55748.40017179 48.62 268.498060  40.093557   -100 -100.00 -100.00 -100.00
 110   146.549 55748.40017238 51.27 268.499726  40.095868   -100 -100.00 -100.00 -100.00
 111   145.317 55758.31581406 34.82 268.496649  40.090643   -100 -100.00 -100.00 -100.00
 111   145.511 55758.31581465 36.16 268.498316  40.092954   -100 -100.00 -100.00 -100.00
 111   145.332 55758.31581524 37.29 268.499983  40.095265   -100 -100.00 -100.00 -100.00
 112   184.327 55768.23145387 10.45 268.497813  40.087882 10.105 -100.00 -100.00 -100.00
 112   184.065 55768.23145446  8.45 268.499480  40.090193  7.168 -100.00 -100.00 -100.00
 113   145.392 55778.14708995 35.22 268.497716  40.082119   -100 -100.00 -100.00 -100.00
 113   145.658 55778.14709054 35.06 268.499383  40.084430 31.044 -100.00 -100.00 -100.00
 113   145.648 55778.14709113 36.88 268.501049  40.086741   -100 -100.00 -100.00 -100.00
 114   202.217 55788.06272463 25.58 268.499674  40.080612 16.915 -100.00 -100.00 -100.00
 114   198.095 55788.06272522 22.56 268.501341  40.082923 10.306 -100.00 -100.00 -100.00
 115   183.695 55797.97835805 13.96 268.499968  40.079508 15.806 -100.00 -100.00 -100.00
 115   183.627 55797.97835864 12.43 268.501634  40.081819 13.538 -100.00 -100.00 -100.00
 116   184.044 55807.89400297 11.02 268.499565  40.082620 13.401 -100.00 -100.00 -100.00
 116   183.268 55807.89400356 11.93 268.501231  40.084931 17.280 -100.00 -100.00 -100.00
 117   173.683 55817.80965214 17.17 268.497336  40.082848 24.467 -100.00 -100.00 -100.00
 117   173.416 55817.80965273 15.01 268.499003  40.085159 19.360 -100.00 -100.00 -100.00
 117   183.604 55817.80965332  8.40 268.500669  40.087470  8.084 -100.00 -100.00 -100.00
 118   173.736 55827.72529750 16.67 268.497768  40.081800 21.901 -100.00 -100.00 -100.00
 118   177.447 55827.72529809 13.25 268.499435  40.084111 14.763 -100.00 -100.00 -100.00
 118   173.285 55827.72529868 14.36 268.501101  40.086422 19.763 -100.00 -100.00 -100.00
 119   200.941 55837.64093884 23.44 268.500101  40.081919 12.282 -100.00 -100.00 -100.00
 119   193.677 55837.64093943 31.33 268.501768  40.084230   -100 -100.00 -100.00 -100.00
 120   173.190 55847.55657606 16.96 268.499248  40.079004 23.962 -100.00 -100.00 -100.00
 120   173.153 55847.55657665 14.80 268.500915  40.081315 17.743 -100.00 -100.00 -100.00
 121   200.552 55857.47221168 25.54 268.499877  40.079960 13.724 -100.00 -100.00 -100.00
 121   197.202 55857.47221227 21.27 268.501544  40.082272 11.681 -100.00 -100.00 -100.00
 122   173.399 55867.38785731 15.01 268.499097  40.083699 16.672 -100.00 -100.00 -100.00
 122   179.361 55867.38785790 11.27 268.500764  40.086010 12.089 -100.00 -100.00 -100.00
 123   198.689 55877.30350975 12.30 268.497822  40.087373  6.095 -100.00 -100.00 -100.00
 123   198.302 55877.30351034  9.76 268.499489  40.089685  3.891 -100.00 -100.00 -100.00
 124   200.448 55887.21915522 27.56 268.497315  40.087402   -100 -100.00 -100.00 -100.00
 124   201.316 55887.21915581 26.71 268.498982  40.089713 14.656 -100.00 -100.00 -100.00
 124   194.595 55887.21915640 28.49 268.500649  40.092024 22.612 -100.00 -100.00 -100.00
 125   173.892 55897.13479458 16.58 268.496896  40.084765 16.913 -100.00 -100.00 -100.00
 125   183.729 55897.13479517  9.35 268.498562  40.087076  6.749 -100.00 -100.00 -100.00
 125   183.594 55897.13479576  8.71 268.500229  40.089387  6.527 -100.00 -100.00 -100.00
 126   198.377 55907.05042914 25.45 268.497936  40.082285 12.572 -100.00 -100.00 -100.00
 126   197.760 55907.05042973 22.49 268.499603  40.084596 10.457 -100.00 -100.00 -100.00
 126   193.818 55907.05043032 31.66 268.501269  40.086907   -100 -100.00 -100.00 -100.00
 127   201.117 55916.96607591 27.43 268.498534  40.086019 26.977 -100.00 -100.00 -100.00
 127   195.816 55916.96607650 15.44 268.500200  40.088330 15.610 -100.00 -100.00 -100.00
 128   183.699 55926.88173035 11.87 268.497711  40.090309  6.824 -100.00 -100.00 -100.00
 128   182.612 55926.88173094 10.72 268.499378  40.092620  7.967 -100.00 -100.00 -100.00
 128   184.393 55926.88173153  8.97 268.501045  40.094931  6.465 -100.00 -100.00 -100.00
 129   146.197 55936.79738092 23.15 268.497367  40.091588 31.843 -100.00 -100.00 -100.00
 129   146.019 55936.79738151 20.23 268.499034  40.093899 25.561 -100.00 -100.00 -100.00
 129   145.868 55936.79738210 23.31 268.500702  40.096210 28.711 -100.00 -100.00 -100.00
 130   177.406 55946.71302574 17.80 268.496552  40.089015 12.030 -100.00 -100.00 -100.00
 130   196.814 55946.71302633 16.61 268.498219  40.091327  7.571 -100.00 -100.00 -100.00
 130   196.891 55946.71302692 17.93 268.499887  40.093638 20.177 -100.00 -100.00 -100.00
 131   182.493 55956.62866634 13.18 268.497572  40.087650 12.196 -100.00 -100.00 -100.00
 131   183.233 55956.62866693 11.98 268.499239  40.089961  9.235 -100.00 -100.00 -100.00
 131   183.222 55956.62866752 10.66 268.500906  40.092272  8.960 -100.00 -100.00 -100.00
 132   200.216 55966.54430406 30.57 268.497784  40.086029   -100 -100.00 -100.00 -100.00
 132   198.869 55966.54430465 12.53 268.499451  40.088341  5.507 -100.00 -100.00 -100.00
 133   199.539 55976.45994056 24.72 268.497150  40.084732   -100 -100.00 -100.00 -100.00
 133   200.411 55976.45994115 28.38 268.498817  40.087043   -100 -100.00 -100.00 -100.00
 133   196.968 55976.45994174 27.75 268.500484  40.089355 15.554 -100.00 -100.00 -100.00
 134   199.598 55986.37557630 14.02 268.497555  40.083479  8.240 -100.00 -100.00 -100.00
 134   200.783 55986.37557689 11.74 268.499222  40.085790  7.408 -100.00 -100.00 -100.00
 134   199.682 55986.37557748  8.99 268.500888  40.088102  4.684 -100.00 -100.00 -100.00
 135   181.050 55996.29121277 13.03 268.499710  40.082421 11.689 -100.00 -100.00 -100.00
 135   177.049 55996.29121336 12.69 268.501376  40.084732 11.981 -100.00 -100.00 -100.00
 136   198.911 56006.20686386 27.49 268.498169  40.081848 21.733 -100.00 -100.00 -100.00
 136   200.648 56006.20686445 24.47 268.499836  40.084160 13.443 -100.00 -100.00 -100.00
 136   195.136 56006.20686504 27.34 268.501503  40.086471   -100 -100.00 -100.00 -100.00
 137   173.639 56016.12251177 15.36 268.499039  40.084267 16.553 -100.00 -100.00 -100.00
 137   182.478 56016.12251236  9.86 268.500706  40.086578  7.190 -100.00 -100.00 -100.00
 138   200.157 56026.03815657 11.64 268.497833  40.086011  8.914 -100.00 -100.00 -100.00
 138   199.306 56026.03815716  8.75 268.499500  40.088323  5.114 -100.00 -100.00 -100.00
 139   174.855 56035.95380024 12.27 268.497623  40.089461 10.017 -100.00 -100.00 -100.00
 139   174.859 56035.95380083 11.31 268.499290  40.091772  8.398 -100.00 -100.00 -100.00
 139   183.789 56035.95380143  9.29 268.500958  40.094083  5.269 -100.00 -100.00 -100.00
 140   183.468 56045.86944121 11.17 268.496873  40.089107  8.144 -100.00 -100.00 -100.00
 140   182.829 56045.86944180 10.31 268.498540  40.091418  7.137 -100.00 -100.00 -100.00
 140   184.314 56045.86944239  8.84 268.500207  40.093729  6.332 -100.00 -100.00 -100.00
 141   173.170 56055.78507928 17.38 268.497343  40.087780 15.503 -100.00 -100.00 -100.00
 141   172.854 56055.78507988 16.62 268.499010  40.090091 12.297 -100.00 -100.00 -100.00
 141   172.498 56055.78508047 15.78 268.500677  40.092403 10.923 -100.00 -100.00 -100.00
 142   173.554 56065.70071272 14.41 268.497968  40.083569 17.681 -100.00 -100.00 -100.00
 142   181.149 56065.70071331 11.94 268.499634  40.085881 10.962 -100.00 -100.00 -100.00
 143   181.572 56075.61635933 11.54 268.498532  40.085766  8.846 -100.00 -100.00 -100.00
 143   182.750 56075.61635992 10.53 268.500198  40.088077  9.022 -100.00 -100.00 -100.00
 144   199.177 56085.53200881 12.26 268.496760  40.088057  4.346 -100.00 -100.00 -100.00
 144   198.319 56085.53200940 15.62 268.498427  40.090368  8.236 -100.00 -100.00 -100.00
 144   202.131 56085.53200999 23.57 268.500094  40.092679 13.320 -100.00 -100.00 -100.00
 145   196.607 56095.44765621 16.83 268.497661  40.091406 15.453 -100.00 -100.00 -100.00
 145   201.086 56095.44765680  9.18 268.499328  40.093717  6.400 -100.00 -100.00 -100.00
 145   198.590 56095.44765739 24.63 268.500995  40.096028   -100 -100.00 -100.00 -100.00
 146   183.409 56105.36330023 10.84 268.496839  40.089341  9.451 -100.00 -100.00 -100.00
 146   176.944 56105.36330082  9.74 268.498506  40.091652  8.307 -100.00 -100.00 -100.00
 146   184.481 56105.36330142  9.02 268.500173  40.093964  7.201 -100.00 -100.00 -100.00
 147   200.118 56115.27893013 12.48 268.498295  40.088106  5.847 -100.00 -100.00 -100.00
 147   198.325 56115.27893072 28.54 268.499962  40.090417 25.531 -100.00 -100.00 -100.00
 148   199.379 56125.19456719 23.08 268.498315  40.083876 31.094 -100.00 -100.00 -100.00
 148   200.345 56125.19456778 16.93 268.499981  40.086187 17.214 -100.00 -100.00 -100.00
 149   172.493 56135.11020095 16.47 268.500156  40.081940 29.767 -100.00 -100.00 -100.00
 149   199.973 56135.11020154 13.88 268.501822  40.084251 17.505 -100.00 -100.00 -100.00
 150   172.667 56145.02584213 16.75 268.499156  40.081195 29.591 -100.00 -100.00 -100.00
 150   172.497 56145.02584272 14.61 268.500822  40.083506 23.930 -100.00 -100.00 -100.00
 151   172.759 56154.94149259 20.41 268.497420  40.083332   -100 -100.00 -100.00 -100.00
 151   172.539 56154.94149318 14.56 268.499087  40.085643 20.575 -100.00 -100.00 -100.00
 151   181.902 56154.94149377  8.56 268.500754  40.087953 10.176 -100.00 -100.00 -100.00
 152   181.838 56164.85714253 13.50 268.497797  40.086920 16.176 -100.00 -100.00 -100.00
 152   172.076 56164.85714312 13.91 268.499463  40.089231 20.349 -100.00 -100.00 -100.00
 153   199.057 56174.77278931 18.80 268.496757  40.085873 20.870 -100.00 -100.00 -100.00
 153   199.621 56174.77278990 28.81 268.498424  40.088184   -100 -100.00 -100.00 -100.00
 153   196.769 56174.77279049 25.80 268.500090  40.090495 14.213 -100.00 -100.00 -100.00
 154   172.719 56184.68843105 18.19 268.497432  40.084630   -100 -100.00 -100.00 -100.00
 154   182.196 56184.68843164 11.09 268.499098  40.086941 12.241 -100.00 -100.00 -100.00
 154   183.230 56184.68843223  8.13 268.500765  40.089252  8.127 -100.00 -100.00 -100.00
 155   172.893 56194.60406917 16.37 268.498717  40.084381 23.109 -100.00 -100.00 -100.00
 155   172.427 56194.60406976 12.27 268.500384  40.086692 17.917 -100.00 -100.00 -100.00
 156   172.923 56204.51970385 15.54 268.498134  40.082985 21.665 -100.00 -100.00 -100.00
 156   172.549 56204.51970444 15.56 268.499800  40.085296 26.462 -100.00 -100.00 -100.00
 157   172.719 56214.43533700 16.92 268.498218  40.082167 23.754 -100.00 -100.00 -100.00
 157   181.915 56214.43533759  9.46 268.499884  40.084479  7.967 -100.00 -100.00 -100.00
 157   182.142 56214.43533818 12.34 268.501551  40.086790 12.119 -100.00 -100.00 -100.00
 158   182.411 56224.35097271 15.40 268.498914  40.081449 17.689 -100.00 -100.00 -100.00
 158   179.824 56224.35097330 11.87 268.500580  40.083760 10.530 -100.00 -100.00 -100.00
 159   181.935 56234.26662896 13.06 268.498414  40.084901 12.243 -100.00 -100.00 -100.00
 159   199.341 56234.26662955 14.96 268.500080  40.087212  7.813 -100.00 -100.00 -100.00
 160   198.477 56244.18228083 30.69 268.497415  40.086028   -100 -100.00 -100.00 -100.00
 160   200.587 56244.18228142 26.82 268.499081  40.088339 14.291 -100.00 -100.00 -100.00
 160   195.621 56244.18228201 30.96 268.500748  40.090650 22.615 -100.00 -100.00 -100.00
 161   182.914 56254.09792816 11.75 268.497154  40.087993  9.807 -100.00 -100.00 -100.00
 161   183.349 56254.09792875 11.22 268.498820  40.090304  9.481 -100.00 -100.00 -100.00
 161   179.588 56254.09792934  9.61 268.500487  40.092615  7.581 -100.00 -100.00 -100.00
 162   197.858 56264.01357122 19.34 268.496640  40.089141  7.521 -100.00 -100.00 -100.00
 162   196.923 56264.01357181 17.06 268.498307  40.091452  9.048 -100.00 -100.00 -100.00
 162   198.682 56264.01357240 30.82 268.499974  40.093763 18.038 -100.00 -100.00 -100.00
 163   172.378 56273.92921246 14.58 268.496373  40.089345 14.480 -100.00 -100.00 -100.00
 163   178.246 56273.92921305 11.37 268.498040  40.091656  8.280 -100.00 -100.00 -100.00
 163   184.317 56273.92921364 10.97 268.499707  40.093968  8.474 -100.00 -100.00 -100.00
 164   173.028 56283.84485675 16.38 268.496827  40.088824 14.528 -100.00 -100.00 -100.00
 164   172.743 56283.84485734 16.81 268.498494  40.091136 14.570 -100.00 -100.00 -100.00
 164   175.488 56283.84485793 15.42 268.500161  40.093447 12.291 -100.00 -100.00 -100.00
 165   198.738 56293.76050848 14.49 268.497155  40.088930  6.860 -100.00 -100.00 -100.00
 165   198.835 56293.76050907 11.18 268.498822  40.091241  5.021 -100.00 -100.00 -100.00
 165   198.122 56293.76050966 10.59 268.500489  40.093552  7.077 -100.00 -100.00 -100.00
 166   183.763 56303.67615582 14.05 268.497687  40.088967  5.114 -100.00 -100.00 -100.00
 166   177.099 56303.67615641 19.10 268.499354  40.091278 15.750 -100.00 -100.00 -100.00
 166   177.065 56303.67615700 17.92 268.501021  40.093589 14.109 -100.00 -100.00 -100.00
 167   177.235 56313.59179897 16.15 268.497355  40.089316 11.116 -100.00 -100.00 -100.00
 167   183.546 56313.59179957 15.61 268.499022  40.091627 11.126 -100.00 -100.00 -100.00
 167   176.959 56313.59180016 16.00 268.500690  40.093939 13.148 -100.00 -100.00 -100.00
 168   183.778 56323.50743981 13.12 268.496586  40.089895  8.093 -100.00 -100.00 -100.00
 168   181.969 56323.50744040 11.21 268.498254  40.092206  6.387 -100.00 -100.00 -100.00
 168   177.536 56323.50744099 12.37 268.499921  40.094517  7.995 -100.00 -100.00 -100.00
 169   184.554 56333.42307979 15.17 268.496549  40.089922  7.382 -100.00 -100.00 -100.00
 169   185.237 56333.42308038 12.50 268.498216  40.092233  4.477 -100.00 -100.00 -100.00
 169   185.388 56333.42308097 12.67 268.499884  40.094544  4.346 -100.00 -100.00 -100.00
 170   180.031 56343.33871903 14.81 268.497960  40.088545 12.727 -100.00 -100.00 -100.00
 170   172.856 56343.33871962 15.48 268.499627  40.090857 13.996 -100.00 -100.00 -100.00
 171   144.396 56353.25435487 34.06 268.497592  40.082206 19.396 -100.00 -100.00 -100.00
 171   143.712 56353.25435546 35.17 268.499258  40.084517   -100 -100.00 -100.00 -100.00
 171   143.588 56353.25435605 41.96 268.500925  40.086828 20.950 -100.00 -100.00 -100.00
 172   202.504 56363.16999729 23.92 268.499325  40.082598 29.368 -100.00 -100.00 -100.00
 172   203.034 56363.16999788 17.24 268.500992  40.084909 13.934 -100.00 -100.00 -100.00
 173   200.739 56373.08564666 23.03 268.498114  40.085553 21.190 -100.00 -100.00 -100.00
 173   198.063 56373.08564725 27.77 268.499781  40.087864   -100 -100.00 -100.00 -100.00
 175   145.380 56392.91693911 35.61 268.497278  40.095032 30.624 -100.00 -100.00 -100.00
 175   145.365 56392.91693970 39.23 268.498945  40.097343   -100 -100.00 -100.00 -100.00
 176   149.513 56402.83258161 50.47 268.497107  40.093994   -100 -100.00 -100.00 -100.00
 176   149.568 56402.83258220 51.42 268.498774  40.096305   -100 -100.00 -100.00 -100.00
 177   184.071 56412.74822050 12.62 268.496388  40.089124  6.462 -100.00 -100.00 -100.00
 177   177.194 56412.74822109 12.98 268.498055  40.091436  7.454 -100.00 -100.00 -100.00
 177   183.221 56412.74822168 11.88 268.499722  40.093747  6.632 -100.00 -100.00 -100.00
 178   146.961 56422.66385460 40.16 268.497797  40.084710   -100 -100.00 -100.00 -100.00
 178   146.932 56422.66385519 36.32 268.499464  40.087022   -100 -100.00 -100.00 -100.00
 179   184.563 56432.57949668 11.11 268.497647  40.084469  7.929 -100.00 -100.00 -100.00
 179   184.356 56432.57949727  9.28 268.499314  40.086780  6.261 -100.00 -100.00 -100.00
 179   183.962 56432.57949786  8.69 268.500980  40.089091  7.111 -100.00 -100.00 -100.00
 180   173.931 56442.49514993 16.99 268.496396  40.089852  8.298 -100.00 -100.00 -100.00
 180   172.563 56442.49515052 18.08 268.498063  40.092164 10.273 -100.00 -100.00 -100.00
 180   148.381 56442.49515111 26.67 268.499730  40.094475   -100 -100.00 -100.00 -100.00
 181   147.910 56452.41080055 30.48 268.496599  40.094664 19.563 -100.00 -100.00 -100.00
 181   147.985 56452.41080114 30.18 268.498266  40.096975 19.801 -100.00 -100.00 -100.00
 182   146.851 56462.32644768 48.85 268.496999  40.094424  0.118 -100.00 -100.00 -100.00
 182   146.692 56462.32644827 50.05 268.498666  40.096735 20.058 -100.00 -100.00 -100.00
 183   147.510 56472.24209082 46.16 268.497031  40.090700   -100 -100.00 -100.00 -100.00
 183   147.499 56472.24209141 49.82 268.498698  40.093011   -100 -100.00 -100.00 -100.00
 183   147.195 56472.24209200 52.14 268.500365  40.095321 17.066 -100.00 -100.00 -100.00
 184   146.865 56482.15773059 41.60 268.497585  40.086927   -100 -100.00 -100.00 -100.00
 184   147.030 56482.15773118 46.78 268.499252  40.089238 22.242 -100.00 -100.00 -100.00
 184   147.274 56482.15773177 46.86 268.500919  40.091549   -100 -100.00 -100.00 -100.00
 185   202.057 56492.07336740 11.96 268.498392  40.085985  9.143 -100.00 -100.00 -100.00
 185   198.907 56492.07336799 14.78 268.500058  40.088296 17.255 -100.00 -100.00 -100.00
 186   174.048 56501.98900145 15.89 268.497417  40.083342 21.522 -100.00 -100.00 -100.00
 186   173.699 56501.98900204 15.35 268.499084  40.085653 21.752 -100.00 -100.00 -100.00
 186   200.002 56501.98900263  6.13 268.500751  40.087964  5.895 -100.00 -100.00 -100.00
 187   144.900 56511.90463455 38.72 268.498810  40.081916 18.908 -100.00 -100.00 -100.00
 187   144.159 56511.90463514 43.98 268.500476  40.084227   -100 -100.00 -100.00 -100.00
 188   183.307 56521.82028138 12.60 268.499008  40.082262 13.448 -100.00 -100.00 -100.00
 188   198.766 56521.82028197  6.76 268.500675  40.084573  6.257 -100.00 -100.00 -100.00
 189   177.643 56531.73593483 13.10 268.499043  40.084122 14.753 -100.00 -100.00 -100.00
 189   177.828 56531.73593542  9.93 268.500709  40.086433 10.355 -100.00 -100.00 -100.00
 191   183.143 56551.56722971 11.02 268.498281  40.087343 10.146 -100.00 -100.00 -100.00
 191   183.670 56551.56723030  7.76 268.499948  40.089654  6.465 -100.00 -100.00 -100.00
 192   183.737 56561.48287294  9.49 268.497415  40.090752  7.228 -100.00 -100.00 -100.00
 192   184.748 56561.48287353  8.99 268.499082  40.093063  6.632 -100.00 -100.00 -100.00
 192   184.603 56561.48287412  8.63 268.500749  40.095374  8.627 -100.00 -100.00 -100.00
 193   143.569 56571.39851466 36.97 268.496795  40.092718   -100 -100.00 -100.00 -100.00
 193   143.256 56571.39851525 31.76 268.498462  40.095029   -100 -100.00 -100.00 -100.00
 193   143.435 56571.39851584 31.02 268.500129  40.097340   -100 -100.00 -100.00 -100.00
 194   144.280 56581.31415394 34.01 268.496230  40.090389 31.213 -100.00 -100.00 -100.00
 194   143.541 56581.31415453 38.11 268.497896  40.092700 12.551 -100.00 -100.00 -100.00
 194   143.721 56581.31415512 30.80 268.499563  40.095011   -100 -100.00 -100.00 -100.00
 195   173.542 56591.22978844 16.63 268.497298  40.084252 26.511 -100.00 -100.00 -100.00
 195   181.708 56591.22978903 12.04 268.498965  40.086563 14.104 -100.00 -100.00 -100.00
 195   183.199 56591.22978962  6.79 268.500631  40.088874  6.649 -100.00 -100.00 -100.00
 196   173.319 56601.14543703 16.86 268.498270  40.084733 26.335 -100.00 -100.00 -100.00
 196   182.643 56601.14543762 11.12 268.499937  40.087044 11.664 -100.00 -100.00 -100.00
 197   173.440 56611.06108714 13.92 268.496662  40.086143 14.222 -100.00 -100.00 -100.00
 197   182.768 56611.06108773 11.41 268.498328  40.088454 13.040 -100.00 -100.00 -100.00
 197   184.056 56611.06108832  7.01 268.499995  40.090765  7.381 -100.00 -100.00 -100.00
 198   168.757 56620.97673381 16.43 268.497668  40.091587 14.129 -100.00 -100.00 -100.00
 198   159.450 56620.97673440 18.15 268.499335  40.093898 23.160 -100.00 -100.00 -100.00
 198   176.025 56620.97673499 14.13 268.501002  40.096209 10.689 -100.00 -100.00 -100.00
 199   143.936 56630.89237631 37.62 268.496334  40.091624   -100 -100.00 -100.00 -100.00
 199   143.596 56630.89237690 38.50 268.498001  40.093936   -100 -100.00 -100.00 -100.00
 199   143.443 56630.89237749 34.63 268.499668  40.096247   -100 -100.00 -100.00 -100.00
 200   143.441 56640.80801452 30.87 268.496557  40.087959   -100 -100.00 -100.00 -100.00
 200   143.570 56640.80801511 31.64 268.498224  40.090270   -100 -100.00 -100.00 -100.00
 200   143.434 56640.80801570 31.50 268.499891  40.092581   -100 -100.00 -100.00 -100.00
 201   197.919 56650.72366169 13.67 268.497063  40.085253  7.903 -100.00 -100.00 -100.00
 201   197.828 56650.72366229 13.54 268.498730  40.087564  6.531 -100.00 -100.00 -100.00
 201   198.373 56650.72366288 12.54 268.500397  40.089876  6.451 -100.00 -100.00 -100.00
 202   177.085 56660.63931255 19.86 268.497330  40.085601 20.000 -100.00 -100.00 -100.00
 202   172.668 56660.63931314 18.32 268.498997  40.087913 15.938 -100.00 -100.00 -100.00
 202   176.053 56660.63931373 16.61 268.500665  40.090224 11.699 -100.00 -100.00 -100.00
 203   197.008 56670.55496047 10.84 268.498151  40.089258  7.674 -100.00 -100.00 -100.00
 203   198.579 56670.55496106 12.71 268.499819  40.091570  9.132 -100.00 -100.00 -100.00
 204   193.295 56680.47060551  8.65 268.496428  40.091084  7.228 -100.00 -100.00 -100.00
 204   185.644 56680.47060610  8.83 268.498095  40.093395  9.828 -100.00 -100.00 -100.00
 204   184.805 56680.47060669 11.03 268.499762  40.095707  5.444 -100.00 -100.00 -100.00
 205   187.069 56690.38624851 12.78 268.496008  40.091712  5.907 -100.00 -100.00 -100.00
 205   179.338 56690.38624910 12.91 268.497675  40.094024 15.462 -100.00 -100.00 -100.00
 205   180.595 56690.38624969 14.36 268.499342  40.096335  8.898 -100.00 -100.00 -100.00
 206   177.212 56700.30188754 16.80 268.496385  40.088551  9.759 -100.00 -100.00 -100.00
 206   178.885 56700.30188813 13.53 268.498052  40.090863  6.261 -100.00 -100.00 -100.00
 206   181.761 56700.30188872 11.12 268.499719  40.093174 13.942 -100.00 -100.00 -100.00
 207   200.988 56710.21752193 20.66 268.498906  40.084732  9.141 -100.00 -100.00 -100.00
 207   195.621 56710.21752252 28.06 268.500573  40.087043 19.305 -100.00 -100.00 -100.00
 208   197.356 56720.13316310 10.79 268.497741  40.081879  5.220 -100.00 -100.00 -100.00
 208   197.696 56720.13316369 12.98 268.499407  40.084190  6.044 -100.00 -100.00 -100.00
 208   199.942 56720.13316428 25.02 268.501074  40.086501 25.840 -100.00 -100.00 -100.00
 209   145.322 56730.04881613 42.88 268.496969  40.087429 31.841 -100.00 -100.00 -100.00
 209   145.028 56730.04881672 45.97 268.498636  40.089740   -100 -100.00 -100.00 -100.00
 209   144.985 56730.04881732 51.32 268.500303  40.092051 18.941 -100.00 -100.00 -100.00
 210   144.809 56739.96446541 39.03 268.495858  40.092875   -100 -100.00 -100.00 -100.00
 210   144.709 56739.96446600 39.67 268.497525  40.095186   -100 -100.00 -100.00 -100.00
 210   144.792 56739.96446659 41.70 268.499192  40.097497   -100 -100.00 -100.00 -100.00
 211   144.737 56749.88011053 38.72 268.496218  40.096785   -100 -100.00 -100.00 -100.00
 211   144.659 56749.88011112 40.59 268.497885  40.099096   -100 -100.00 -100.00 -100.00
 212   172.563 56759.79574969 16.78 268.496881  40.094614  9.591 -100.00 -100.00 -100.00
 212   146.152 56759.79575028 17.72 268.498548  40.096925 10.673 -100.00 -100.00 -100.00
 213   199.316 56769.71138134 11.21 268.497286  40.086853  5.281 -100.00 -100.00 -100.00
 213   198.098 56769.71138194 13.73 268.498953  40.089164  8.482 -100.00 -100.00 -100.00
 213   199.857 56769.71138253 11.14 268.500620  40.091476  6.432 -100.00 -100.00 -100.00
 214   199.762 56779.62703197 15.11 268.496648  40.086824  5.988 -100.00 -100.00 -100.00
 214   198.707 56779.62703256 14.22 268.498315  40.089135 16.485 -100.00 -100.00 -100.00
 214   202.021 56779.62703315 15.93 268.499982  40.091446  8.035 -100.00 -100.00 -100.00
 215   146.238 56789.54268847 31.84 268.497131  40.092783   -100 -100.00 -100.00 -100.00
 215   146.476 56789.54268906 31.19 268.498799  40.095095   -100 -100.00 -100.00 -100.00
 215   146.215 56789.54268965 31.14 268.500466  40.097406   -100 -100.00 -100.00 -100.00
 216   199.459 56799.45834100 12.44 268.495701  40.097054  7.437 -100.00 -100.00 -100.00
 216   201.868 56799.45834159 12.72 268.497368  40.099365  5.315 -100.00 -100.00 -100.00
 217   186.776 56809.37398684 11.83 268.495495  40.099304 11.463 -100.00 -100.00 -100.00
 217   180.617 56809.37398743  8.96 268.497163  40.101615  8.528 -100.00 -100.00 -100.00
 218   171.639 56819.28962641 19.19 268.495809  40.096565 14.692 -100.00 -100.00 -100.00
 218   195.232 56819.28962700  8.38 268.497476  40.098876  6.590 -100.00 -100.00 -100.00
 219   146.120 56829.20526152 44.08 268.496371  40.089965 29.806 -100.00 -100.00 -100.00
 219   146.109 56829.20526211 47.22 268.498038  40.092276   -100 -100.00 -100.00 -100.00
 219   145.908 56829.20526270 51.39 268.499705  40.094587   -100 -100.00 -100.00 -100.00
 220   147.387 56839.12089369 30.68 268.498096  40.083633 26.411 -100.00 -100.00 -100.00
 220   147.422 56839.12089428 26.64 268.499763  40.085944 13.388 -100.00 -100.00 -100.00
 221   184.166 56849.03652513 11.85 268.498860  40.079144  7.224 -100.00 -100.00 -100.00
 221   205.061 56849.03652572  9.75 268.500526  40.081455  8.312 -100.00 -100.00 -100.00
 221   205.873 56849.03652631 21.77 268.502193  40.083766 20.398 -100.00 -100.00 -100.00
 222   173.814 56858.95218065 16.27 268.497071  40.084388 21.914 -100.00 -100.00 -100.00
 222   183.937 56858.95218124 10.22 268.498738  40.086699  8.398 -100.00 -100.00 -100.00
 222   183.942 56858.95218183  5.13 268.500404  40.089010  4.871 -100.00 -100.00 -100.00
 223   196.368 56868.86783546 21.78 268.496562  40.089992 20.611 -100.00 -100.00 -100.00
 223   198.121 56868.86783605 12.85 268.498229  40.092303 16.270 -100.00 -100.00 -100.00
 223   201.549 56868.86783665 10.10 268.499896  40.094614 12.034 -100.00 -100.00 -100.00
 224   144.434 56878.78348770 38.15 268.496794  40.093046   -100 -100.00 -100.00 -100.00
 224   144.186 56878.78348829 40.46 268.498461  40.095357   -100 -100.00 -100.00 -100.00
 224   144.447 56878.78348888 39.65 268.500128  40.097668   -100 -100.00 -100.00 -100.00
 225   144.298 56888.69913580 42.97 268.496281  40.092571   -100 -100.00 -100.00 -100.00
 225   144.188 56888.69913639 44.19 268.497948  40.094882   -100 -100.00 -100.00 -100.00
 225   144.217 56888.69913698 46.77 268.499615  40.097193   -100 -100.00 -100.00 -100.00
 226   145.552 56898.61478130 18.75 268.496414  40.092939 14.835 -100.00 -100.00 -100.00
 226   145.610 56898.61478189 18.03 268.498081  40.095250  9.801 -100.00 -100.00 -100.00
 226   144.595 56898.61478248 20.38 268.499748  40.097561 13.989 -100.00 -100.00 -100.00
 227   144.571 56908.53042470 36.18 268.496669  40.095770   -100 -100.00 -100.00 -100.00
 227   144.864 56908.53042529 37.79 268.498336  40.098081   -100 -100.00 -100.00 -100.00
 228   199.661 56918.44606590 14.19 268.496630  40.098060  5.936 -100.00 -100.00 -100.00
 228   201.795 56918.44606649 28.46 268.498298  40.100371   -100 -100.00 -100.00 -100.00
 229   144.248 56928.36170399 30.37 268.495463  40.095669 25.777 -100.00 -100.00 -100.00
 229   144.097 56928.36170458 30.65 268.497130  40.097980 23.005 -100.00 -100.00 -100.00
 229   144.058 56928.36170517 33.82 268.498797  40.100291 30.138 -100.00 -100.00 -100.00
 230   144.798 56938.27733812 46.45 268.497523  40.093009 30.280 -100.00 -100.00 -100.00
 230   144.457 56938.27733871 51.30 268.499190  40.095320   -100 -100.00 -100.00 -100.00
 231   201.834 56948.19296965 31.44 268.497166  40.084300   -100 -100.00 -100.00 -100.00
 231   201.226 56948.19297024 12.36 268.498833  40.086611  6.679 -100.00 -100.00 -100.00
 231   197.193 56948.19297083 17.60 268.500499  40.088922 20.183 -100.00 -100.00 -100.00
 232   173.600 56958.10862354 14.16 268.497893  40.087446 14.639 -100.00 -100.00 -100.00
 232   184.108 56958.10862413  7.24 268.499560  40.089757  4.856 -100.00 -100.00 -100.00
 233   198.688 56968.02427164 17.40 268.496452  40.088217  9.996 -100.00 -100.00 -100.00
 233   197.828 56968.02427223 12.23 268.498119  40.090528  7.004 -100.00 -100.00 -100.00
 233   201.248 56968.02427282 25.18 268.499785  40.092839 13.960 -100.00 -100.00 -100.00
 234   199.449 56977.93991665 15.11 268.497511  40.091537  5.974 -100.00 -100.00 -100.00
 234   198.281 56977.93991724 29.16 268.499178  40.093848 19.704 -100.00 -100.00 -100.00
 234   193.193 56977.93991783 26.02 268.500845  40.096159   -100 -100.00 -100.00 -100.00
 235   184.174 56987.85555625 11.24 268.497224  40.090273  8.172 -100.00 -100.00 -100.00
 235   198.957 56987.85555684  7.53 268.498890  40.092584  4.769 -100.00 -100.00 -100.00
 235   199.368 56987.85555743 11.83 268.500557  40.094895  7.375 -100.00 -100.00 -100.00
 236   200.840 56997.77118925 26.16 268.498259  40.085426 27.749 -100.00 -100.00 -100.00
 236   195.496 56997.77118984 10.20 268.499926  40.087737  7.111 -100.00 -100.00 -100.00
 237   173.869 57007.68683706 18.71 268.497509  40.083175 23.962 -100.00 -100.00 -100.00
 237   177.756 57007.68683765 15.43 268.499175  40.085486 15.636 -100.00 -100.00 -100.00
 237   182.116 57007.68683824 11.38 268.500842  40.087798  9.507 -100.00 -100.00 -100.00
 238   183.827 57017.60249143  9.13 268.498320  40.086476  5.596 -100.00 -100.00 -100.00
 238   183.633 57017.60249202  9.27 268.499987  40.088788  6.752 -100.00 -100.00 -100.00
 239   200.693 57027.51814197 27.28 268.498032  40.089178 21.520 -100.00 -100.00 -100.00
 239   195.920 57027.51814256 29.08 268.499700  40.091489   -100 -100.00 -100.00 -100.00
 240   183.950 57037.43379027 14.33 268.496690  40.090963  8.228 -100.00 -100.00 -100.00
 240   176.408 57037.43379087 16.00 268.498357  40.093275 11.581 -100.00 -100.00 -100.00
 240   176.147 57037.43379146 16.59 268.500024  40.095586 12.578 -100.00 -100.00 -100.00
 241   198.861 57047.34943608 15.31 268.497023  40.092676  5.868 -100.00 -100.00 -100.00
 241   200.696 57047.34943667 23.25 268.498690  40.094988 10.932 -100.00 -100.00 -100.00
 241   197.435 57047.34943726 23.14 268.500357  40.097299 11.681 -100.00 -100.00 -100.00
 242   198.675 57057.26507739 20.92 268.496982  40.090403 10.216 -100.00 -100.00 -100.00
 242   190.998 57057.26507798 27.33 268.498649  40.092715 21.033 -100.00 -100.00 -100.00
 242   190.048 57057.26507857 19.73 268.500316  40.095026   -100 -100.00 -100.00 -100.00
 243   200.506 57067.18071330 25.16 268.498326  40.087646 18.525 -100.00 -100.00 -100.00
 243   195.588 57067.18071389 24.88 268.499993  40.089957 26.862 -100.00 -100.00 -100.00
 244   198.541 57077.09634459 13.63 268.498056  40.083451  4.915 -100.00 -100.00 -100.00
 244   198.257 57077.09634518 12.48 268.499723  40.085762  6.692 -100.00 -100.00 -100.00
 245   199.331 57087.01197512 11.45 268.498260  40.080413  4.916 -100.00 -100.00 -100.00
 245   199.806 57087.01197571 15.45 268.499927  40.082724 12.921 -100.00 -100.00 -100.00
 245   199.427 57087.01197630 19.01 268.501593  40.085035 11.113 -100.00 -100.00 -100.00
 246   182.705 57096.92763537 11.81 268.496809  40.087760  7.297 -100.00 -100.00 -100.00
 246   183.910 57096.92763596 11.09 268.498476  40.090072  6.007 -100.00 -100.00 -100.00
 246   184.162 57096.92763655 10.44 268.500143  40.092383  6.395 -100.00 -100.00 -100.00
 247   143.956 57106.84329236 31.57 268.495770  40.092590 20.343 -100.00 -100.00 -100.00
 247   143.944 57106.84329295 34.19 268.497437  40.094901 30.304 -100.00 -100.00 -100.00
 247   144.018 57106.84329355 33.52 268.499105  40.097213 22.719 -100.00 -100.00 -100.00
 248   145.928 57116.75894407 21.89 268.496302  40.094314 13.507 -100.00 -100.00 -100.00
 248   145.477 57116.75894466 23.15 268.497969  40.096626 14.128 -100.00 -100.00 -100.00
 248   143.711 57116.75894525 24.90 268.499636  40.098937 18.643 -100.00 -100.00 -100.00
 249   144.525 57126.67458871 45.02 268.496200  40.092412   -100 -100.00 -100.00 -100.00
 249   144.482 57126.67458930 47.28 268.497868  40.094723  0.552 -100.00 -100.00 -100.00
 249   144.447 57126.67458989 43.49 268.499535  40.097035   -100 -100.00 -100.00 -100.00
 250   147.870 57136.59022794 18.25 268.496730  40.090782 13.149 -100.00 -100.00 -100.00
 250   146.587 57136.59022853 19.47 268.498397  40.093093 16.201 -100.00 -100.00 -100.00
 250   144.187 57136.59022912 24.62 268.500064  40.095404 31.129 -100.00 -100.00 -100.00
 251   199.941 57146.50586251 26.82 268.496779  40.087338   -100 -100.00 -100.00 -100.00
 251   199.995 57146.50586310 22.11 268.498446  40.089649 26.682 -100.00 -100.00 -100.00
 251   196.894 57146.50586369 25.18 268.500113  40.091961 28.924 -100.00 -100.00 -100.00
 252   173.624 57156.42149447 19.36 268.497247  40.083341   -100 -100.00 -100.00 -100.00
 252   173.743 57156.42149506 15.62 268.498914  40.085652 19.483 -100.00 -100.00 -100.00
 252   183.024 57156.42149565  8.18 268.500580  40.087963  6.880 -100.00 -100.00 -100.00
 253   144.739 57166.33713735 38.98 268.498553  40.083927   -100 -100.00 -100.00 -100.00
 253   144.370 57166.33713794 44.34 268.500220  40.086238  5.733 -100.00 -100.00 -100.00
 254   200.238 57176.25279387 14.44 268.497433  40.086320  5.441 -100.00 -100.00 -100.00
 254   199.528 57176.25279446 12.60 268.499100  40.088631  4.386 -100.00 -100.00 -100.00
 254   202.467 57176.25279505 24.42 268.500767  40.090942 11.997 -100.00 -100.00 -100.00
 255   152.824 57186.16844677 18.75 268.498147  40.088966 21.638 -100.00 -100.00 -100.00
 255   152.675 57186.16844736 17.80 268.499814  40.091277 19.191 -100.00 -100.00 -100.00
 256   184.356 57196.08409478 14.48 268.496823  40.087872 14.582 -100.00 -100.00 -100.00
 256   177.330 57196.08409537 13.94 268.498490  40.090183 12.617 -100.00 -100.00 -100.00
 256   183.567 57196.08409597 10.38 268.500157  40.092494  9.842 -100.00 -100.00 -100.00
 257   184.281 57205.99973017 14.13 268.497435  40.090190  8.890 -100.00 -100.00 -100.00
 257   183.767 57205.99973076 12.79 268.499102  40.092501  7.500 -100.00 -100.00 -100.00
 257   184.354 57205.99973136 11.61 268.500769  40.094812  7.297 -100.00 -100.00 -100.00
 258   146.625 57215.91537567 31.38 268.497032  40.091276   -100 -100.00 -100.00 -100.00
 258   146.658 57215.91537626 31.08 268.498699  40.093587 22.631 -100.00 -100.00 -100.00
 258   146.502 57215.91537685 34.13 268.500366  40.095898   -100 -100.00 -100.00 -100.00
 259   194.646 57225.83101951  9.54 268.496415  40.090019  6.375 -100.00 -100.00 -100.00
 259   194.028 57225.83102010  9.40 268.498082  40.092330  6.943 -100.00 -100.00 -100.00
 259   197.922 57225.83102069 13.38 268.499749  40.094641  8.254 -100.00 -100.00 -100.00
 260   184.156 57235.74666174 10.45 268.497868  40.089893  6.990 -100.00 -100.00 -100.00
 260   183.907 57235.74666233  9.95 268.499534  40.092204  7.590 -100.00 -100.00 -100.00
 261   184.449 57245.66229946 13.17 268.496771  40.085681 11.636 -100.00 -100.00 -100.00
 261   183.724 57245.66230005 12.86 268.498438  40.087992 13.121 -100.00 -100.00 -100.00
 261   184.093 57245.66230064  7.45 268.500105  40.090303  4.727 -100.00 -100.00 -100.00
 262   174.055 57255.57793532 18.07 268.497593  40.084993 26.505 -100.00 -100.00 -100.00
 262   183.881 57255.57793591  9.95 268.499260  40.087304  8.166 -100.00 -100.00 -100.00
 263   144.268 57265.49356996 38.37 268.498359  40.085286   -100 -100.00 -100.00 -100.00
 263   144.248 57265.49357055 37.02 268.500026  40.087597   -100 -100.00 -100.00 -100.00
 264   144.780 57275.40921228 43.34 268.497492  40.085009 25.915 -100.00 -100.00 -100.00
 264   144.350 57275.40921287 47.22 268.499158  40.087320   -100 -100.00 -100.00 -100.00
 264   144.247 57275.40921346 51.64 268.500825  40.089631 18.190 -100.00 -100.00 -100.00
 265   199.657 57285.32486966 15.12 268.496883  40.088148  8.697 -100.00 -100.00 -100.00
 265   200.180 57285.32487025 18.70 268.498549  40.090459 14.496 -100.00 -100.00 -100.00
 265   200.549 57285.32487084 24.44 268.500216  40.092770 11.753 -100.00 -100.00 -100.00
 266   183.746 57295.24052380 12.37 268.496587  40.089265 12.101 -100.00 -100.00 -100.00
 266   184.512 57295.24052439  8.47 268.498253  40.091576  6.029 -100.00 -100.00 -100.00
 266   184.880 57295.24052498  8.32 268.499920  40.093887  5.708 -100.00 -100.00 -100.00
 267   144.495 57305.15617450 41.21 268.496948  40.090694 19.717 -100.00 -100.00 -100.00
 267   144.093 57305.15617509 48.25 268.498615  40.093005   -100 -100.00 -100.00 -100.00
 267   143.866 57305.15617568 52.47 268.500281  40.095315   -100 -100.00 -100.00 -100.00
 268   143.444 57315.07182136 20.25 268.496318  40.091939 20.830 -100.00 -100.00 -100.00
 268   143.513 57315.07182195 19.29 268.497985  40.094250 19.397 -100.00 -100.00 -100.00
 268   143.338 57315.07182254 24.07 268.499652  40.096561 31.890 -100.00 -100.00 -100.00
 269   144.428 57324.98746553 43.10 268.496436  40.094747 27.894 -100.00 -100.00 -100.00
 269   144.128 57324.98746613 47.72 268.498104  40.097058   -100 -100.00 -100.00 -100.00
 269   144.182 57324.98746672 51.38 268.499771  40.099369   -100 -100.00 -100.00 -100.00
 270   144.240 57334.90310718 24.86 268.496104  40.093953 15.632 -100.00 -100.00 -100.00
 270   144.058 57334.90310777 24.42 268.497771  40.096264 15.338 -100.00 -100.00 -100.00
 270   144.309 57334.90310836 27.54 268.499438  40.098575 20.617 -100.00 -100.00 -100.00
 271   151.813 57344.81874682 18.96 268.497429  40.091829 14.561 -100.00 -100.00 -100.00
 271   146.010 57344.81874741 22.65 268.499096  40.094140 26.775 -100.00 -100.00 -100.00
 271   145.893 57344.81874800 24.32 268.500763  40.096451 30.688 -100.00 -100.00 -100.00
 272   146.420 57354.73440150 33.54 268.496444  40.092529 25.086 -100.00 -100.00 -100.00
 272   145.930 57354.73440209 37.50 268.498111  40.094840   -100 -100.00 -100.00 -100.00
 272   145.938 57354.73440268 40.16 268.499778  40.097152   -100 -100.00 -100.00 -100.00
 273   145.928 57364.65004550 27.52 268.497121  40.091534 19.206 -100.00 -100.00 -100.00
 273   145.757 57364.65004609 28.32 268.498788  40.093845 20.600 -100.00 -100.00 -100.00
 273   145.011 57364.65004668 34.10 268.500455  40.096156   -100 -100.00 -100.00 -100.00
 274   198.230 57374.56568549 22.36 268.496414  40.088851 30.996 -100.00 -100.00 -100.00
 274   198.409 57374.56568608  8.93 268.498081  40.091162  6.979 -100.00 -100.00 -100.00
 274   203.435 57374.56568667 10.45 268.499749  40.093473  9.897 -100.00 -100.00 -100.00
 275   191.216 57384.48132396 16.56 268.496884  40.088363  3.847 -100.00 -100.00 -100.00
 275   191.088 57384.48132455 15.56 268.498552  40.090674  3.556 -100.00 -100.00 -100.00
 275   190.292 57384.48132514 15.56 268.500219  40.092985  3.815 -100.00 -100.00 -100.00
 276   175.417 57394.39696159 14.15 268.497316  40.086518 10.132 -100.00 -100.00 -100.00
 276   199.619 57394.39696218  9.58 268.498982  40.088830  4.356 -100.00 -100.00 -100.00
 276   198.942 57394.39696277 10.84 268.500649  40.091141  4.982 -100.00 -100.00 -100.00
 277   201.109 57404.31259833 16.03 268.498975  40.084470 10.240 -100.00 -100.00 -100.00
 277   201.057 57404.31259892 23.35 268.500642  40.086782 24.096 -100.00 -100.00 -100.00
 278   200.354 57414.22824440 25.15 268.497921  40.082457 13.400 -100.00 -100.00 -100.00
 278   199.577 57414.22824499 23.30 268.499587  40.084768 12.340 -100.00 -100.00 -100.00
 278   194.656 57414.22824558 30.63 268.501254  40.087079 31.583 -100.00 -100.00 -100.00
 279   200.044 57424.14389657 13.80 268.498366  40.086805  5.879 -100.00 -100.00 -100.00
 279   198.040 57424.14389716 29.45 268.500033  40.089117 21.388 -100.00 -100.00 -100.00
 280   200.432 57434.05954592 24.84 268.497534  40.091470 22.965 -100.00 -100.00 -100.00
 280   197.399 57434.05954652 29.50 268.499201  40.093781 15.978 -100.00 -100.00 -100.00
 280   193.148 57434.05954711 28.38 268.500868  40.096093   -100 -100.00 -100.00 -100.00
 281   144.990 57443.97519346 29.63 268.496491  40.095293 32.764 -100.00 -100.00 -100.00
 281   144.915 57443.97519405 30.65 268.498158  40.097604   -100 -100.00 -100.00 -100.00
 282   146.220 57453.89083978 20.26 268.495538  40.095716 12.393 -100.00 -100.00 -100.00
 282   146.132 57453.89084037 20.81 268.497205  40.098027 14.006 -100.00 -100.00 -100.00
 282   145.941 57453.89084096 20.70 268.498872  40.100339 13.137 -100.00 -100.00 -100.00
 283   146.065 57463.80648450 25.03 268.497168  40.095770 19.898 -100.00 -100.00 -100.00
 283   146.133 57463.80648509 22.75 268.498836  40.098081 11.134 -100.00 -100.00 -100.00
 284   183.917 57473.72212417 10.44 268.497322  40.089421  6.373 -100.00 -100.00 -100.00
 284   183.828 57473.72212476  9.32 268.498989  40.091733  5.726 -100.00 -100.00 -100.00
 284   184.085 57473.72212535  9.35 268.500656  40.094044  6.374 -100.00 -100.00 -100.00
 286   174.106 57493.55339401 15.61 268.498152  40.082629 17.011 -100.00 -100.00 -100.00
 286   173.947 57493.55339460 13.96 268.499819  40.084940 14.832 -100.00 -100.00 -100.00
 287   173.968 57503.46902587 17.49 268.499495  40.082266 25.243 -100.00 -100.00 -100.00
 287   179.245 57503.46902646 10.96 268.501161  40.084578 11.835 -100.00 -100.00 -100.00
 288   202.202 57513.38467890 30.68 268.497599  40.084672 30.757 -100.00 -100.00 -100.00
 288   198.516 57513.38467949 29.52 268.499265  40.086983 30.343 -100.00 -100.00 -100.00
 288   194.021 57513.38468008 17.89 268.500932  40.089294 24.889 -100.00 -100.00 -100.00
 289   200.953 57523.30033348 12.72 268.496955  40.085963  5.604 -100.00 -100.00 -100.00
 289   200.721 57523.30033407  9.75 268.498622  40.088275  3.893 -100.00 -100.00 -100.00
 289   201.924 57523.30033466 25.04 268.500289  40.090586   -100 -100.00 -100.00 -100.00
 290   184.087 57533.21598592 10.66 268.498146  40.087141  8.157 -100.00 -100.00 -100.00
 290   184.165 57533.21598651  6.23 268.499813  40.089452  5.071 -100.00 -100.00 -100.00
 291   173.828 57543.13163483 12.67 268.497747  40.086884 12.488 -100.00 -100.00 -100.00
 291   183.932 57543.13163542  8.17 268.499414  40.089195  6.664 -100.00 -100.00 -100.00
 292   183.904 57553.04728175  7.76 268.497858  40.089250  6.756 -100.00 -100.00 -100.00
 292   199.239 57553.04728234  7.49 268.499525  40.091561  4.733 -100.00 -100.00 -100.00
 293   145.206 57562.96292708 30.25 268.496821  40.090701   -100 -100.00 -100.00 -100.00
 293   145.201 57562.96292767 33.18 268.498488  40.093012   -100 -100.00 -100.00 -100.00
 293   145.306 57562.96292826 34.42 268.500155  40.095323   -100 -100.00 -100.00 -100.00
 294   144.943 57572.87857230 44.51 268.497209  40.092722   -100 -100.00 -100.00 -100.00
 294   145.066 57572.87857289 49.46 268.498876  40.095033   -100 -100.00 -100.00 -100.00
 294   144.905 57572.87857348 49.45 268.500543  40.097343   -100 -100.00 -100.00 -100.00
 295   183.827 57582.79421652 12.24 268.496536  40.090694  9.914 -100.00 -100.00 -100.00
 295   184.705 57582.79421711 10.51 268.498202  40.093005  7.006 -100.00 -100.00 -100.00
 295   184.726 57582.79421770  9.39 268.499869  40.095316  5.590 -100.00 -100.00 -100.00
 296   183.773 57592.70985932  8.33 268.498006  40.090146  6.564 -100.00 -100.00 -100.00
 296   184.071 57592.70985991  8.50 268.499673  40.092457  8.119 -100.00 -100.00 -100.00
 297   201.878 57602.62549911 10.60 268.497491  40.088152  6.018 -100.00 -100.00 -100.00
 297   201.744 57602.62549970  8.99 268.499158  40.090463  6.843 -100.00 -100.00 -100.00
 297   199.953 57602.62550029 21.08 268.500825  40.092774 20.038 -100.00 -100.00 -100.00
