-350437.042   -12.000     0.00    0.00
-350147.415   -12.000     0.00    0.00
-349857.773   -12.000     0.00    0.00
-349568.117   -12.000     0.00    0.00
-349278.448   -12.000     0.00    0.00
-348988.764   -12.000     0.00    0.00
-348699.066   -12.000     0.00    0.00
-348409.354   -12.000     0.00    0.00
-348119.628   -12.000     0.00    0.00
-347829.887   -12.000     0.00    0.00
-347540.133   -12.000     0.00    0.00
-347250.365   -12.000     0.00    0.00
-346960.582   -12.000     0.00    0.00
-346670.785   -12.000     0.00    0.00
-346380.975   -12.000     0.00    0.00
-346091.150   -12.000     0.00    0.00
-345801.311   -12.000     0.00    0.00
-345511.457   -12.000     0.00    0.00
-345221.590   -12.000     0.00    0.00
-344931.709   -12.000     0.00    0.00
-344642.296   -12.000     0.00    0.00
-344355.409   -12.000     0.00    0.00
-344068.509   -12.000     0.00    0.00
-343781.594   -12.000     0.00    0.00
-343494.666   -12.000     0.00    0.00
-343207.724   -12.000     0.00    0.00
-342920.769   -12.000     0.00    0.00
-342633.799   -12.000     0.00    0.00
-342346.816   -12.000     0.00    0.00
-342059.819   -12.000     0.00    0.00
-341772.808   -12.000     0.00    0.00
-341485.783   -12.000     0.00    0.00
-341198.745   -12.000     0.00    0.00
-340911.692   -12.000     0.00    0.00
-340624.626   -12.000     0.00    0.00
-340337.546   -12.000     0.00    0.00
-340050.452   -12.000     0.00    0.00
-339763.344   -12.000     0.00    0.00
-339476.223   -12.000     0.00    0.00
-339189.087   -12.000     0.00    0.00
-338901.938   -12.000     0.00    0.00
-338614.775   -12.000     0.00    0.00
-338327.598   -12.000     0.00    0.00
-338040.407   -12.000     0.00    0.00
-337753.202   -12.000     0.00    0.00
-337465.984   -12.000     0.00    0.00
-337178.752   -12.000     0.00    0.00
-336891.505   -12.000     0.00    0.00
-336604.245   -12.000     0.00    0.00
-336316.971   -12.000     0.00    0.00
-336029.683   -12.000     0.00    0.00
-335742.382   -12.000     0.00    0.00
-335455.066   -12.000     0.00    0.00
-335167.737   -12.000     0.00    0.00
-334880.393   -12.000     0.00    0.00
-334593.036   -12.000     0.00    0.00
-334305.665   -12.000     0.00    0.00
-334018.280   -12.000     0.00    0.00
-333730.881   -12.000     0.00    0.00
-333443.468   -12.000     0.00    0.00
-333156.042   -12.000     0.00    0.00
-332868.601   -12.000     0.00    0.00
-332581.146   -12.000     0.00    0.00
-332293.678   -12.000     0.00    0.00
-332006.196   -12.000     0.00    0.00
-331718.699   -12.000     0.00    0.00
-331431.189   -12.000     0.00    0.00
-331143.665   -12.000     0.00    0.00
-330856.127   -12.000     0.00    0.00
-330568.575   -12.000     0.00    0.00
-330281.010   -12.000     0.00    0.00
-329993.430   -12.000     0.00    0.00
-329705.836   -12.000     0.00    0.00
-329418.229   -12.000     0.00    0.00
-329130.607   -12.000     0.00    0.00
-328842.971   -12.000     0.00    0.00
-328555.322   -12.000     0.00    0.00
-328267.659   -12.000     0.00    0.00
-327979.981   -12.000     0.00    0.00
-327692.290   -12.000     0.00    0.00
-327404.585   -12.000     0.00    0.00
-327116.866   -12.000     0.00    0.00
-326829.133   -12.000     0.00    0.00
-326541.385   -12.000     0.00    0.00
-326253.624   -12.000     0.00    0.00
-325965.849   -12.000     0.00    0.00
-325678.060   -12.000     0.00    0.00
-325390.257   -12.000     0.00    0.00
-325102.441   -12.000     0.00    0.00
-324814.610   -12.000     0.00    0.00
-324526.765   -12.000     0.00    0.00
-324238.906   -12.000     0.00    0.00
-323951.033   -12.000     0.00    0.00
-323663.146   -12.000     0.00    0.00
-323375.245   -12.000     0.00    0.00
-323087.331   -12.000     0.00    0.00
-322799.402   -12.000     0.00    0.00
-322511.459   -12.000     0.00    0.00
-322223.502   -12.000     0.00    0.00
-321935.531   -12.000     0.00    0.00
-321647.546   -12.000     0.00    0.00
-321359.548   -12.000     0.00    0.00
-321071.535   -12.000     0.00    0.00
-320783.508   -12.000     0.00    0.00
-320495.467   -12.000     0.00    0.00
-320207.412   -12.000     0.00    0.00
-319919.343   -12.000     0.00    0.00
-319631.260   -12.000     0.00    0.00
-319343.163   -12.000     0.00    0.00
-319055.052   -12.000     0.00    0.00
-318766.927   -12.000     0.00    0.00
-318478.788   -12.000     0.00    0.00
-318190.635   -12.000     0.00    0.00
-317902.468   -12.000     0.00    0.00
-317614.287   -12.000     0.00    0.00
-317326.091   -12.000     0.00    0.00
-317037.882   -12.000     0.00    0.00
-316749.659   -12.000     0.00    0.00
-316461.421   -12.000     0.00    0.00
-316173.170   -12.000     0.00    0.00
-315884.904   -12.000     0.00    0.00
-315596.625   -12.000     0.00    0.00
-315308.331   -12.000     0.00    0.00
-315020.023   -12.000     0.00    0.00
-314731.702   -12.000     0.00    0.00
-314443.366   -12.000     0.00    0.00
-314155.016   -12.000     0.00    0.00
-313866.652   -12.000     0.00    0.00
-313578.274   -12.000     0.00    0.00
-313289.881   -12.000     0.00    0.00
-313001.475   -12.000     0.00    0.00
-312713.055   -12.000     0.00    0.00
-312424.620   -12.000     0.00    0.00
-312136.172   -12.000     0.00    0.00
-311847.709   -12.000     0.00    0.00
-311559.232   -12.000     0.00    0.00
-311270.742   -12.000     0.00    0.00
-310982.237   -12.000     0.00    0.00
-310693.717   -12.000     0.00    0.00
-310405.184   -12.000     0.00    0.00
-310116.637   -12.000     0.00    0.00
-309828.075   -12.000     0.00    0.00
-309539.500   -12.000     0.00    0.00
-309250.910   -12.000     0.00    0.00
-308962.306   -12.000     0.00    0.00
-308673.688   -12.000     0.00    0.00
-308385.056   -12.000     0.00    0.00
-308096.410   -12.000     0.00    0.00
-307807.750   -12.000     0.00    0.00
-307519.075   -12.000     0.00    0.00
-307230.387   -12.000     0.00    0.00
-306941.684   -12.000     0.00    0.00
-306652.967   -12.000     0.00    0.00
-306364.236   -12.000     0.00    0.00
-306075.491   -12.000     0.00    0.00
-305786.731   -12.000     0.00    0.00
-305497.958   -12.000     0.00    0.00
-305209.170   -12.000     0.00    0.00
-304920.368   -12.000     0.00    0.00
-304631.552   -12.000     0.00    0.00
-304342.722   -12.000     0.00    0.00
-304053.878   -12.000     0.00    0.00
-303765.019   -12.000     0.00    0.00
-303476.146   -12.000     0.00    0.00
-303187.259   -12.000     0.00    0.00
-302898.358   -12.000     0.00    0.00
-302609.443   -12.000     0.00    0.00
-302320.513   -12.000     0.00    0.00
-302031.570   -12.000     0.00    0.00
-301742.612   -12.000     0.00    0.00
-301453.640   -12.000     0.00    0.00
-301164.654   -12.000     0.00    0.00
-300875.653   -12.000     0.00    0.00
-300586.638   -12.000     0.00    0.00
-300297.609   -12.000     0.00    0.00
-300008.566   -12.000     0.00    0.00
-299719.509   -12.000     0.00    0.00
-299430.437   -12.000     0.00    0.00
-299141.352   -12.000     0.00    0.00
-298852.252   -12.000     0.00    0.00
-298563.137   -12.000     0.00    0.00
-298274.009   -12.000     0.00    0.00
-297984.866   -12.000     0.00    0.00
-297695.709   -12.000     0.00    0.00
-297406.538   -12.000     0.00    0.00
-297117.353   -12.000     0.00    0.00
-296828.153   -12.000     0.00    0.00
-296538.939   -12.000     0.00    0.00
-296249.711   -12.000     0.00    0.00
-295960.469   -12.000     0.00    0.00
-295671.212   -12.000     0.00    0.00
-295381.941   -12.000     0.00    0.00
-295092.656   -12.000     0.00    0.00
-294803.357   -12.000     0.00    0.00
-294514.043   -12.000     0.00    0.00
-294224.715   -12.000     0.00    0.00
-293935.373   -12.000     0.00    0.00
-293646.016   -12.000     0.00    0.00
-293356.646   -12.000     0.00    0.00
-293067.261   -12.000     0.00    0.00
-292777.861   -12.000     0.00    0.00
-292488.448   -12.000     0.00    0.00
-292199.020   -12.000     0.00    0.00
-291909.577   -12.000     0.00    0.00
-291620.121   -12.000     0.00    0.00
-291330.650   -12.000     0.00    0.00
-291041.165   -12.000     0.00    0.00
-290751.666   -12.000     0.00    0.00
-290462.152   -12.000     0.00    0.00
-290172.624   -12.000     0.00    0.00
-289883.082   -12.000     0.00    0.00
-289593.525   -12.000     0.00    0.00
-289303.954   -12.000     0.00    0.00
-289014.369   -12.000     0.00    0.00
-288724.769   -12.000     0.00    0.00
-288435.155   -12.000     0.00    0.00
-288145.527   -12.000     0.00    0.00
-287855.884   -12.000     0.00    0.00
-287566.228   -12.000     0.00    0.00
-287276.556   -12.000     0.00    0.00
-286986.871   -12.000     0.00    0.00
-286697.171   -12.000     0.00    0.00
-286407.457   -12.000     0.00    0.00
-286117.728   -12.000     0.00    0.00
-285827.985   -12.000     0.00    0.00
-285538.228   -12.000     0.00    0.00
-285248.456   -12.000     0.00    0.00
-284958.670   -12.000     0.00    0.00
-284668.870   -12.000     0.00    0.00
-284379.055   -12.000     0.00    0.00
-284089.226   -12.000     0.00    0.00
-283799.382   -12.000     0.00    0.00
-283509.524   -12.000     0.00    0.00
-283219.652   -12.000     0.00    0.00
-282929.765   -12.000     0.00    0.00
-282639.864   -12.000     0.00    0.00
-282352.046   -12.000     0.00    0.00
-282065.190   -12.000     0.00    0.00
-281778.320   -12.000     0.00    0.00
-281491.436   -12.000     0.00    0.00
-281204.538   -12.000     0.00    0.00
-280917.625   -12.000     0.00    0.00
-280630.699   -12.000     0.00    0.00
-280343.759   -12.000     0.00    0.00
-280056.805   -12.000     0.00    0.00
-279769.836   -12.000     0.00    0.00
-279482.854   -12.000     0.00    0.00
-279195.857   -12.000     0.00    0.00
-278908.847   -12.000     0.00    0.00
-278621.822   -12.000     0.00    0.00
-278334.783   -12.000     0.00    0.00
-278047.730   -12.000     0.00    0.00
-277760.664   -12.000     0.00    0.00
-277473.583   -12.000     0.00    0.00
-277186.488   -12.000     0.00    0.00
-276899.379   -12.000     0.00    0.00
-276612.255   -12.000     0.00    0.00
-276325.118   -12.000     0.00    0.00
-276037.967   -12.000     0.00    0.00
-275750.801   -12.000     0.00    0.00
-275463.622   -12.000     0.00    0.00
-275176.428   -12.000     0.00    0.00
-274889.221   -12.000     0.00    0.00
-274601.999   -12.000     0.00    0.00
-274314.763   -12.000     0.00    0.00
-274027.513   -12.000     0.00    0.00
-273740.249   -12.000     0.00    0.00
-273452.970   -12.000     0.00    0.00
-273165.678   -12.000     0.00    0.00
-272878.371   -12.000     0.00    0.00
-272591.051   -12.000     0.00    0.00
-272303.716   -12.000     0.00    0.00
-272016.367   -12.000     0.00    0.00
-271729.004   -12.000     0.00    0.00
-271441.627   -12.000     0.00    0.00
-271154.236   -12.000     0.00    0.00
-270866.830   -12.000     0.00    0.00
-270579.411   -12.000     0.00    0.00
-270291.977   -12.000     0.00    0.00
-270004.529   -12.000     0.00    0.00
-269717.067   -12.000     0.00    0.00
-269429.591   -12.000     0.00    0.00
-269142.101   -12.000     0.00    0.00
-268854.596   -12.000     0.00    0.00
-268567.078   -12.000     0.00    0.00
-268279.545   -12.000     0.00    0.00
-267991.998   -12.000     0.00    0.00
-267704.437   -12.000     0.00    0.00
-267416.862   -12.000     0.00    0.00
-267129.272   -12.000     0.00    0.00
-266841.668   -12.000     0.00    0.00
-266554.051   -12.000     0.00    0.00
-266266.419   -12.000     0.00    0.00
-265978.772   -12.000     0.00    0.00
-265691.112   -12.000     0.00    0.00
-265403.437   -12.000     0.00    0.00
-265115.749   -12.000     0.00    0.00
-264828.046   -12.000     0.00    0.00
-264540.329   -12.000     0.00    0.00
-264252.597   -12.000     0.00    0.00
-263964.852   -12.000     0.00    0.00
-263677.092   -12.000     0.00    0.00
-263389.318   -12.000     0.00    0.00
-263101.530   -12.000     0.00    0.00
-262813.727   -12.000     0.00    0.00
-262525.911   -12.000     0.00    0.00
-262238.080   -12.000     0.00    0.00
-261950.235   -12.000     0.00    0.00
-261662.375   -12.000     0.00    0.00
-261374.502   -12.000     0.00    0.00
-261086.614   -12.000     0.00    0.00
-260798.712   -12.000     0.00    0.00
-260510.796   -12.000     0.00    0.00
-260222.865   -12.000     0.00    0.00
-259934.921   -12.000     0.00    0.00
-259646.962   -12.000     0.00    0.00
-259358.988   -12.000     0.00    0.00
-259071.001   -12.000     0.00    0.00
-258782.999   -12.000     0.00    0.00
-258494.983   -12.000     0.00    0.00
-258206.953   -12.000     0.00    0.00
-257918.908   -12.000     0.00    0.00
-257630.850   -12.000     0.00    0.00
-257342.777   -12.000     0.00    0.00
-257054.689   -12.000     0.00    0.00
-256766.588   -12.000     0.00    0.00
-256478.472   -12.000     0.00    0.00
-256190.342   -12.000     0.00    0.00
-255902.197   -12.000     0.00    0.00
-255614.039   -12.000     0.00    0.00
-255325.866   -12.000     0.00    0.00
-255037.678   -12.000     0.00    0.00
-254749.477   -12.000     0.00    0.00
-254461.261   -12.000     0.00    0.00
-254173.031   -12.000     0.00    0.00
-253884.786   -12.000     0.00    0.00
-253596.527   -12.000     0.00    0.00
-253308.254   -12.000     0.00    0.00
-253019.967   -12.000     0.00    0.00
-252731.665   -12.000     0.00    0.00
-252443.349   -12.000     0.00    0.00
-252155.019   -12.000     0.00    0.00
-251866.674   -12.000     0.00    0.00
-251578.315   -12.000     0.00    0.00
-251289.942   -12.000     0.00    0.00
-251001.554   -12.000     0.00    0.00
-250713.152   -12.000     0.00    0.00
-250424.736   -12.000     0.00    0.00
-250136.305   -12.000     0.00    0.00
-249847.860   -12.000     0.00    0.00
-249559.401   -12.000     0.00    0.00
-249270.927   -12.000     0.00    0.00
-248982.439   -12.000     0.00    0.00
-248693.937   -12.000     0.00    0.00
-248405.420   -12.000     0.00    0.00
-248116.889   -12.000     0.00    0.00
-247828.343   -12.000     0.00    0.00
-247539.783   -12.000     0.00    0.00
-247251.209   -12.000     0.00    0.00
-246962.621   -12.000     0.00    0.00
-246674.018   -12.000     0.00    0.00
-246385.400   -12.000     0.00    0.00
-246096.769   -12.000     0.00    0.00
-245808.122   -12.000     0.00    0.00
-245519.462   -12.000     0.00    0.00
-245230.787   -12.000     0.00    0.00
-244942.098   -12.000     0.00    0.00
-244653.394   -12.000     0.00    0.00
-244364.676   -12.000     0.00    0.00
-244075.944   -12.000     0.00    0.00
-243787.197   -12.000     0.00    0.00
-243498.436   -12.000     0.00    0.00
-243209.660   -12.000     0.00    0.00
-242920.870   -12.000     0.00    0.00
-242632.066   -12.000     0.00    0.00
-242343.247   -12.000     0.00    0.00
-242054.413   -12.000     0.00    0.00
-241765.566   -12.000     0.00    0.00
-241476.704   -12.000     0.00    0.00
-241187.827   -12.000     0.00    0.00
-240898.936   -12.000     0.00    0.00
-240610.031   -12.000     0.00    0.00
-240321.111   -12.000     0.00    0.00
-240032.176   -12.000     0.00    0.00
-239743.228   -12.000     0.00    0.00
-239454.265   -12.000     0.00    0.00
-239165.287   -12.000     0.00    0.00
-238876.295   -12.000     0.00    0.00
-238587.288   -12.000     0.00    0.00
-238298.267   -12.000     0.00    0.00
-238009.232   -12.000     0.00    0.00
-237720.182   -12.000     0.00    0.00
-237431.118   -12.000     0.00    0.00
-237142.039   -12.000     0.00    0.00
-236852.946   -12.000     0.00    0.00
-236563.838   -12.000     0.00    0.00
-236274.716   -12.000     0.00    0.00
-235985.579   -12.000     0.00    0.00
-235696.428   -12.000     0.00    0.00
-235407.262   -12.000     0.00    0.00
-235118.082   -12.000     0.00    0.00
-234828.887   -12.000     0.00    0.00
-234539.678   -12.000     0.00    0.00
-234250.454   -12.000     0.00    0.00
-233961.216   -12.000     0.00    0.00
-233671.964   -12.000     0.00    0.00
-233382.696   -12.000     0.00    0.00
-233093.415   -12.000     0.00    0.00
-232804.119   -12.000     0.00    0.00
-232514.808   -12.000     0.00    0.00
-232225.483   -12.000     0.00    0.00
-231936.143   -12.000     0.00    0.00
-231646.789   -12.000     0.00    0.00
-231357.420   -12.000     0.00    0.00
-231068.037   -12.000     0.00    0.00
-230778.639   -12.000     0.00    0.00
-230489.227   -12.000     0.00    0.00
-230199.800   -12.000     0.00    0.00
-229910.359   -12.000     0.00    0.00
-229620.903   -12.000     0.00    0.00
-229331.432   -12.000     0.00    0.00
-229041.947   -12.000     0.00    0.00
-228752.448   -12.000     0.00    0.00
-228462.934   -12.000     0.00    0.00
-228173.405   -12.000     0.00    0.00
-227883.862   -12.000     0.00    0.00
-227594.304   -12.000     0.00    0.00
-227304.731   -12.000     0.00    0.00
-227015.145   -12.000     0.00    0.00
-226725.543   -12.000     0.00    0.00
-226435.927   -12.000     0.00    0.00
-226146.296   -12.000     0.00    0.00
-225856.651   -12.000     0.00    0.00
-225566.991   -12.000     0.00    0.00
-225277.317   -12.000     0.00    0.00
-224987.628   -12.000     0.00    0.00
-224697.925   -12.000     0.00    0.00
-224408.206   -12.000     0.00    0.00
-224118.474   -12.000     0.00    0.00
-223828.726   -12.000     0.00    0.00
-223538.964   -12.000     0.00    0.00
-223249.188   -12.000     0.00    0.00
-222959.397   -12.000     0.00    0.00
-222669.591   -12.000     0.00    0.00
-222379.771   -12.000     0.00    0.00
-222089.936   -12.000     0.00    0.00
-221800.086   -12.000     0.00    0.00
-221510.222   -12.000     0.00    0.00
-221220.343   -12.000     0.00    0.00
-220930.450   -12.000     0.00    0.00
-220640.542   -12.000     0.00    0.00
-220351.240   -12.000     0.00    0.00
-220064.429   -12.000     0.00    0.00
-219777.604   -12.000     0.00    0.00
-219490.765   -12.000     0.00    0.00
-219203.912   -12.000     0.00    0.00
-218917.044   -12.000     0.00    0.00
-218630.162   -12.000     0.00    0.00
-218343.266   -12.000     0.00    0.00
-218056.355   -12.000     0.00    0.00
-217769.430   -12.000     0.00    0.00
-217482.491   -12.000     0.00    0.00
-217195.538   -12.000     0.00    0.00
-216908.570   -12.000     0.00    0.00
-216621.588   -12.000     0.00    0.00
-216334.592   -12.000     0.00    0.00
-216047.581   -12.000     0.00    0.00
-215760.556   -12.000     0.00    0.00
-215473.517   -12.000     0.00    0.00
-215186.463   -12.000     0.00    0.00
-214899.395   -12.000     0.00    0.00
-214612.313   -12.000     0.00    0.00
-214325.216   -12.000     0.00    0.00
-214038.106   -12.000     0.00    0.00
-213750.980   -12.000     0.00    0.00
-213463.841   -12.000     0.00    0.00
-213176.687   -12.000     0.00    0.00
-212889.519   -12.000     0.00    0.00
-212602.336   -12.000     0.00    0.00
-212315.139   -12.000     0.00    0.00
-212027.928   -12.000     0.00    0.00
-211740.703   -12.000     0.00    0.00
-211453.463   -12.000     0.00    0.00
-211166.208   -12.000     0.00    0.00
-210878.940   -12.000     0.00    0.00
-210591.657   -12.000     0.00    0.00
-210304.359   -12.000     0.00    0.00
-210017.048   -12.000     0.00    0.00
-209729.722   -12.000     0.00    0.00
-209442.381   -12.000     0.00    0.00
-209155.026   -12.000     0.00    0.00
-208867.657   -12.000     0.00    0.00
-208580.274   -12.000     0.00    0.00
-208292.876   -12.000     0.00    0.00
-208005.463   -12.000     0.00    0.00
-207718.037   -12.000     0.00    0.00
-207430.595   -12.000     0.00    0.00
-207143.140   -12.000     0.00    0.00
-206855.670   -12.000     0.00    0.00
-206568.186   -12.000     0.00    0.00
-206280.687   -12.000     0.00    0.00
-205993.174   -12.000     0.00    0.00
-205705.646   -12.000     0.00    0.00
-205418.104   -12.000     0.00    0.00
-205130.548   -12.000     0.00    0.00
-204842.977   -12.000     0.00    0.00
-204555.392   -12.000     0.00    0.00
-204267.793   -12.000     0.00    0.00
-203980.179   -12.000     0.00    0.00
-203692.550   -12.000     0.00    0.00
-203404.907   -12.000     0.00    0.00
-203117.250   -12.000     0.00    0.00
-202829.578   -12.000     0.00    0.00
-202541.892   -12.000     0.00    0.00
-202254.192   -12.000     0.00    0.00
-201966.476   -12.000     0.00    0.00
-201678.747   -12.000     0.00    0.00
-201391.003   -12.000     0.00    0.00
-201103.245   -12.000     0.00    0.00
-200815.472   -12.000     0.00    0.00
-200527.684   -12.000     0.00    0.00
-200239.883   -12.000     0.00    0.00
-199952.067   -12.000     0.00    0.00
-199664.236   -12.000     0.00    0.00
-199376.391   -12.000     0.00    0.00
-199088.531   -12.000     0.00    0.00
-198800.657   -12.000     0.00    0.00
-198512.768   -12.000     0.00    0.00
-198224.865   -12.000     0.00    0.00
-197936.948   -12.000     0.00    0.00
-197649.016   -12.000     0.00    0.00
-197361.069   -12.000     0.00    0.00
-197073.108   -12.000     0.00    0.00
-196785.133   -12.000     0.00    0.00
-196497.143   -12.000     0.00    0.00
-196209.138   -12.000     0.00    0.00
-195921.119   -12.000     0.00    0.00
-195633.086   -12.000     0.00    0.00
-195345.038   -12.000     0.00    0.00
-195056.975   -12.000     0.00    0.00
-194768.898   -12.000     0.00    0.00
-194480.807   -12.000     0.00    0.00
-194192.700   -12.000     0.00    0.00
-193904.580   -12.000     0.00    0.00
-193616.445   -12.000     0.00    0.00
-193328.295   -12.000     0.00    0.00
-193040.131   -12.000     0.00    0.00
-192751.952   -12.000     0.00    0.00
-192463.759   -12.000     0.00    0.00
-192175.551   -12.000     0.00    0.00
-191887.329   -12.000     0.00    0.00
-191599.092   -12.000     0.00    0.00
-191310.841   -12.000     0.00    0.00
-191022.575   -12.000     0.00    0.00
-190734.294   -12.000     0.00    0.00
-190445.999   -12.000     0.00    0.00
-190157.689   -12.000     0.00    0.00
-189869.365   -12.000     0.00    0.00
-189581.026   -12.000     0.00    0.00
-189292.673   -12.000     0.00    0.00
-189004.305   -12.000     0.00    0.00
-188715.923   -12.000     0.00    0.00
-188427.525   -12.000     0.00    0.00
-188139.114   -12.000     0.00    0.00
-187850.688   -12.000     0.00    0.00
-187562.247   -12.000     0.00    0.00
-187273.791   -12.000     0.00    0.00
-186985.321   -12.000     0.00    0.00
-186696.837   -12.000     0.00    0.00
-186408.338   -12.000     0.00    0.00
-186119.824   -12.000     0.00    0.00
-185831.296   -12.000     0.00    0.00
-185542.753   -12.000     0.00    0.00
-185254.195   -12.000     0.00    0.00
-184965.623   -12.000     0.00    0.00
-184677.036   -12.000     0.00    0.00
-184388.435   -12.000     0.00    0.00
-184099.818   -12.000     0.00    0.00
-183811.188   -12.000     0.00    0.00
-183522.542   -12.000     0.00    0.00
-183233.883   -12.000     0.00    0.00
-182945.208   -12.000     0.00    0.00
-182656.519   -12.000     0.00    0.00
-182367.815   -12.000     0.00    0.00
-182079.097   -12.000     0.00    0.00
-181790.363   -12.000     0.00    0.00
-181501.616   -12.000     0.00    0.00
-181212.853   -12.000     0.00    0.00
-180924.076   -12.000     0.00    0.00
-180635.284   -12.000     0.00    0.00
-180346.478   -12.000     0.00    0.00
-180057.657   -12.000     0.00    0.00
-179768.821   -12.000     0.00    0.00
-179479.971   -12.000     0.00    0.00
-179191.106   -12.000     0.00    0.00
-178902.226   -12.000     0.00    0.00
-178613.332   -12.000     0.00    0.00
-178324.423   -12.000     0.00    0.00
-178035.499   -12.000     0.00    0.00
-177746.561   -12.000     0.00    0.00
-177457.608   -12.000     0.00    0.00
-177168.640   -12.000     0.00    0.00
-176879.657   -12.000     0.00    0.00
-176590.660   -12.000     0.00    0.00
-176301.648   -12.000     0.00    0.00
-176012.622   -12.000     0.00    0.00
-175723.581   -12.000     0.00    0.00
-175434.525   -12.000     0.00    0.00
-175145.454   -12.000     0.00    0.00
-174856.369   -12.000     0.00    0.00
-174567.268   -12.000     0.00    0.00
-174278.154   -12.000     0.00    0.00
-173989.024   -12.000     0.00    0.00
-173699.880   -12.000     0.00    0.00
-173410.721   -12.000     0.00    0.00
-173121.547   -12.000     0.00    0.00
-172832.359   -12.000     0.00    0.00
-172543.155   -12.000     0.00    0.00
-172253.938   -12.000     0.00    0.00
-171964.705   -12.000     0.00    0.00
-171675.457   -12.000     0.00    0.00
-171386.195   -12.000     0.00    0.00
-171096.918   -12.000     0.00    0.00
-170807.627   -12.000     0.00    0.00
-170518.320   -12.000     0.00    0.00
-170228.999   -12.000     0.00    0.00
-169939.663   -12.000     0.00    0.00
-169650.312   -12.000     0.00    0.00
-169360.947   -12.000     0.00    0.00
-169071.567   -12.000     0.00    0.00
-168782.172   -12.000     0.00    0.00
-168492.762   -12.000     0.00    0.00
-168203.337   -12.000     0.00    0.00
-167913.898   -12.000     0.00    0.00
-167624.444   -12.000     0.00    0.00
-167334.975   -12.000     0.00    0.00
-167045.491   -12.000     0.00    0.00
-166755.993   -12.000     0.00    0.00
-166466.480   -12.000     0.00    0.00
-166176.951   -12.000     0.00    0.00
-165887.409   -12.000     0.00    0.00
-165597.851   -12.000     0.00    0.00
-165308.278   -12.000     0.00    0.00
-165018.691   -12.000     0.00    0.00
-164729.089   -12.000     0.00    0.00
-164439.472   -12.000     0.00    0.00
-164149.840   -12.000     0.00    0.00
-163860.194   -12.000     0.00    0.00
-163570.532   -12.000     0.00    0.00
-163280.856   -11.894     0.37    0.61
-162991.165   -11.676     0.75    1.06
-162701.459   -11.406     0.93    1.34
-162411.738   -11.209     0.68    1.39
-162122.003   -10.913     1.02    1.57
-161832.252   -10.580     1.15    1.67
-161542.487   -10.206     1.29    1.82
-161252.707    -9.594     2.11    2.58
-160962.912    -9.044     1.90    2.77
-160673.102    -8.493     1.90    2.78
-160383.277    -8.145     1.20    2.69
-160093.438    -8.214    -0.24    2.61
-159803.583    -8.500    -0.99    2.61
-159513.714    -9.029    -1.83    2.53
-159223.830    -9.615    -2.02    1.50
-158933.931   -10.074    -1.58    0.83
-158644.017   -10.185    -0.38    0.73
-158354.088   -10.058     0.44    0.80
-158066.391   -10.157    -0.34    0.94
-157779.607   -10.075     0.29    1.00
-157492.809    -9.925     0.52    1.08
-157205.996    -9.955    -0.10    1.07
-156919.169   -10.091    -0.48    1.06
-156632.327   -10.119    -0.10    1.04
-156345.471   -10.152    -0.11    1.00
-156058.600   -10.182    -0.11    0.96
-155771.714   -10.015     0.58    0.98
-155484.815   -10.071    -0.20    1.00
-155197.900   -10.130    -0.21    1.01
-154910.971    -9.938     0.67    1.06
-154624.028    -9.853     0.30    1.03
-154337.070    -9.984    -0.46    1.05
-154050.097   -10.029    -0.16    0.99
-153763.110   -10.059    -0.10    0.98
-153476.109   -10.114    -0.19    1.11
-153189.092   -10.191    -0.27    1.15
-152902.062   -10.394    -0.71    1.12
-152615.016   -10.500    -0.37    1.14
-152327.957   -10.569    -0.24    1.13
-152040.882   -10.712    -0.50    1.13
-151753.793   -10.913    -0.70    1.01
-151466.690   -11.090    -0.61    0.95
-151179.572   -11.261    -0.60    0.85
-150892.439   -11.265    -0.01    0.86
-150605.292   -11.212     0.18    0.90
-150318.130   -11.152     0.21    0.95
-150030.953   -11.123     0.10    0.93
-149743.762   -11.074     0.17    0.89
-149456.557   -10.955     0.41    0.84
-149169.337   -10.754     0.70    0.85
-148882.102   -10.754     0.00    0.72
-148594.853   -10.768    -0.05    0.69
-148307.589   -10.597     0.60    0.72
-148020.310   -10.646    -0.17    0.82
-147733.017   -10.647    -0.00    0.96
-147445.709   -10.657    -0.03    0.99
-147158.387   -10.710    -0.19    0.96
-146871.050   -10.614     0.33    0.94
-146583.698   -10.551     0.22    1.05
-146296.332   -10.638    -0.30    1.44
-146008.951   -10.781    -0.50    1.46
-145721.556   -10.721     0.21    1.52
-145434.146   -10.853    -0.46    1.52
-145146.721   -11.130    -0.97    1.33
-144859.282   -11.314    -0.64    1.31
-144571.828   -11.441    -0.44    1.32
-144284.359   -11.507    -0.23    0.88
-143996.876   -11.591    -0.29    0.70
-143709.378   -11.773    -0.63    0.52
-143421.866   -11.881    -0.38    0.41
-143134.339   -11.940    -0.21    0.24
-142846.797   -11.912     0.10    0.29
-142559.240   -11.881     0.11    0.33
-142271.669   -11.768     0.39    0.52
-141984.083   -11.701     0.23    0.58
-141696.483   -11.646     0.19    0.62
-141408.868   -11.588     0.20    0.65
-141121.238   -11.477     0.39    0.66
-140833.594   -11.418     0.21    0.63
-140545.934   -11.406     0.04    0.58
-140258.261   -11.275     0.45    0.62
-139970.572   -11.162     0.39    0.64
-139682.869   -11.062     0.35    0.58
-139395.151   -10.882     0.62    0.64
-139107.419   -10.652     0.80    0.85
-138819.671   -10.412     0.83    0.87
-138531.909   -10.214     0.69    0.92
-138244.133   -10.224    -0.03    0.92
-137956.341   -10.224     0.00    1.04
-137668.535   -10.288    -0.22    1.08
-137380.715   -10.433    -0.50    1.09
-137092.879   -10.818    -1.34    1.48
-136805.029   -11.015    -0.68    1.46
-136517.164   -11.119    -0.36    1.46
-136229.285   -11.152    -0.11    1.35
-135941.390   -11.043     0.38    1.36
-135653.481   -10.941     0.35    1.36
-135365.557   -10.600     1.18    1.53
-135077.619   -10.412     0.65    1.20
-134789.666   -10.242     0.59    1.46
-134501.698   -10.485    -0.84    1.53
-134213.715   -10.478     0.02    1.59
-133925.718   -10.557    -0.27    1.63
-133637.705   -10.600    -0.15    1.62
-133349.679   -10.731    -0.46    1.61
-133061.637   -10.779    -0.17    1.65
-132773.580   -10.848    -0.24    1.38
-132485.509   -10.836     0.04    1.38
-132197.423   -10.718     0.41    1.28
-131909.323   -10.721    -0.01    1.35
-131621.207   -10.783    -0.22    1.34
-131333.077   -10.815    -0.11    1.32
-131044.932   -10.618     0.69    1.40
-130756.772   -10.515     0.36    1.43
-130468.598   -10.554    -0.13    1.47
-130180.408   -10.500     0.19    1.48
-129892.204   -10.544    -0.15    1.43
-129603.985   -10.580    -0.12    1.53
-129315.752   -10.594    -0.05    1.36
-129027.503   -10.439     0.54    1.45
-128739.240   -10.328     0.39    1.39
-128450.962   -10.409    -0.28    1.37
-128162.669   -10.286     0.43    1.90
-127874.361   -10.515    -0.79    1.89
-127586.039   -10.571    -0.20    1.89
-127297.701   -10.522     0.17    2.18
-127009.349   -10.603    -0.28    2.26
-126720.982   -10.691    -0.31    1.81
-126432.601   -10.547     0.50    1.89
-126144.204   -10.394     0.53    2.00
-125855.793   -10.478    -0.29    1.86
-125567.367   -10.580    -0.35    1.76
-125278.926   -10.686    -0.37    1.39
-124990.470   -10.612     0.26    1.37
-124701.999   -10.676    -0.22    1.37
-124413.514   -10.697    -0.07    1.31
-124125.013   -10.508     0.66    1.48
-123836.498   -10.279     0.79    1.57
-123547.968   -10.250     0.10    1.57
-123259.423   -10.129     0.42    1.59
-122970.863   -10.015     0.39    1.65
-122682.289    -9.924     0.31    1.74
-122393.699   -10.121    -0.68    1.56
-122105.095    -9.864     0.89    1.50
-121816.476    -9.623     0.83    1.61
-121527.842    -9.412     0.73    1.67
-121239.193    -9.386     0.09    1.68
-120950.529    -9.043     1.19    1.66
-120661.851    -8.926     0.41    1.70
-120373.157    -8.882     0.15    1.82
-120084.449    -8.723     0.55    1.87
-119795.725    -8.612     0.38    1.86
-119506.987    -8.522     0.31    1.84
-119218.234    -8.507     0.05    2.02
-118929.466    -8.391     0.40    2.00
-118640.683    -8.582    -0.66    1.92
-118351.885    -8.485     0.34    1.90
-118063.073    -8.621    -0.47    1.74
-117774.245    -8.803    -0.63    1.62
-117485.403    -8.884    -0.28    1.64
-117196.545    -8.716     0.58    1.69
-116907.673    -8.714     0.01    1.62
-116618.786    -8.721    -0.02    1.84
-116329.884    -8.621     0.34    2.12
-116040.967    -8.561     0.21    2.08
-115752.035    -8.333     0.79    2.26
-115463.088    -8.449    -0.40    2.21
-115174.126    -8.176     0.94    2.16
-114885.149    -7.986     0.66    2.14
-114596.157    -8.100    -0.40    1.96
-114307.151    -8.103    -0.01    1.93
-114018.129    -7.897     0.71    1.86
-113729.093    -7.953    -0.19    1.98
-113440.041    -7.853     0.35    2.00
-113150.975    -7.783     0.24    1.95
-112861.893    -7.657     0.43    2.08
-112572.797    -7.362     1.02    2.10
-112283.686    -7.273     0.31    2.18
-111994.560    -7.529    -0.89    2.08
-111705.418    -7.400     0.45    2.04
-111416.262    -7.582    -0.63    2.13
-111127.091    -7.943    -1.25    2.25
-110837.905    -8.224    -0.97    2.30
-110548.704    -8.412    -0.65    2.37
-110259.488    -8.394     0.06    2.55
-109970.256    -8.224     0.59    2.94
-109681.010    -7.909     1.09    3.39
-109391.749    -7.313     2.06    3.65
-109102.473    -6.985     1.14    3.88
-108813.182    -6.463     1.81    3.80
-108523.876    -6.029     1.50    3.63
-108234.555    -5.629     1.38    3.30
-107945.219    -5.785    -0.54    2.91
-107655.868    -5.647     0.48    2.92
-107366.502    -6.016    -1.27    2.54
-107077.121    -6.284    -0.93    2.65
-106787.725    -6.116     0.58    2.82
-106498.314    -6.362    -0.85    2.81
-106208.887    -5.676     2.37    2.90
-105919.446    -5.262     1.43    2.77
-105629.990    -5.235     0.09    3.15
-105340.519    -5.439    -0.71    3.20
-105051.033    -5.614    -0.60    3.09
-104761.531    -5.743    -0.44    3.03
-104472.015    -6.478    -2.54    2.86
-104182.483    -6.838    -1.25    2.54
-103892.937    -6.821     0.06    2.61
-103603.376    -6.530     1.00    2.71
-103313.799    -6.152     1.31    2.98
-103024.207    -5.882     0.93    3.11
-102734.601    -5.543     1.17    2.87
-102444.979    -4.896     2.23    2.90
-102155.342    -4.116     2.69    2.66
-101865.690    -3.569     1.89    2.59
-101576.024    -3.227     1.18    2.50
-101286.342    -2.618     2.10    2.32
-100996.644    -2.242     1.30    2.07
-100706.932    -1.797     1.54    2.10
-100417.205    -1.609     0.65    2.07
-100127.463    -1.600     0.03    2.05
 -99837.705    -1.552     0.16    2.41
 -99547.933    -1.281     0.94    2.31
 -99258.145    -1.250     0.11    2.33
 -98968.343    -1.043     0.71    2.37
 -98678.525    -1.014     0.10    2.35
 -98388.692    -0.700     1.08    2.75
 -98098.844    -0.485     0.74    2.73
 -97808.981    -0.868    -1.32    2.57
 -97519.103    -0.662     0.71    2.77
 -97229.209    -0.439     0.77    2.95
 -96939.301    -0.294     0.50    3.29
 -96649.377    -0.074     0.76    3.40
 -96359.439     0.029     0.35    3.60
 -96070.176     0.397     1.27    3.61
 -95783.443     0.537     0.49    3.60
 -95496.696     1.318     2.72    4.14
 -95209.934     1.292    -0.09    4.30
 -94923.158     1.368     0.26    4.14
 -94636.366     1.426     0.21    4.01
 -94349.560     1.014    -1.44    3.99
 -94062.739     0.971    -0.15    3.83
 -93775.904     1.435     1.62    3.41
 -93489.053     1.853     1.46    3.80
 -93202.188     1.831    -0.08    3.92
 -92915.308     1.985     0.54    3.95
 -92628.413     1.603    -1.33    3.77
 -92341.504     1.357    -0.86    3.57
 -92054.580     1.507     0.52    4.00
 -91767.641     1.250    -0.90    3.97
 -91480.687     0.373    -3.06    4.28
 -91193.718    -0.303    -2.36    4.40
 -90906.735    -0.015     1.00    4.77
 -90619.737     0.059     0.26    4.74
 -90332.724    -0.121    -0.63    4.89
 -90045.696     0.149     0.94    4.80
 -89758.653     0.324     0.61    4.46
 -89471.596     0.957     2.20    4.70
 -89184.524     1.162     0.71    4.71
 -88897.437     1.403     0.84    4.48
 -88610.335     1.574     0.59    4.44
 -88323.219     1.985     1.43    4.26
 -88036.087     2.377     1.36    4.24
 -87748.941     3.071     2.42    3.77
 -87461.780     2.627    -1.55    3.64
 -87174.604     2.045    -2.03    3.97
 -86887.414     1.716    -1.14    4.09
 -86600.208     0.910    -2.81    4.42
 -86312.988     0.712    -0.69    4.62
 -86025.753    -0.313    -3.57    4.94
 -85738.503    -1.500    -4.13    4.85
 -85451.238    -2.529    -3.58    4.41
 -85163.958    -2.915    -1.34    4.36
 -84876.664    -3.042    -0.44    4.23
 -84589.355    -3.029     0.04    4.24
 -84302.030    -3.441    -1.43    4.25
 -84014.691    -3.308     0.46    4.29
 -83727.337    -3.701    -1.37    4.35
 -83439.969    -4.400    -2.43    4.22
 -83152.585    -4.826    -1.48    4.03
 -82865.187    -5.786    -3.34    2.85
 -82577.773    -6.045    -0.90    2.02
 -82290.345    -5.868     0.62    1.98
 -82002.902    -5.803     0.22    1.92
 -81715.444    -5.185     2.15    2.11
 -81427.971    -4.618     1.97    2.34
 -81140.483    -3.706     3.17    2.55
 -80852.981    -2.843     3.00    3.04
 -80565.463    -2.116     2.53    3.21
 -80277.931    -1.543     1.99    3.13
 -79990.383    -0.985     1.94    3.06
 -79702.821    -1.470    -1.69    2.55
 -79415.244    -1.706    -0.82    2.55
 -79127.652    -2.221    -1.79    2.57
 -78840.045    -2.638    -1.45    2.64
 -78552.423    -3.229    -2.05    2.53
 -78264.787    -3.926    -2.43    2.37
 -77977.135    -4.397    -1.64    2.24
 -77689.469    -4.773    -1.31    2.05
 -77401.787    -5.045    -0.95    2.04
 -77114.091    -5.478    -1.50    2.25
 -76826.379    -5.478    -0.00    2.27
 -76538.653    -5.986    -1.76    2.01
 -76250.912    -6.309    -1.12    2.00
 -75963.156    -6.632    -1.12    2.00
 -75675.385    -6.682    -0.17    2.05
 -75387.599    -6.636     0.16    2.00
 -75099.798    -6.618     0.07    2.18
 -74811.982    -6.642    -0.08    2.26
 -74524.151    -6.429     0.74    2.55
 -74236.305    -6.029     1.39    2.53
 -73948.444    -6.072    -0.15    2.57
 -73660.569    -5.739     1.16    2.39
 -73372.678    -5.879    -0.49    2.27
 -73084.772    -5.882    -0.01    2.23
 -72796.852    -6.045    -0.57    1.81
 -72508.916    -5.899     0.51    1.78
 -72220.966    -6.000    -0.35    1.86
 -71933.000    -6.235    -0.82    1.89
 -71645.020    -6.235     0.00    1.83
 -71357.024    -6.379    -0.50    1.83
 -71069.014    -5.879     1.74    2.03
 -70780.988    -5.559     1.11    2.03
 -70492.948    -5.273     0.99    2.06
 -70204.892    -5.058     0.75    2.24
 -69916.822    -4.586     1.64    2.36
 -69628.736    -4.329     0.89    2.91
 -69340.636    -4.529    -0.70    3.08
 -69052.521    -4.545    -0.06    3.18
 -68764.390    -4.971    -1.48    3.07
 -68476.245    -5.328    -1.24    3.21
 -68188.084    -5.486    -0.55    3.21
 -67899.909    -5.732    -0.86    3.08
 -67611.718    -6.000    -0.93    2.50
 -67323.513    -5.926     0.26    2.77
 -67035.292    -5.761     0.57    3.09
 -66747.056    -5.848    -0.30    3.03
 -66458.806    -5.657     0.67    2.93
 -66170.540    -5.896    -0.83    2.68
 -65882.259    -5.779     0.40    2.66
 -65593.964    -6.119    -1.18    2.78
 -65305.653    -6.129    -0.03    2.65
 -65017.327    -6.090     0.14    2.62
 -64728.986    -6.576    -1.69    2.91
 -64440.630    -6.956    -1.32    3.12
 -64152.259    -7.059    -0.36    3.51
 -63863.873    -7.314    -0.89    3.54
 -63575.472    -8.000    -2.38    3.05
 -63287.056    -8.232    -0.80    2.94
 -62998.624    -8.368    -0.47    2.61
 -62710.178    -8.254     0.39    2.44
 -62421.717    -8.029     0.78    2.53
 -62133.240    -7.667     1.26    2.47
 -61844.749    -7.250     1.44    2.30
 -61556.242    -7.000     0.87    2.16
 -61267.720    -6.687     1.09    1.90
 -60979.183    -6.441     0.85    1.77
 -60690.631    -6.418     0.08    1.49
 -60402.064    -6.262     0.54    1.47
 -60113.482    -6.191     0.24    1.59
 -59824.885    -5.864     1.13    1.76
 -59536.273    -5.456     1.41    2.11
 -59247.645    -4.400     3.66    2.53
 -58959.003    -3.557     2.92    2.99
 -58670.345    -2.638     3.19    3.14
 -58381.672    -1.848     2.73    3.54
 -58092.984    -0.985     2.99    3.27
 -57804.281    -0.308     2.35    2.98
 -57515.563    -0.103     0.71    3.40
 -57226.830     0.014     0.41    3.70
 -56938.082     0.132     0.41    4.05
 -56649.318    -0.373    -1.75    4.37
 -56360.539    -0.864    -1.70    4.84
 -56071.746    -1.803    -3.25    4.87
 -55782.937    -2.750    -3.28    4.65
 -55494.113    -3.939    -4.12    3.97
 -55205.273    -4.043    -0.36    3.61
 -54916.419    -3.400     2.23    4.19
 -54627.549    -1.914     5.14    4.77
 -54338.665    -0.632     4.44    5.16
 -54049.765     0.697     4.60    5.52
 -53760.850     2.426     5.99    5.75
 -53471.920     3.926     5.19    5.48
 -53182.974     4.400     1.64    4.72
 -52894.014     3.732    -2.31    4.76
 -52605.038     3.206    -1.82    4.86
 -52316.047     2.912    -1.02    5.01
 -52027.041     2.152    -2.63    4.92
 -51738.020     2.333     0.63    5.11
 -51448.983     3.338     3.48    5.63
 -51159.932     4.574     4.27    6.24
 -50870.865     6.114     5.33    6.56
 -50581.783     7.304     4.12    6.61
 -50292.685     8.971     5.77    6.22
 -50003.573    10.925     6.76    4.82
 -49714.445    11.910     3.41    3.33
 -49425.302    11.735    -0.61    3.01
 -49136.144    11.000    -2.54    3.12
 -48846.971    10.319    -2.36    2.85
 -48557.783     9.857    -1.60    2.57
 -48268.579     9.618    -0.83    2.31
 -47979.360     9.338    -0.97    2.34
 -47690.126     9.185    -0.53    2.86
 -47400.876     9.712     1.82    3.11
 -47111.612     9.642    -0.24    3.95
 -46822.332     9.338    -1.05    4.67
 -46533.037     8.186    -3.98    5.60
 -46243.726     7.000    -4.10    6.04
 -45954.401     5.614    -4.79    6.54
 -45665.060     4.851    -2.64    6.00
 -45375.704     5.091     0.83    5.83
 -45086.332     5.103     0.04    5.60
 -44796.946     4.797    -1.06    4.83
 -44507.544     5.557     2.63    4.37
 -44218.127     5.957     1.38    3.81
 -43928.694     6.574     2.13    2.62
 -43639.247     6.897     1.12    2.27
 -43349.784     6.606    -1.01    2.47
 -43060.306     6.212    -1.36    3.08
 -42770.812     5.826    -1.33    3.19
 -42481.303     5.284    -1.87    3.17
 -42191.779     4.786    -1.72    3.48
 -41902.240     3.824    -3.32    3.23
 -41612.685     3.364    -1.59    2.96
 -41323.115     3.368     0.01    2.70
 -41033.530     3.299    -0.24    2.67
 -40743.929     3.221    -0.27    2.82
 -40454.314     3.522     1.04    2.67
 -40164.682     3.886     1.26    2.71
 -39875.036     4.571     2.37    2.76
 -39585.374     5.119     1.89    2.54
 -39295.697     5.544     1.47    2.68
 -39006.005     6.000     1.57    3.00
 -38716.297     6.565     1.95    2.83
 -38426.574     7.014     1.55    2.72
 -38136.836     7.299     0.98    2.28
 -37847.082     7.485     0.64    2.59
 -37557.313     7.368    -0.41    2.80
 -37267.528     7.075    -1.01    2.90
 -36977.729     6.866    -0.72    2.93
 -36687.914     6.000    -2.99    3.25
 -36398.083     5.162    -2.89    3.53
 -36108.237     4.015    -3.96    4.24
 -35818.376     2.471    -5.32    4.50
 -35528.500     0.746    -5.95    4.89
 -35238.608    -0.364    -3.83    5.09
 -34948.701    -0.853    -1.69    5.33
 -34658.778    -0.603     0.86    6.19
 -34368.840     0.357     3.31    6.97
 -34078.887     1.457     3.79    7.14
 -33791.235     2.681     4.26    7.66
 -33504.529     5.265     9.01    7.26
 -33217.808     7.881     9.12    6.48
 -32931.072     9.015     3.96    5.75
 -32644.321     8.791    -0.78    5.87
 -32357.555     8.373    -1.46    5.91
 -32070.774     6.768    -5.60    6.41
 -31783.977     5.239    -5.33    6.49
 -31497.166     3.743    -5.22    6.07
 -31210.340     2.412    -4.64    5.59
 -30923.499     1.478    -3.26    4.92
 -30636.643     1.221    -0.90    4.87
 -30349.772     0.015    -4.20    4.70
 -30062.886    -0.429    -1.55    4.91
 -29775.985    -0.100     1.15    5.04
 -29489.069    -1.194    -3.81    4.68
 -29202.138    -1.500    -1.07    4.59
 -28915.192    -1.552    -0.18    4.63
 -28628.231    -1.373     0.62    4.40
 -28341.255    -1.309     0.22    4.18
 -28054.264    -1.821    -1.78    3.41
 -27767.258    -1.162     2.30    4.42
 -27480.237    -0.536     2.18    5.05
 -27193.200     0.200     2.56    5.43
 -26906.149     0.929     2.54    5.55
 -26619.083     1.896     3.37    5.48
 -26332.001     2.324     1.49    5.41
 -26044.905     2.104    -0.76    5.06
 -25757.794     1.894    -0.73    4.65
 -25470.667     1.406    -1.70    4.13
 -25183.526     1.750     1.20    4.13
 -24896.369     2.169     1.46    4.06
 -24609.197     2.362     0.67    3.96
 -24322.011     2.119    -0.85    4.59
 -24034.809     2.074    -0.16    4.59
 -23747.592     1.652    -1.47    4.94
 -23460.360     1.441    -0.73    5.50
 -23173.113    -0.159    -5.57    5.53
 -22885.851    -1.594    -4.99    5.32
 -22598.574    -2.648    -3.67    4.91
 -22311.282    -3.088    -1.53    4.49
 -22023.974    -4.000    -3.17    3.43
 -21736.652    -4.446    -1.55    2.56
 -21449.314    -4.209     0.83    2.76
 -21161.962    -4.030     0.62    2.80
 -20874.594    -3.603     1.49    2.80
 -20587.211    -3.239     1.26    2.70
 -20299.813    -2.797     1.54    2.39
 -20012.400    -2.643     0.54    2.46
 -19724.972    -2.269     1.30    2.79
 -19437.529    -1.672     2.08    3.09
 -19150.071    -1.471     0.70    2.95
 -18862.597    -0.309     4.04    3.04
 -18575.109     0.718     3.57    3.10
 -18287.605     1.857     3.96    3.24
 -18000.086     3.103     4.33    3.71
 -17712.552     3.667     1.96    4.29
 -17425.003     3.485    -0.63    4.27
 -17137.439     3.439    -0.16    4.25
 -16849.859     3.750     1.08    4.67
 -16562.265     3.627    -0.43    4.81
 -16274.655     4.319     2.41    5.33
 -15987.030     4.771     1.57    5.64
 -15699.390     5.676     3.14    5.74
 -15411.735     7.044     4.76    5.79
 -15124.065     7.597     1.92    6.06
 -14836.379     7.926     1.15    6.25
 -14548.679     7.925    -0.00    6.48
 -14260.963     7.086    -2.92    7.04
 -13973.232     6.296    -2.75    7.12
 -13685.486     5.333    -3.34    7.02
 -13397.725     4.134    -4.17    6.64
 -13109.948     3.075    -3.68    5.87
 -12822.157     3.333     0.90    5.44
 -12534.350     3.779     1.55    4.93
 -12246.528     5.537     6.11    5.03
 -11958.690     7.088     5.39    4.76
 -11670.838     7.414     1.13    4.50
 -11382.970     7.420     0.02    4.32
 -11095.088     6.754    -2.32    4.48
 -10807.190     6.569    -0.64    4.33
 -10519.276     5.750    -2.85    4.47
 -10231.348     5.600    -0.52    4.43
  -9943.404     5.681     0.28    4.39
  -9655.445     6.116     1.51    4.46
  -9367.471     7.182     3.70    4.35
  -9079.482     8.029     2.94    4.27
  -8791.477     9.420     4.83    3.96
  -8503.458    10.697     4.43    3.60
  -8215.423    11.868     4.06    2.94
  -7927.372    12.561     2.41    2.89
  -7639.307    13.174     2.13    2.98
  -7351.226    13.667     1.71    3.16
  -7063.130    13.449    -0.75    3.43
  -6775.019    12.588    -2.99    4.16
  -6486.893    11.821    -2.66    4.54
  -6198.751    10.750    -3.72    4.96
  -5910.594     9.537    -4.21    4.53
  -5622.422     9.206    -1.15    3.88
  -5334.234     8.941    -0.92    3.75
  -5046.032     8.970     0.10    3.94
  -4757.814     9.614     2.23    3.99
  -4469.580    10.357     2.58    4.03
  -4181.332    10.776     1.45    4.17
  -3893.068    11.353     2.00    4.13
  -3604.789    11.164    -0.65    4.36
  -3316.495    10.186    -3.39    4.63
  -3028.185     9.071    -3.86    4.69
  -2739.860     8.456    -2.13    4.40
  -2451.520     7.338    -3.88    3.83
  -2163.164     6.735    -2.09    3.83
  -1874.794     6.239    -1.72    3.90
  -1586.407     5.088    -3.99    3.84
  -1298.006     5.000    -0.31    3.86
  -1009.589     4.544    -1.58    4.24
   -721.157     4.232    -1.08    4.70
   -432.710     4.290     0.20    5.04
   -144.247     4.824     1.85    6.30
    144.231     5.791     3.35    7.20
    432.724     6.691     3.12    8.16
    721.233     6.896     0.71    8.05
   1009.757     9.671     9.62    9.81
   1298.296    13.071    11.78   10.91
   1586.851    18.269    18.01   12.88
   1875.421    23.925    19.60   13.65
   2164.006    29.162    18.15   13.86
   2452.606    34.773    19.44   13.13
   2741.222    39.706    17.09   11.51
   3029.854    43.851    14.36   10.28
   3318.500    45.853     6.94   10.33
   3607.163    48.145     7.94    9.68
   3895.840    50.217     7.18   10.05
   4184.533    52.529     8.01    8.99
   4473.241    53.242     2.47    9.11
   4761.964    55.103     6.44    8.63
   5050.703    57.985     9.98    8.08
   5339.457    60.986    10.39    8.44
   5628.227    63.629     9.15    8.98
   5917.012    65.309     5.82    9.60
   6205.812    68.471    10.95   10.49
   6494.628    71.500    10.49    9.54
   6783.459    74.121     9.08    9.57
   7072.306    74.691     1.97   10.98
   7361.168    76.075     4.79   11.91
   7650.045    77.629     5.38   11.80
   7938.938    77.557    -0.25   11.95
   8227.846    76.203    -4.69   11.98
   8516.769    73.333    -9.93   13.82
   8805.708    69.343   -13.81   15.35
   9094.663    66.588    -9.53   15.33
   9383.632    62.182   -15.25   13.60
   9672.618    58.870   -11.46   10.90
   9961.618    57.444    -4.93    8.75
  10250.634    57.471     0.09    7.89
  10539.666    60.171     9.34    8.30
  10828.713    63.500    11.52    7.69
  11117.775    65.333     6.34    7.22
  11406.853    68.000     9.22    6.64
  11695.946    70.471     8.55    6.09
  11985.055    71.814     4.65    6.20
  12274.179    72.729     3.16    6.55
  12563.318    74.265     5.31    7.29
  12852.473    76.643     8.22    7.63
  13141.644    78.652     6.95    7.70
  13430.830    81.545    10.01    8.60
  13720.031    83.343     6.22    8.94
  14009.248    85.783     8.43    9.56
  14298.480    88.380     8.98    9.85
  14587.728    91.290    10.06   10.13
  14876.991    93.186     6.55    9.80
  15166.270    95.279     7.24    9.83
  15455.564    96.162     3.05   10.25
  15744.874    97.500     4.63   10.46
  16034.199    99.957     8.49   10.36
  16323.540   101.565     5.56    9.62
  16612.896   102.958     4.81    8.95
  16902.267   104.493     5.30    7.72
  17191.655   105.368     3.02    6.92
  17481.057   106.470     3.81    6.45
  17770.475   106.879     1.41    6.20
  18059.909   107.058     0.62    6.34
  18349.358   106.441    -2.13    7.17
  18638.823   104.729    -5.92    8.53
  18928.303   102.957    -6.12    9.53
  19217.799   100.235    -9.40   10.00
  19507.310    96.132   -14.17   11.86
  19796.837    91.288   -16.73   14.17
  20086.379    86.910   -15.12   13.74
  20375.937    83.521   -11.71   11.86
  20665.510    82.075    -5.00    9.54
  20955.099    81.704    -1.28    9.02
  21244.704    82.652     3.27   10.04
  21534.324    85.164     8.67   10.49
  21823.959    85.000    -0.57   11.14
  22113.611    85.657     2.27   10.99
  22403.277    84.662    -3.43   10.50
  22692.959    83.928    -2.53    8.97
  22982.657    83.899    -0.10    8.17
  23272.371    84.603     2.43    8.76
  23562.099    87.044     8.43   10.07
  23851.844    90.118    10.61   11.50
  24141.604    93.530    11.78   11.98
  24431.380    97.043    12.12   11.52
  24721.171    99.549     8.65    9.33
  25010.978   101.725     7.51    6.77
  25300.800   102.779     3.64    6.41
  25590.638   103.701     3.18    6.31
  25880.492   104.000     1.03    6.28
  26170.361   104.662     2.28    6.03
  26460.245   105.985     4.57    6.08
  26750.146   106.900     3.16    6.35
  27040.062   107.286     1.33    6.20
  27329.993   106.348    -3.23    6.99
  27619.941   103.657    -9.28    8.87
  27909.903   100.455   -11.05   11.04
  28199.226    98.294    -7.47   11.45
  28485.883    93.448   -16.91   11.71
  28772.555    88.913   -15.82   11.01
  29059.242    84.887   -14.04   10.19
  29345.945    81.014   -13.51   11.32
  29632.663    77.700   -11.56   10.95
  29919.396    74.343   -11.71   11.03
  30206.144    71.647    -9.40    9.65
  30492.908    69.985    -5.80    9.09
  30779.686    70.507     1.82   10.68
  31066.480    71.000     1.72   10.46
  31353.290    71.732     2.55   10.08
  31640.114    71.304    -1.49    9.11
  31926.954    70.838    -1.63    8.19
  32213.808    68.855    -6.91    8.82
  32500.679    64.879   -13.86    9.64
  32787.564    60.941   -13.73    9.34
  33074.464    56.806   -14.41    9.84
  33361.380    54.290    -8.77    9.86
  33648.311    53.319    -3.38    9.90
  33935.258    52.159    -4.04    9.05
  34222.219    51.559    -2.09    9.38
  34509.196    53.029     5.12   10.24
  34796.188    54.235     4.20   10.66
  35083.196    55.687     5.06    9.54
  35370.218    56.090     1.40    8.87
  35657.256    55.441    -2.26    9.09
  35944.310    54.217    -4.26    8.99
  36231.378    50.829   -11.81    9.59
  36518.462    47.257   -12.44    9.02
  36805.561    45.853    -4.89    8.65
  37092.675    44.338    -5.28    7.80
  37379.805    43.119    -4.25    7.69
  37666.950    42.627    -1.72    8.43
  37954.110    43.609     3.42    9.10
  38241.285    45.261     5.75    8.73
  38528.476    47.085     6.35    7.84
  38815.682    47.169     0.29    7.50
  39102.904    48.203     3.60    7.39
  39390.141    49.412     4.21    7.77
  39677.393    49.986     2.00    7.81
  39964.660    49.838    -0.51    7.21
  40251.943    48.357    -5.16    7.64
  40539.241    47.609    -2.61    7.45
  40826.554    45.789    -6.33    7.50
  41113.883    44.145    -5.72    7.30
  41401.227    42.106    -7.10    6.92
  41688.586    39.537    -8.94    8.44
  41975.961    36.682    -9.94    9.54
  42263.351    35.029    -5.75    9.81
  42550.756    32.406    -9.13    9.10
  42838.177    29.000   -11.85    7.84
  43125.613    26.944    -7.15    6.28
  43413.064    25.362    -5.50    4.47
  43700.531    25.294    -0.24    4.66
  43988.013    27.134     6.40    6.49
  44275.511    28.507     4.78    7.43
  44563.024    32.309    13.22    9.88
  44850.552    35.957    12.69   11.22
  45138.096    39.859    13.57   11.37
  45425.655    42.754    10.07   11.54
  45713.229    45.100     8.16   11.05
  46000.819    47.412     8.04    9.54
  46288.424    48.313     3.14    9.04
  46576.044    48.162    -0.53    9.62
  46863.680    49.159     3.47   10.29
  47151.332    48.386    -2.69   10.56
  47438.998    47.542    -2.93   10.84
  47726.680    47.087    -1.58   10.19
  48014.378    47.600     1.78    9.90
  48302.091    47.328    -0.94    8.74
  48589.819    47.309    -0.07    8.46
  48877.563    48.191     3.07    8.47
  49165.322    49.941     6.08    8.44
  49453.096    52.114     7.55    9.08
  49740.886    54.229     7.35    9.51
  50028.692    57.667    11.95    9.63
  50316.513    61.580    13.60   10.14
  50604.349    65.652    14.15   10.53
  50892.201    69.485    13.32   12.53
  51180.068    75.662    21.46   12.71
  51467.950    80.319    16.18   12.60
  51755.848    83.557    11.25   10.47
  52043.762    84.629     3.72    9.64
  52331.691    84.129    -1.74   10.47
  52619.635    81.957    -7.54   12.83
  52907.595    76.716   -18.20   13.86
  53195.570    73.809   -10.10   13.33
  53483.561    68.742   -17.59   11.62
  53771.567    64.667   -14.15   10.73
  54059.589    60.292   -15.19   10.92
  54347.626    56.899   -11.78   10.67
  54635.678    54.486    -8.38   11.30
  54923.746    51.742    -9.52   11.41
  55211.830    48.970    -9.62   10.62
  55499.929    44.912   -14.09    8.66
  55788.044    42.059    -9.90    8.65
  56076.174    40.577    -5.14    8.41
  56364.319    38.239    -8.11    8.52
  56652.480    36.232    -6.97    8.86
  56940.657    33.319   -10.11    8.52
  57228.849    30.896    -8.41    8.33
  57517.056    28.030    -9.94    8.36
  57805.279    24.809   -11.18    7.02
  58093.518    24.397    -1.43    6.40
  58381.772    24.057    -1.18    6.35
  58670.041    23.157    -3.12    6.38
  58958.326    21.986    -4.06    5.57
  59246.627    21.886    -0.35    5.28
  59534.943    22.746     2.98    4.44
  59823.275    22.412    -1.16    4.29
  60111.622    22.448     0.12    4.29
  60399.984    22.884     1.51    3.94
  60688.363    23.197     1.09    4.28
  60976.756    24.377     4.09    5.01
  61265.166    24.662     0.99    5.09
  61553.591    26.044     4.79    6.10
  61842.031    27.614     5.44    6.71
  62130.487    28.868     4.35    7.65
  62418.959    30.522     5.73    9.66
  62707.446    32.229     5.92   10.21
  62995.948    35.222    10.38   11.66
  63284.467    38.271    10.57   12.86
  63573.000    41.217    10.21   13.33
  63861.550    44.194    10.32   14.48
  64150.115    44.868     2.33   14.44
  64438.695    47.441     8.92   14.85
  64727.291    47.391    -0.17   14.17
  65015.903    47.057    -1.16   13.61
  65304.530    46.986    -0.25   12.77
  65593.173    47.557     1.98   12.65
  65881.832    48.943     4.80   13.10
  66170.506    49.848     3.14   14.15
  66459.195    50.803     3.31   14.03
  66747.901    52.235     4.96   13.81
  67036.621    52.449     0.74   13.50
  67325.358    53.141     2.40   13.43
  67614.110    53.870     2.52   13.55
  67902.878    54.757     3.07   13.36
  68191.661    54.882     0.43   13.40
  68480.460    54.672    -0.73   12.55
  68769.275    54.721     0.17   11.85
  69058.105    55.557     2.90   11.89
  69346.951    55.203    -1.23   11.49
  69635.812    56.070     3.00   11.34
  69924.689    56.114     0.15   10.93
  70213.582    56.884     2.66   10.33
  70502.490    56.603    -0.97   10.40
  70791.414    55.866    -2.55    9.56
  71080.354    56.897     3.57    9.90
  71369.309    57.254     1.23   10.99
  71658.280    57.986     2.53   11.51
  71947.267    60.042     7.12   12.47
  72236.269    63.029    10.33   14.14
  72525.287    66.647    12.52   14.26
  72814.321    69.433     9.64   14.49
  73103.370    69.909     1.65   14.10
  73392.435    70.971     3.68   13.35
  73681.516    71.188     0.75   11.96
  73970.612    71.700     1.77   11.85
  74259.724    71.643    -0.20   11.16
  74548.852    72.149     1.75   11.71
  74837.995    74.412     7.83   12.13
  75127.154    76.806     8.28   12.07
  75416.329    77.015     0.72   11.80
  75705.520    78.029     3.51   11.11
  75994.726    79.029     3.46   10.47
  76283.948    81.155     7.35   11.07
  76573.185    82.071     3.17   11.35
  76862.439    83.851     6.15   12.44
  77151.708    88.029    14.45   12.03
  77440.992    91.940    13.52   11.06
  77730.293    92.500     1.93   11.87
  78019.609    92.271    -0.79   11.74
  78308.941    90.565    -5.90   12.38
  78598.289    88.868    -5.87   11.56
  78887.652    87.750    -3.86   10.52
  79177.031    86.493    -4.35    8.41
  79466.426    87.221     2.52    8.73
  79755.837    90.706    12.04   10.01
  80045.263    94.319    12.48    9.94
  80334.705    98.043    12.87    8.82
  80624.163   101.551    12.12    7.40
  80913.637   104.000     8.46    6.05
  81203.126   104.250     0.86    6.11
  81492.631   103.015    -4.27    8.13
  81782.152   100.364    -9.16    9.26
  82071.689    96.449   -13.52   11.60
  82361.241    91.778   -16.13   10.99
  82650.810    88.391   -11.70    8.98
  82940.394    87.014    -4.76    8.77
  83229.993    85.060    -6.75    7.71
  83519.609    83.851    -4.17    7.95
  83809.240    82.088    -6.09    9.16
  84098.888    80.986    -3.81   10.00
  84388.551    79.324    -5.74   10.30
  84678.229    77.222    -7.26    9.34
  84967.924    75.232    -6.87    5.51
  85257.634    75.420     0.65    5.42
  85547.360    78.164     9.47    6.11
  85837.102    80.627     8.50    6.63
  86126.860    81.324     2.40    6.79
  86416.634    81.638     1.08    8.10
  86706.423    80.571    -3.68    9.05
  86996.228    78.186    -8.23    8.67
  87286.050    75.116   -10.59    7.82
  87575.886    71.897   -11.11    6.44
  87865.739    70.091    -6.23    5.91
  88155.608    68.373    -5.93    5.38
  88445.492    67.188    -4.09    5.34
  88735.392    65.652    -5.30    5.64
  89025.308    64.225    -4.92    5.70
  89315.240    63.394    -2.87    5.88
  89605.188    62.821    -1.98    5.71
  89895.152    63.882     3.66    6.21
  90185.131    65.657     6.12    6.92
  90472.843    67.571     6.66    7.57
  90759.480    69.457     6.58    7.67
  91046.132    71.000     5.38    7.19
  91332.799    71.732     2.56    6.65
  91619.482    72.443     2.48    6.94
  91906.180    71.603    -2.93    7.40
  92192.893    70.191    -4.92    7.53
  92479.622    69.514    -2.36    7.01
  92766.367    69.000    -1.79    6.48
  93053.127    69.986     3.44    6.27
  93339.902    70.913     3.23    6.20
  93626.693    72.736     6.36    7.52
  93913.499    75.551     9.81    8.63
  94200.321    77.881     8.12    8.68
  94487.158    80.426     8.88    8.92
  94774.011    82.746     8.09    8.35
  95060.879    83.529     2.73    8.43
  95347.763    84.366     2.92    8.19
  95634.662    84.275    -0.32    8.33
  95921.576    82.718    -5.43    9.97
  96208.506    80.203    -8.77   11.35
  96495.452    75.750   -15.52   11.94
  96782.413    70.761   -17.39   10.37
  97069.390    67.657   -10.82    7.54
  97356.382    65.412    -7.82    5.09
  97643.389    64.706    -2.46    5.33
  97930.412    64.971     0.93    5.61
  98217.451    65.606     2.21    5.70
  98504.505    66.800     4.16    5.93
  98791.575    66.586    -0.75    5.88
  99078.660    65.455    -3.94    6.03
  99365.761    63.621    -6.39    5.43
  99652.877    63.074    -1.91    5.61
  99940.008    62.087    -3.44    5.89
 100227.156    62.029    -0.20    5.95
 100514.318    63.014     3.43    6.22
 100801.497    64.000     3.43    6.32
 101088.691    64.429     1.49    6.07
 101375.900    65.627     4.17    6.60
 101663.125    65.735     0.38    7.21
 101950.365    66.588     2.97    7.74
 102237.621    66.406    -0.64    6.91
 102524.893    67.529     3.91    6.71
 102812.180    70.014     8.65    8.54
 103099.483    72.100     7.26    8.11
 103386.801    74.391     7.98    8.88
 103674.135    76.246     6.46    9.13
 103961.484    76.015    -0.81    7.76
 104248.849    75.582    -1.51    7.92
 104536.230    74.319    -4.40    7.28
 104823.626    72.528    -6.23    7.80
 105111.038    71.386    -3.97    8.82
 105398.465    70.000    -4.82    9.29
 105685.908    68.735    -4.40    9.81
 105973.366    67.618    -3.89   10.08
 106260.840    65.162    -8.54    9.83
 106548.330    61.403   -13.08    9.37
 106835.835    57.900   -12.19    8.07
 107123.356    54.757   -10.93    8.26
 107410.893    52.104    -9.23    8.55
 107698.445    49.343    -9.60    7.91
 107986.013    47.371    -6.86    6.12
 108273.596    46.791    -2.02    5.64
 108561.195    48.485     5.89    6.80
 108848.809    51.373    10.04    8.48
 109136.440    55.443    14.15    9.38
 109424.085    60.043    15.99    9.98
 109711.747    64.104    14.12    9.14
 109999.424    67.657    12.35    7.32
 110287.117    69.143     5.16    6.71
 110574.825    71.667     8.77    5.61
 110862.549    73.206     5.35    5.82
 111150.289    74.493     4.47    5.24
 111438.044    73.814    -2.36    6.19
 111725.815    73.086    -2.53    7.68
 112013.602    72.543    -1.89    7.69
 112301.404    71.377    -4.05    7.08
 112589.222    71.435     0.20    5.79
 112877.055    71.853     1.45    6.28
 113164.905    74.353     8.69    6.97
 113452.770    76.232     6.53    6.85
 113740.650    77.000     2.67    6.53
 114028.547    77.571     1.99    6.24
 114316.459    77.710     0.48    6.31
 114604.386    77.544    -0.58    6.41
 114892.330    77.471    -0.26    7.01
 115180.289    76.956    -1.79    7.51
 115468.263    78.000     3.63    7.32
 115756.254    78.412     1.43    7.28
 116044.260    78.957     1.89    6.73
 116332.282    78.333    -2.16    7.36
 116620.319    75.754    -8.96    8.61
 116908.373    72.348   -11.82    9.35
 117196.442    68.899   -11.97    9.74
 117484.526    65.765   -10.88    8.61
 117772.627    63.044    -9.44    8.29
 118060.743    60.279    -9.60    8.37
 118348.875    58.074    -7.66    7.52
 118637.022    55.130   -10.21    7.12
 118925.186    53.246    -6.54    7.31
 119213.365    51.725    -5.28    6.13
 119501.560    50.794    -3.23    5.50
 119789.770    50.941     0.51    5.60
 120077.996    51.239     1.03    6.23
 120366.238    51.809     1.98    7.04
 120654.496    53.191     4.80    7.44
 120942.770    54.464     4.41    8.21
 121231.059    53.314    -3.99    8.93
 121519.364    51.886    -4.96    9.33
 121807.685    50.044    -6.39    9.27
 122096.022    47.088   -10.25    8.34
 122384.374    44.591    -8.66    8.14
 122672.742    42.643    -6.76    6.78
 122961.126    41.571    -3.72    6.13
 123249.526    41.075    -1.72    5.67
 123537.941    40.457    -2.14    5.07
 123826.372    39.886    -1.98    5.13
 124114.819    40.403     1.79    5.44
 124403.282    40.368    -0.12    5.62
 124691.761    40.269    -0.34    6.05
 124980.255    40.614     1.20    6.42
 125268.766    40.186    -1.49    6.65
 125557.292    39.647    -1.87    6.60
 125845.833    39.725     0.27    6.66
 126134.391    39.348    -1.31    6.47
 126422.965    38.652    -2.41    7.09
 126711.554    37.074    -5.47    7.63
 127000.159    34.896    -7.55    6.99
 127288.780    32.414    -8.60    6.83
 127577.417    30.127    -7.93    5.73
 127866.069    28.429    -5.88    5.05
 128154.738    27.382    -3.62    4.26
 128443.422    26.544    -2.90    4.09
 128732.122    26.833     1.00    5.24
 129020.838    28.059     4.25    7.36
 129309.570    30.565     8.68    8.98
 129598.317    33.771    11.11   11.52
 129887.081    36.829    10.59   12.44
 130175.860    39.486     9.20   12.69
 130464.655    43.942    15.43   12.92
 130753.466    47.582    12.61   13.15
 131042.293    51.221    12.60   11.86
 131331.136    55.221    13.85   11.25
 131619.995    58.412    11.05    9.91
 131908.869    61.229     9.75    8.74
 132197.760    62.057     2.87    7.70
 132486.666    62.786     2.52    6.93
 132775.588    62.614    -0.59    6.44
 133064.526    62.136    -1.65    6.72
 133353.480    60.824    -4.54    6.47
 133642.450    58.221    -9.01    8.02
 133931.436    55.686    -8.77    9.28
 134220.437    52.861    -9.77   10.37
 134509.455    49.493   -11.66   11.55
 134798.488    44.414   -17.57   11.71
 135087.538    39.485   -17.05   10.97
 135376.603    35.868   -12.52   10.14
 135665.684    32.971   -10.02    8.97
 135954.781    30.750    -7.68    7.79
 136243.894    29.517    -4.27    6.91
 136533.023    28.529    -3.41    5.85
