#    0.020   0.052   0.226 ;Mean Elev.(m), Avg Gradient(m/km), RMS Gradient(m/km) - SRTM1     
#   13.120   0.481   1.309 ;Mean Elev.(m), Avg Gradient(m/km), RMS Gradient(m/km) - ASTER GDEM
#    2.279   0.146   0.476 ;Mean Elev.(m), Avg Gradient(m/km), RMS Gradient(m/km) - GMTED2010 
   1     1.068 54666.57742802 29.45 270.518185  29.342457 11.910 -100.00 -100.00 -100.00
   1     1.339 54666.57742861 30.63 270.519422  29.344873 15.723 -100.00 -100.00 -100.00
   2     1.581 54676.49307204 26.93 270.515779  29.341547  7.956 -100.00 -100.00 -100.00
   2     1.033 54676.49307263 30.21 270.517016  29.343964 17.986 -100.00 -100.00 -100.00
   3     0.944 54686.40871512 35.75 270.515283  29.342672 23.461 -100.00 -100.00 -100.00
   3     0.923 54686.40871571 30.97 270.516521  29.345088  9.110 -100.00 -100.00 -100.00
   4     0.619 54696.32435635 28.61 270.516653  29.342349  6.539 -100.00 -100.00 -100.00
   4     0.662 54696.32435694 30.63 270.517890  29.344766  9.469 -100.00 -100.00 -100.00
   5    -8.131 54706.23999595 27.83 270.519624  29.341274  5.383 -100.00 -100.00 -100.00
   5    -9.887 54706.23999654 29.16 270.520861  29.343691  7.028 -100.00 -100.00 -100.00
   5   -11.452 54706.23999713 30.10 270.522098  29.346107  8.392 -100.00 -100.00 -100.00
   6     1.128 54716.15564814 29.05 270.519450  29.342011  5.216 -100.00 -100.00 -100.00
   6     1.141 54716.15564873 31.67 270.520687  29.344428  9.387 -100.00 -100.00 -100.00
   7    -0.278 54726.07129746 27.84 270.517666  29.340730 10.553 -100.00 -100.00 -100.00
   7     0.544 54726.07129805 27.66 270.518904  29.343146 10.238 -100.00 -100.00 -100.00
   8     1.087 54735.98694548 29.09 270.514621  29.341370  7.501 -100.00 -100.00 -100.00
   8     1.178 54735.98694607 29.67 270.515859  29.343787  7.291 -100.00 -100.00 -100.00
   8     0.946 54735.98694666 37.70 270.517096  29.346203 27.414 -100.00 -100.00 -100.00
   9     1.201 54745.90259292 38.60 270.510941  29.342136   -100 -100.00 -100.00 -100.00
   9     0.898 54745.90259351 31.64 270.512178  29.344552 18.712 -100.00 -100.00 -100.00
   9     0.812 54745.90259410 35.65 270.513416  29.346968   -100 -100.00 -100.00 -100.00
  10     1.071 54755.81824043 36.11 270.509581  29.344011 27.881 -100.00 -100.00 -100.00
  10     1.223 54755.81824102 32.58 270.510819  29.346428 16.974 -100.00 -100.00 -100.00
  10     1.340 54755.81824161 35.27 270.512056  29.348844 21.260 -100.00 -100.00 -100.00
  11     0.831 54765.73388588 34.86 270.509697  29.342273 30.077 -100.00 -100.00 -100.00
  11     0.811 54765.73388647 38.44 270.510934  29.344689   -100 -100.00 -100.00 -100.00
  11     0.908 54765.73388706 35.59 270.512171  29.347106 31.415 -100.00 -100.00 -100.00
  12     0.767 54775.64952916 32.73 270.513267  29.343290 24.403 -100.00 -100.00 -100.00
  12     0.764 54775.64952975 33.50 270.514505  29.345706 25.415 -100.00 -100.00 -100.00
  13     0.953 54785.56516944 31.14 270.515402  29.342942 21.226 -100.00 -100.00 -100.00
  13     0.910 54785.56517003 34.27 270.516640  29.345359   -100 -100.00 -100.00 -100.00
  14     0.822 54795.48080753 27.66 270.515219  29.341010  9.417 -100.00 -100.00 -100.00
  14     0.723 54795.48080812 27.51 270.516457  29.343427  8.971 -100.00 -100.00 -100.00
  14     0.805 54795.48080871 31.81 270.517695  29.345843 17.802 -100.00 -100.00 -100.00
  15     0.794 54805.39644549 28.37 270.516616  29.342120 11.067 -100.00 -100.00 -100.00
  15     0.878 54805.39644608 33.15 270.517854  29.344537 26.570 -100.00 -100.00 -100.00
  16     1.055 54815.31208267 31.67 270.518540  29.342069 10.072 -100.00 -100.00 -100.00
  16     1.092 54815.31208326 34.07 270.519778  29.344485 13.505 -100.00 -100.00 -100.00
  17     1.257 54825.22772874 42.25 270.517869  29.341958 21.813 -100.00 -100.00 -100.00
  17     0.992 54825.22772933 36.64 270.519107  29.344375  9.015 -100.00 -100.00 -100.00
  18     0.992 54835.14336771 32.23 270.514712  29.340942 13.256 -100.00 -100.00 -100.00
  18     0.953 54835.14336830 30.04 270.515950  29.343359  8.939 -100.00 -100.00 -100.00
  18     0.809 54835.14336889 35.58 270.517187  29.345776 18.585 -100.00 -100.00 -100.00
  19     1.280 54845.05901739 31.24 270.511587  29.342043 17.602 -100.00 -100.00 -100.00
  19     1.206 54845.05901798 29.70 270.512825  29.344460 12.488 -100.00 -100.00 -100.00
  19     1.003 54845.05901857 33.71 270.514062  29.346877 22.903 -100.00 -100.00 -100.00
  20     1.094 54854.97466684 33.10 270.509691  29.344323  9.747 -100.00 -100.00 -100.00
  20     1.122 54854.97466743 34.53 270.510928  29.346740 11.188 -100.00 -100.00 -100.00
  21     0.861 54864.89031568 27.67 270.507283  29.343861 12.679 -100.00 -100.00 -100.00
  21     0.912 54864.89031627 28.29 270.508520  29.346278 12.788 -100.00 -100.00 -100.00
  21     1.157 54864.89031686 31.95 270.509758  29.348695 22.872 -100.00 -100.00 -100.00
  22     0.953 54874.80596468 27.67 270.507017  29.344581 10.127 -100.00 -100.00 -100.00
  22     0.777 54874.80596527 30.85 270.508255  29.346998 16.689 -100.00 -100.00 -100.00
  22     0.734 54874.80596586 33.23 270.509493  29.349415 25.863 -100.00 -100.00 -100.00
  23     0.859 54884.72161046 29.31 270.507279  29.342663 12.112 -100.00 -100.00 -100.00
  23     1.080 54884.72161105 28.54 270.508517  29.345080 11.662 -100.00 -100.00 -100.00
  23     1.339 54884.72161164 32.87 270.509754  29.347497 21.254 -100.00 -100.00 -100.00
  24     0.876 54894.63725314 31.66 270.508687  29.342399 15.100 -100.00 -100.00 -100.00
  24     1.048 54894.63725373 29.40 270.509925  29.344816 10.290 -100.00 -100.00 -100.00
  24     0.833 54894.63725432 33.91 270.511163  29.347233 19.121 -100.00 -100.00 -100.00
  25     1.149 54904.55289295 43.00 270.509365  29.342347  2.232 -100.00 -100.00 -100.00
  25     0.974 54904.55289354 32.69 270.510603  29.344764 22.342 -100.00 -100.00 -100.00
  25     0.705 54904.55289413 33.29 270.511841  29.347181 23.569 -100.00 -100.00 -100.00
  26     1.343 54914.46853135 39.02 270.509851  29.342585   -100 -100.00 -100.00 -100.00
  26     0.915 54914.46853194 32.07 270.511088  29.345002 19.456 -100.00 -100.00 -100.00
  26     1.184 54914.46853253 33.24 270.512326  29.347419 19.508 -100.00 -100.00 -100.00
  27     1.161 54924.38416893 42.72 270.510057  29.342144  2.111 -100.00 -100.00 -100.00
  27     1.111 54924.38416952 31.37 270.511294  29.344560 17.361 -100.00 -100.00 -100.00
  27     1.222 54924.38417011 34.81 270.512532  29.346977 26.161 -100.00 -100.00 -100.00
  28     1.195 54934.29980626 30.39 270.512815  29.343379 18.000 -100.00 -100.00 -100.00
  28     1.189 54934.29980685 33.23 270.514053  29.345796 23.383 -100.00 -100.00 -100.00
  29     1.389 54944.21544099 27.90 270.516113  29.341071  8.946 -100.00 -100.00 -100.00
  29     1.260 54944.21544158 30.02 270.517351  29.343488 12.982 -100.00 -100.00 -100.00
  29     1.059 54944.21544217 34.63 270.518588  29.345904 23.851 -100.00 -100.00 -100.00
  30     1.748 54954.13107470 29.58 270.522717  29.342902 13.286 -100.00 -100.00 -100.00
  30     1.296 54954.13107529 32.81 270.523954  29.345319 22.620 -100.00 -100.00 -100.00
  30     1.280 54954.13107588 35.69 270.525192  29.347735 30.425 -100.00 -100.00 -100.00
  31     1.457 54964.04671950 26.97 270.521781  29.341401  6.676 -100.00 -100.00 -100.00
  31     1.616 54964.04672009 30.60 270.523018  29.343817  8.866 -100.00 -100.00 -100.00
  31     1.483 54964.04672068 32.68 270.524256  29.346234 13.136 -100.00 -100.00 -100.00
  32     1.612 54973.96236784 28.76 270.519507  29.342495 11.739 -100.00 -100.00 -100.00
  32     1.517 54973.96236843 34.82 270.520744  29.344912 29.288 -100.00 -100.00 -100.00
  33     1.828 54983.87801504 27.89 270.515892  29.340633  8.902 -100.00 -100.00 -100.00
  33     1.526 54983.87801563 32.02 270.517130  29.343049 15.815 -100.00 -100.00 -100.00
  33     1.285 54983.87801622 36.37 270.518367  29.345466   -100 -100.00 -100.00 -100.00
  34    -1.811 54993.79366296 24.82 270.515178  29.341792  6.113 -100.00 -100.00 -100.00
  34    -0.980 54993.79366355 25.15 270.516415  29.344208  6.192 -100.00 -100.00 -100.00
  35     0.977 55003.70930959 30.04 270.514449  29.342314 13.900 -100.00 -100.00 -100.00
  35     1.099 55003.70931018 32.88 270.515687  29.344730 22.519 -100.00 -100.00 -100.00
  36     1.466 55013.62495407 31.12 270.513582  29.342957  4.069 -100.00 -100.00 -100.00
  36     1.478 55013.62495466 31.33 270.514820  29.345373  4.575 -100.00 -100.00 -100.00
  37     1.262 55023.54059668 30.22 270.512164  29.342045  9.324 -100.00 -100.00 -100.00
  37     0.980 55023.54059727 33.22 270.513402  29.344461 15.220 -100.00 -100.00 -100.00
  37     0.953 55023.54059786 35.16 270.514639  29.346878 19.695 -100.00 -100.00 -100.00
  38     0.819 55033.45623893 37.30 270.511911  29.343159   -100 -100.00 -100.00 -100.00
  38    -0.004 55033.45623952 40.78 270.513148  29.345576   -100 -100.00 -100.00 -100.00
  38     0.756 55033.45624011 36.93 270.514386  29.347992 28.574 -100.00 -100.00 -100.00
  39     0.983 55043.37188015 35.25 270.512497  29.342708   -100 -100.00 -100.00 -100.00
  39     0.799 55043.37188074 31.43 270.513735  29.345125 21.628 -100.00 -100.00 -100.00
  39     0.621 55043.37188133 38.00 270.514972  29.347541   -100 -100.00 -100.00 -100.00
  40     0.704 55053.28751994 30.22 270.515728  29.342164 11.002 -100.00 -100.00 -100.00
  40     0.729 55053.28752053 30.45 270.516965  29.344580  9.916 -100.00 -100.00 -100.00
  41     0.709 55063.20315778 28.42 270.519833  29.342335 10.182 -100.00 -100.00 -100.00
  41     0.817 55063.20315837 29.78 270.521070  29.344751 11.714 -100.00 -100.00 -100.00
  42     0.720 55073.11880236 36.74 270.519328  29.341751   -100 -100.00 -100.00 -100.00
  42     0.451 55073.11880295 32.55 270.520565  29.344167 22.765 -100.00 -100.00 -100.00
  43     0.994 55083.03445014 28.16 270.516037  29.341080  7.774 -100.00 -100.00 -100.00
  43     0.974 55083.03445073 28.25 270.517274  29.343497  7.853 -100.00 -100.00 -100.00
  43     0.871 55083.03445132 34.25 270.518512  29.345913 22.503 -100.00 -100.00 -100.00
  44     1.032 55092.95009732 28.98 270.513975  29.343350 12.717 -100.00 -100.00 -100.00
  44     0.762 55092.95009791 32.35 270.515212  29.345767 21.852 -100.00 -100.00 -100.00
  45     0.900 55102.86574392 27.59 270.511786  29.343029  7.854 -100.00 -100.00 -100.00
  45     0.732 55102.86574451 31.17 270.513024  29.345445 15.185 -100.00 -100.00 -100.00
  45     0.706 55102.86574510 35.62 270.514261  29.347862 30.677 -100.00 -100.00 -100.00
  46     0.965 55112.78139043 37.66 270.511053  29.342894   -100 -100.00 -100.00 -100.00
  46     1.064 55112.78139102 29.28 270.512291  29.345311 13.312 -100.00 -100.00 -100.00
  46     0.812 55112.78139161 32.84 270.513528  29.347727 21.429 -100.00 -100.00 -100.00
  47     1.098 55122.69703458 27.09 270.511955  29.342112  9.236 -100.00 -100.00 -100.00
  47     1.104 55122.69703517 29.64 270.513193  29.344528 15.595 -100.00 -100.00 -100.00
  47     0.876 55122.69703576 33.58 270.514431  29.346945 28.147 -100.00 -100.00 -100.00
  48     1.534 55132.61267617 27.12 270.514185  29.342777  8.778 -100.00 -100.00 -100.00
  48     1.020 55132.61267676 32.06 270.515422  29.345194 21.333 -100.00 -100.00 -100.00
  49     1.259 55142.52831502 28.70 270.514699  29.341677  9.203 -100.00 -100.00 -100.00
  49     1.320 55142.52831561 29.98 270.515937  29.344094 13.156 -100.00 -100.00 -100.00
  49     1.393 55142.52831620 37.56 270.517175  29.346511 31.440 -100.00 -100.00 -100.00
  50     1.352 55152.44395341 29.13 270.515187  29.342580 14.154 -100.00 -100.00 -100.00
  50     1.453 55152.44395400 31.79 270.516424  29.344996 20.167 -100.00 -100.00 -100.00
  51     1.328 55162.35959175 28.17 270.515888  29.342427 12.887 -100.00 -100.00 -100.00
  51     1.132 55162.35959234 31.26 270.517126  29.344843 19.108 -100.00 -100.00 -100.00
  52     1.490 55172.27522994 28.28 270.518038  29.342705  8.666 -100.00 -100.00 -100.00
  52     1.196 55172.27523053 31.67 270.519275  29.345121 16.833 -100.00 -100.00 -100.00
  53     1.297 55182.19086628 28.41 270.520382  29.341494 10.427 -100.00 -100.00 -100.00
  53     1.289 55182.19086687 35.67 270.521619  29.343910   -100 -100.00 -100.00 -100.00
  53     1.586 55182.19086746 36.14 270.522857  29.346327 30.854 -100.00 -100.00 -100.00
  54     1.769 55192.10651625 38.42 270.516666  29.340633   -100 -100.00 -100.00 -100.00
  54     1.700 55192.10651684 28.78 270.517904  29.343049 10.307 -100.00 -100.00 -100.00
  54     1.557 55192.10651743 36.00 270.519141  29.345466 26.883 -100.00 -100.00 -100.00
  55     1.451 55202.02216626 40.67 270.512602  29.341743   -100 -100.00 -100.00 -100.00
  55     1.530 55202.02216685 30.31 270.513840  29.344159 11.288 -100.00 -100.00 -100.00
  55     1.479 55202.02216745 34.90 270.515077  29.346576 20.833 -100.00 -100.00 -100.00
  56     1.052 55211.93781600 28.70 270.509840  29.343050 12.539 -100.00 -100.00 -100.00
  56     1.002 55211.93781659 32.34 270.511077  29.345467 22.480 -100.00 -100.00 -100.00
  56     1.127 55211.93781718 37.08 270.512315  29.347884   -100 -100.00 -100.00 -100.00
  57     1.187 55221.85346564 30.86 270.509639  29.344609 16.027 -100.00 -100.00 -100.00
  57     1.365 55221.85346623 32.21 270.510877  29.347026 18.011 -100.00 -100.00 -100.00
  58     1.105 55231.76911344 29.90 270.509335  29.342938 13.258 -100.00 -100.00 -100.00
  58     1.116 55231.76911404 33.46 270.510573  29.345355 19.711 -100.00 -100.00 -100.00
  58     1.584 55231.76911463 38.39 270.511810  29.347772 29.262 -100.00 -100.00 -100.00
  59     0.549 55241.68475842 35.76 270.510979  29.342683 10.341 -100.00 -100.00 -100.00
  59     1.197 55241.68475901 35.05 270.512217  29.345100  8.810 -100.00 -100.00 -100.00
  59     1.450 55241.68475961 36.77 270.513455  29.347517 10.548 -100.00 -100.00 -100.00
  60     1.579 55251.60039961 29.78 270.510962  29.342183 11.643 -100.00 -100.00 -100.00
  60     1.573 55251.60040020 29.78 270.512199  29.344600 11.466 -100.00 -100.00 -100.00
  60     1.238 55251.60040079 35.74 270.513437  29.347017 29.608 -100.00 -100.00 -100.00
  61     1.326 55261.51603869 41.54 270.510868  29.343892   -100 -100.00 -100.00 -100.00
  61     1.143 55261.51603928 35.24 270.512106  29.346308 13.414 -100.00 -100.00 -100.00
  62     1.117 55271.43167584 43.30 270.509909  29.342088   -100 -100.00 -100.00 -100.00
  62     1.048 55271.43167643 34.39 270.511146  29.344505 20.814 -100.00 -100.00 -100.00
  62     0.938 55271.43167702 35.47 270.512384  29.346921 22.588 -100.00 -100.00 -100.00
  63     1.422 55281.34731357 31.04 270.512250  29.342644 14.485 -100.00 -100.00 -100.00
  63     1.360 55281.34731416 32.46 270.513488  29.345061 16.569 -100.00 -100.00 -100.00
  63     1.036 55281.34731475 37.72 270.514725  29.347477   -100 -100.00 -100.00 -100.00
  64     1.398 55291.26295011 32.86 270.516086  29.342532 16.038 -100.00 -100.00 -100.00
  64     1.262 55291.26295070 35.76 270.517324  29.344949 23.414 -100.00 -100.00 -100.00
  65     1.610 55301.17858440 28.59 270.520698  29.342212  8.261 -100.00 -100.00 -100.00
  65     1.584 55301.17858499 33.43 270.521936  29.344629 17.994 -100.00 -100.00 -100.00
  65     1.608 55301.17858558 35.78 270.523173  29.347045 21.659 -100.00 -100.00 -100.00
  66     1.637 55311.09423068 30.12 270.519058  29.340566 16.232 -100.00 -100.00 -100.00
  66     1.579 55311.09423127 33.87 270.520295  29.342982 24.899 -100.00 -100.00 -100.00
  66     1.543 55311.09423186 36.52 270.521533  29.345399 32.193 -100.00 -100.00 -100.00
  67     1.064 55321.00987636 29.21 270.517984  29.342475  7.144 -100.00 -100.00 -100.00
  67     0.992 55321.00987695 34.80 270.519222  29.344892 16.319 -100.00 -100.00 -100.00
  68     1.345 55330.92552070 28.80 270.515667  29.342730 12.080 -100.00 -100.00 -100.00
  68     1.202 55330.92552129 33.74 270.516905  29.345146 25.746 -100.00 -100.00 -100.00
  69     1.643 55340.84116512 30.50 270.514237  29.342932 11.273 -100.00 -100.00 -100.00
  69     1.499 55340.84116571 36.60 270.515474  29.345348 27.991 -100.00 -100.00 -100.00
  70     1.021 55350.75680934 29.62 270.514312  29.342327 14.566 -100.00 -100.00 -100.00
  70     0.984 55350.75680993 34.38 270.515550  29.344744 27.076 -100.00 -100.00 -100.00
  71     1.604 55360.67245121 35.94 270.514646  29.340814 24.790 -100.00 -100.00 -100.00
  71     1.542 55360.67245180 37.93 270.515884  29.343231 32.056 -100.00 -100.00 -100.00
  71     1.460 55360.67245239 36.82 270.517121  29.345648 26.269 -100.00 -100.00 -100.00
  72     1.401 55370.58809109 27.41 270.514790  29.340915  9.631 -100.00 -100.00 -100.00
  72     0.933 55370.58809168 31.43 270.516027  29.343332 19.873 -100.00 -100.00 -100.00
  72     1.092 55370.58809227 36.03 270.517265  29.345748   -100 -100.00 -100.00 -100.00
  73     0.868 55380.50372925 28.84 270.514545  29.340802 12.088 -100.00 -100.00 -100.00
  73     1.126 55380.50372984 30.06 270.515783  29.343218 15.115 -100.00 -100.00 -100.00
  73     0.981 55380.50373043 37.19 270.517020  29.345635   -100 -100.00 -100.00 -100.00
  74     0.996 55390.41936713 28.68 270.516114  29.342820 10.604 -100.00 -100.00 -100.00
  74     0.727 55390.41936772 35.01 270.517352  29.345237 27.631 -100.00 -100.00 -100.00
  75     1.362 55400.33500310 29.00 270.518164  29.340863  9.771 -100.00 -100.00 -100.00
  75     1.329 55400.33500369 29.03 270.519401  29.343279 11.045 -100.00 -100.00 -100.00
  76     1.077 55410.25065113 29.13 270.520050  29.341688  5.739 -100.00 -100.00 -100.00
  76     1.068 55410.25065172 31.78 270.521288  29.344104  9.626 -100.00 -100.00 -100.00
  76     1.075 55410.25065231 35.44 270.522525  29.346520 16.019 -100.00 -100.00 -100.00
  77     0.980 55420.16630128 30.15 270.520310  29.342646  4.932 -100.00 -100.00 -100.00
  77     1.377 55420.16630187 32.53 270.521547  29.345063  7.174 -100.00 -100.00 -100.00
  78     0.728 55430.08194761 26.71 270.517523  29.340977  9.490 -100.00 -100.00 -100.00
  78     0.817 55430.08194820 29.79 270.518760  29.343393 14.419 -100.00 -100.00 -100.00
  79     1.383 55439.99759201 32.12 270.513997  29.341052 20.962 -100.00 -100.00 -100.00
  79     1.051 55439.99759260 32.70 270.515235  29.343468 24.007 -100.00 -100.00 -100.00
  79     0.858 55439.99759319 35.94 270.516472  29.345885   -100 -100.00 -100.00 -100.00
  80     1.136 55449.91323581 29.76 270.512649  29.343360 12.888 -100.00 -100.00 -100.00
  80     0.870 55449.91323640 30.86 270.513886  29.345777 13.633 -100.00 -100.00 -100.00
  81     0.984 55459.82887875 31.98 270.512499  29.342592 21.634 -100.00 -100.00 -100.00
  81     0.992 55459.82887934 28.30 270.513736  29.345009 10.361 -100.00 -100.00 -100.00
  81     0.960 55459.82887993 32.84 270.514974  29.347425 22.781 -100.00 -100.00 -100.00
  82     0.958 55469.74452125 34.72 270.515086  29.342954 30.248 -100.00 -100.00 -100.00
  82     1.007 55469.74452184 31.52 270.516324  29.345370 17.070 -100.00 -100.00 -100.00
  83     0.579 55479.66015997 27.69 270.516976  29.340511  9.604 -100.00 -100.00 -100.00
  83     0.658 55479.66016056 29.64 270.518213  29.342927 14.242 -100.00 -100.00 -100.00
  83     0.857 55479.66016115 31.74 270.519451  29.345343 16.516 -100.00 -100.00 -100.00
  84     0.586 55489.57579676 27.90 270.520137  29.342158 10.783 -100.00 -100.00 -100.00
  84     0.603 55489.57579735 30.32 270.521374  29.344574 17.531 -100.00 -100.00 -100.00
  85     0.511 55499.49143042 27.28 270.520990  29.341392  9.027 -100.00 -100.00 -100.00
  85     0.965 55499.49143101 27.36 270.522227  29.343808  7.768 -100.00 -100.00 -100.00
  85     0.755 55499.49143160 36.31 270.523465  29.346225 32.154 -100.00 -100.00 -100.00
  86     0.692 55509.40707087 43.37 270.519916  29.342333   -100 -100.00 -100.00 -100.00
  86     0.794 55509.40707147 44.31 270.521154  29.344749   -100 -100.00 -100.00 -100.00
  87     0.776 55519.32271996 29.56 270.515794  29.340721 17.652 -100.00 -100.00 -100.00
  87     0.936 55519.32272055 26.65 270.517032  29.343137 10.179 -100.00 -100.00 -100.00
  87     0.943 55519.32272114 34.84 270.518269  29.345554   -100 -100.00 -100.00 -100.00
  88     1.134 55529.23836888 26.91 270.514953  29.341695  9.228 -100.00 -100.00 -100.00
  88     0.784 55529.23836948 29.27 270.516190  29.344112 15.466 -100.00 -100.00 -100.00
  88     0.843 55529.23837007 36.31 270.517427  29.346528   -100 -100.00 -100.00 -100.00
  89     1.090 55539.15401607 32.03 270.514698  29.342226 23.934 -100.00 -100.00 -100.00
  89     0.942 55539.15401666 32.91 270.515935  29.344643 23.098 -100.00 -100.00 -100.00
  90     1.302 55549.06966074 37.83 270.513179  29.341129   -100 -100.00 -100.00 -100.00
  90     1.180 55549.06966133 29.30 270.514416  29.343546 12.003 -100.00 -100.00 -100.00
  90     0.963 55549.06966192 33.72 270.515654  29.345962 20.567 -100.00 -100.00 -100.00
  91     0.461 55558.98530464 29.24 270.512202  29.343609  9.207 -100.00 -100.00 -100.00
  91     0.788 55558.98530523 33.22 270.513439  29.346025 17.579 -100.00 -100.00 -100.00
  92    -0.313 55568.90094696 32.14 270.510176  29.342244 18.863 -100.00 -100.00 -100.00
  92    -0.045 55568.90094755 32.57 270.511413  29.344660 19.643 -100.00 -100.00 -100.00
  92     0.400 55568.90094814 37.16 270.512650  29.347077 27.365 -100.00 -100.00 -100.00
  93     0.742 55578.81658895 32.15 270.511269  29.341916 18.845 -100.00 -100.00 -100.00
  93     0.903 55578.81658954 30.50 270.512506  29.344333 11.479 -100.00 -100.00 -100.00
  93     0.790 55578.81659013 32.86 270.513744  29.346750 19.900 -100.00 -100.00 -100.00
  94     0.560 55588.73222905 29.59 270.515383  29.342935  5.228 -100.00 -100.00 -100.00
  94     0.611 55588.73222964 33.94 270.516620  29.345352 11.258 -100.00 -100.00 -100.00
  95     0.389 55598.64786542 30.93 270.519197  29.341177 12.057 -100.00 -100.00 -100.00
  95     0.600 55598.64786601 31.73 270.520434  29.343594 14.922 -100.00 -100.00 -100.00
  95     1.175 55598.64786660 34.93 270.521672  29.346010 19.829 -100.00 -100.00 -100.00
  96     0.559 55608.56349963 31.95 270.522596  29.342454  6.559 -100.00 -100.00 -100.00
  96     0.580 55608.56350022 37.20 270.523834  29.344871 13.564 -100.00 -100.00 -100.00
  96     0.437 55608.56350081 39.46 270.525072  29.347288 18.512 -100.00 -100.00 -100.00
  97     0.494 55618.47913114 32.28 270.523273  29.341912 12.717 -100.00 -100.00 -100.00
  97     0.370 55618.47913173 35.18 270.524510  29.344328 20.778 -100.00 -100.00 -100.00
  97     0.395 55618.47913232 37.93 270.525748  29.346745 28.835 -100.00 -100.00 -100.00
  98     1.335 55628.39477757 32.74 270.519204  29.341297 24.153 -100.00 -100.00 -100.00
  98     1.107 55628.39477816 29.69 270.520441  29.343714 16.006 -100.00 -100.00 -100.00
  98     1.201 55628.39477875 36.22 270.521679  29.346130   -100 -100.00 -100.00 -100.00
  99     1.773 55638.31042809 37.15 270.516855  29.340992 17.283 -100.00 -100.00 -100.00
  99     1.437 55638.31042868 32.36 270.518093  29.343409  8.728 -100.00 -100.00 -100.00
  99     1.439 55638.31042927 38.25 270.519330  29.345826 19.003 -100.00 -100.00 -100.00
 100     1.795 55648.22607704 41.37 270.517701  29.342037 26.977 -100.00 -100.00 -100.00
 100     1.731 55648.22607763 44.44 270.518938  29.344454   -100 -100.00 -100.00 -100.00
 101     1.726 55658.14172273 29.08 270.518183  29.341567  6.436 -100.00 -100.00 -100.00
 101     1.781 55658.14172332 29.02 270.519421  29.343983  6.020 -100.00 -100.00 -100.00
 102     1.382 55668.05736448 28.19 270.517728  29.341208  9.095 -100.00 -100.00 -100.00
 102     1.411 55668.05736507 29.45 270.518966  29.343624 11.223 -100.00 -100.00 -100.00
 103     1.370 55677.97300403 27.49 270.516936  29.341836 10.783 -100.00 -100.00 -100.00
 103     1.448 55677.97300462 31.01 270.518174  29.344253 20.392 -100.00 -100.00 -100.00
 104     1.775 55687.88864195 29.59 270.517028  29.342651  9.227 -100.00 -100.00 -100.00
 104     1.555 55687.88864254 32.37 270.518265  29.345068 14.330 -100.00 -100.00 -100.00
 105     1.930 55697.80427831 27.63 270.517883  29.341761 10.095 -100.00 -100.00 -100.00
 105     1.465 55697.80427890 34.03 270.519121  29.344177 26.042 -100.00 -100.00 -100.00
 106     1.902 55707.71991435 27.82 270.520988  29.341529 10.776 -100.00 -100.00 -100.00
 106     1.546 55707.71991494 29.55 270.522226  29.343945 12.781 -100.00 -100.00 -100.00
 106     1.329 55707.71991553 34.96 270.523463  29.346362 28.004 -100.00 -100.00 -100.00
 107     1.912 55717.63556548 31.78 270.519287  29.341661 11.370 -100.00 -100.00 -100.00
 107     1.683 55717.63556607 32.17 270.520525  29.344078 11.939 -100.00 -100.00 -100.00
 108     1.374 55727.55121362 28.30 270.516618  29.341484  8.870 -100.00 -100.00 -100.00
 108     1.088 55727.55121421 30.15 270.517855  29.343901 13.370 -100.00 -100.00 -100.00
 109     0.904 55737.46686019 28.56 270.514494  29.342192  2.599 -100.00 -100.00 -100.00
 109     1.198 55737.46686078 29.13 270.515731  29.344608  3.080 -100.00 -100.00 -100.00
 110     1.470 55747.38250514 38.55 270.512512  29.341582 30.541 -100.00 -100.00 -100.00
 110     1.577 55747.38250573 28.00 270.513749  29.343999  4.417 -100.00 -100.00 -100.00
 110     1.052 55747.38250632 34.43 270.514986  29.346415 13.957 -100.00 -100.00 -100.00
 111     1.381 55757.29814820 28.45 270.512896  29.341324  7.701 -100.00 -100.00 -100.00
 111     1.202 55757.29814879 28.97 270.514134  29.343741  8.116 -100.00 -100.00 -100.00
 111     1.030 55757.29814938 33.65 270.515371  29.346157 19.873 -100.00 -100.00 -100.00
 112     1.144 55767.21378893 39.18 270.515839  29.341305 28.353 -100.00 -100.00 -100.00
 112     1.021 55767.21378952 30.98 270.517076  29.343721  8.485 -100.00 -100.00 -100.00
 112     0.884 55767.21379011 35.48 270.518313  29.346137 17.009 -100.00 -100.00 -100.00
 113     0.889 55777.12942678 27.26 270.519305  29.341188  8.898 -100.00 -100.00 -100.00
 113     0.829 55777.12942737 29.89 270.520543  29.343604 15.503 -100.00 -100.00 -100.00
 113     0.931 55777.12942796 31.99 270.521780  29.346020 18.426 -100.00 -100.00 -100.00
 114     1.027 55787.04506203 29.15 270.521533  29.340964  9.467 -100.00 -100.00 -100.00
 114     0.985 55787.04506262 30.79 270.522770  29.343380 14.744 -100.00 -100.00 -100.00
 114     0.798 55787.04506321 34.61 270.524008  29.345796 24.867 -100.00 -100.00 -100.00
 115     0.846 55796.96069626 36.15 270.523320  29.342764 31.990 -100.00 -100.00 -100.00
 115     0.875 55796.96069685 33.51 270.524558  29.345180 20.635 -100.00 -100.00 -100.00
 115     0.705 55796.96069745 33.89 270.525796  29.347597 21.929 -100.00 -100.00 -100.00
 116     0.771 55806.87633849 27.10 270.521431  29.342193 14.146 -100.00 -100.00 -100.00
 116     0.983 55806.87633908 29.01 270.522669  29.344610 17.356 -100.00 -100.00 -100.00
 116     1.079 55806.87633967 29.87 270.523906  29.347026 18.296 -100.00 -100.00 -100.00
 117     0.724 55816.79198763 27.16 270.519279  29.341593  3.532 -100.00 -100.00 -100.00
 117     0.874 55816.79198822 27.69 270.520517  29.344009  5.107 -100.00 -100.00 -100.00
 118     0.965 55826.70763406 26.11 270.520621  29.342343  8.836 -100.00 -100.00 -100.00
 118     0.843 55826.70763465 31.09 270.521858  29.344760 22.107 -100.00 -100.00 -100.00
 118     1.125 55826.70763524 31.83 270.523096  29.347176 21.396 -100.00 -100.00 -100.00
 119     0.691 55836.62327602 29.94 270.522427  29.342866 18.905 -100.00 -100.00 -100.00
 119     0.662 55836.62327661 30.98 270.523664  29.345282 21.059 -100.00 -100.00 -100.00
 119     0.755 55836.62327720 34.97 270.524902  29.347699   -100 -100.00 -100.00 -100.00
 120     0.869 55846.53891429 37.27 270.522987  29.342507 12.482 -100.00 -100.00 -100.00
 120     0.772 55846.53891488 38.50 270.524225  29.344923 14.832 -100.00 -100.00 -100.00
 120     0.952 55846.53891547 43.05 270.525463  29.347340 27.355 -100.00 -100.00 -100.00
 121     0.954 55856.45454948 29.74 270.522398  29.340916 15.615 -100.00 -100.00 -100.00
 121     0.851 55856.45455007 32.19 270.523636  29.343332 21.387 -100.00 -100.00 -100.00
 121     0.605 55856.45455066 32.29 270.524874  29.345749 23.423 -100.00 -100.00 -100.00
 121     0.718 55856.45455125 30.70 270.526111  29.348165 17.676 -100.00 -100.00 -100.00
 122     0.697 55866.37019244 26.78 270.521087  29.342451  9.233 -100.00 -100.00 -100.00
 122     0.780 55866.37019303 30.12 270.522324  29.344867 16.109 -100.00 -100.00 -100.00
 122     0.911 55866.37019363 34.10 270.523562  29.347284 26.188 -100.00 -100.00 -100.00
 123     0.732 55876.28584415 26.78 270.517002  29.341567 11.498 -100.00 -100.00 -100.00
 123     1.053 55876.28584474 26.46 270.518239  29.343984  9.464 -100.00 -100.00 -100.00
 124     1.167 55886.20149047 34.83 270.516922  29.342333 17.787 -100.00 -100.00 -100.00
 124     0.994 55886.20149106 32.31 270.518159  29.344750 13.929 -100.00 -100.00 -100.00
 125     1.031 55896.11713104 43.19 270.517912  29.341932   -100 -100.00 -100.00 -100.00
 125     0.876 55896.11713163 44.01 270.519149  29.344348   -100 -100.00 -100.00 -100.00
 126     1.292 55906.03276652 27.55 270.519945  29.340828 12.132 -100.00 -100.00 -100.00
 126     1.207 55906.03276711 26.58 270.521183  29.343244  9.200 -100.00 -100.00 -100.00
 126     1.105 55906.03276770 29.92 270.522420  29.345661 16.024 -100.00 -100.00 -100.00
 127     1.618 55915.94841026 33.34 270.518579  29.340814 13.202 -100.00 -100.00 -100.00
 127     1.607 55915.94841085 32.77 270.519817  29.343231 11.366 -100.00 -100.00 -100.00
 127     1.612 55915.94841144 38.88 270.521054  29.345647 24.574 -100.00 -100.00 -100.00
 128     1.474 55925.86406442 28.40 270.515448  29.343083 10.642 -100.00 -100.00 -100.00
 128     1.357 55925.86406501 33.26 270.516686  29.345500 20.568 -100.00 -100.00 -100.00
 129     1.491 55935.77971494 28.24 270.513500  29.342759 10.671 -100.00 -100.00 -100.00
 129     1.168 55935.77971553 30.89 270.514737  29.345176 16.496 -100.00 -100.00 -100.00
 130     1.239 55945.69536060 40.19 270.513491  29.341729   -100 -100.00 -100.00 -100.00
 130     1.207 55945.69536119 31.81 270.514729  29.344146 11.940 -100.00 -100.00 -100.00
 130     0.900 55945.69536178 36.36 270.515967  29.346563 25.764 -100.00 -100.00 -100.00
 131     1.108 55955.61100188 29.85 270.514774  29.341008 17.117 -100.00 -100.00 -100.00
 131     1.020 55955.61100247 27.39 270.516012  29.343425  9.613 -100.00 -100.00 -100.00
 131     0.836 55955.61100306 36.08 270.517249  29.345842   -100 -100.00 -100.00 -100.00
 132     1.431 55965.52664060 29.14 270.516359  29.341795 12.080 -100.00 -100.00 -100.00
 132     1.326 55965.52664119 32.73 270.517597  29.344211 20.527 -100.00 -100.00 -100.00
 133     1.557 55975.44227773 28.16 270.516981  29.342522  9.857 -100.00 -100.00 -100.00
 133     1.015 55975.44227832 32.86 270.518219  29.344939 20.752 -100.00 -100.00 -100.00
 134     1.071 55985.35791348 27.59 270.517854  29.341419  6.532 -100.00 -100.00 -100.00
 134     1.278 55985.35791407 29.21 270.519091  29.343836  8.962 -100.00 -100.00 -100.00
 135     1.122 55995.27354824 27.48 270.521877  29.341802  8.785 -100.00 -100.00 -100.00
 135     1.015 55995.27354883 34.98 270.523115  29.344219 30.151 -100.00 -100.00 -100.00
 135     1.171 55995.27354942 31.41 270.524353  29.346636 16.018 -100.00 -100.00 -100.00
 136     1.589 56005.18919976 26.18 270.520567  29.341745  6.314 -100.00 -100.00 -100.00
 136     1.502 56005.18920035 29.78 270.521805  29.344162 11.415 -100.00 -100.00 -100.00
 136     1.427 56005.18920094 32.04 270.523043  29.346578 14.024 -100.00 -100.00 -100.00
 137     1.744 56015.10484763 28.89 270.519649  29.342403  5.391 -100.00 -100.00 -100.00
 137     1.533 56015.10484822 31.32 270.520886  29.344820  9.286 -100.00 -100.00 -100.00
 138     0.794 56025.02049203 27.61 270.516404  29.340964  9.124 -100.00 -100.00 -100.00
 138     1.544 56025.02049262 26.83 270.517642  29.343380  8.624 -100.00 -100.00 -100.00
 138     1.076 56025.02049321 36.49 270.518879  29.345797   -100 -100.00 -100.00 -100.00
 139     1.178 56034.93613526 38.65 270.514426  29.341863   -100 -100.00 -100.00 -100.00
 139     1.137 56034.93613585 28.64 270.515664  29.344280 12.962 -100.00 -100.00 -100.00
 139     0.951 56034.93613644 35.69 270.516901  29.346697   -100 -100.00 -100.00 -100.00
 140     1.333 56044.85177646 34.26 270.514132  29.341627 26.569 -100.00 -100.00 -100.00
 140     1.241 56044.85177705 26.92 270.515369  29.344044 10.235 -100.00 -100.00 -100.00
 140     1.066 56044.85177764 31.05 270.516607  29.346460 20.370 -100.00 -100.00 -100.00
 141     1.109 56054.76741518 26.30 270.515965  29.342047  6.830 -100.00 -100.00 -100.00
 141     0.776 56054.76741577 36.56 270.517202  29.344464   -100 -100.00 -100.00 -100.00
 142     1.270 56064.68304992 26.51 270.518949  29.341012  8.005 -100.00 -100.00 -100.00
 142     0.877 56064.68305051 30.63 270.520186  29.343429 18.133 -100.00 -100.00 -100.00
 142     0.817 56064.68305110 35.80 270.521424  29.345845   -100 -100.00 -100.00 -100.00
 143     0.713 56074.59869452 27.92 270.519496  29.342463 11.354 -100.00 -100.00 -100.00
 143     1.046 56074.59869511 31.35 270.520733  29.344880 18.503 -100.00 -100.00 -100.00
 144     0.088 56084.51434327 28.05 270.515278  29.340807  9.099 -100.00 -100.00 -100.00
 144     0.553 56084.51434386 27.09 270.516515  29.343223  6.223 -100.00 -100.00 -100.00
 144     0.681 56084.51434445 32.71 270.517753  29.345640 17.795 -100.00 -100.00 -100.00
 145     1.080 56094.42999015 34.95 270.513825  29.341262   -100 -100.00 -100.00 -100.00
 145     0.923 56094.42999074 28.70 270.515062  29.343678 14.222 -100.00 -100.00 -100.00
 145     0.856 56094.42999133 34.17 270.516300  29.346095 29.589 -100.00 -100.00 -100.00
 146     1.305 56104.34563516 28.58 270.514627  29.342442  9.457 -100.00 -100.00 -100.00
 146     0.970 56104.34563575 30.77 270.515864  29.344859 15.368 -100.00 -100.00 -100.00
 147     0.625 56114.26126521 45.67 270.515727  29.341343   -100 -100.00 -100.00 -100.00
 147     0.835 56114.26126581 46.83 270.516964  29.343760   -100 -100.00 -100.00 -100.00
 147     0.658 56114.26126640 49.86 270.518202  29.346176  1.075 -100.00 -100.00 -100.00
 148     0.550 56124.17690377 27.13 270.518935  29.342464  8.175 -100.00 -100.00 -100.00
 148     0.525 56124.17690436 32.07 270.520172  29.344880 20.616 -100.00 -100.00 -100.00
 149     0.718 56134.09253796 26.93 270.521613  29.341365  8.723 -100.00 -100.00 -100.00
 149     0.838 56134.09253855 29.05 270.522850  29.343781 13.021 -100.00 -100.00 -100.00
 149     0.824 56134.09253914 32.16 270.524088  29.346197 18.470 -100.00 -100.00 -100.00
 150     0.675 56144.00817804 29.55 270.522765  29.342952  7.939 -100.00 -100.00 -100.00
 150     0.683 56144.00817863 35.93 270.524002  29.345369 24.943 -100.00 -100.00 -100.00
 150     0.652 56144.00817922 34.73 270.525240  29.347785 21.333 -100.00 -100.00 -100.00
 151     0.274 56153.92382797 26.54 270.518650  29.341505  8.210 -100.00 -100.00 -100.00
 151     0.399 56153.92382856 28.24 270.519887  29.343922 12.307 -100.00 -100.00 -100.00
 152     0.539 56163.83947732 26.83 270.516597  29.342000  9.415 -100.00 -100.00 -100.00
 152     0.802 56163.83947791 28.71 270.517834  29.344417 12.455 -100.00 -100.00 -100.00
 153     0.730 56173.75512446 27.30 270.515774  29.341209  8.749 -100.00 -100.00 -100.00
 153     0.567 56173.75512505 35.78 270.517011  29.343626   -100 -100.00 -100.00 -100.00
 153     1.018 56173.75512564 36.48 270.518249  29.346042 30.674 -100.00 -100.00 -100.00
 154     1.246 56183.67076669 27.59 270.516896  29.340595 10.667 -100.00 -100.00 -100.00
 154     1.062 56183.67076729 28.12 270.518133  29.343011 10.806 -100.00 -100.00 -100.00
 154     1.283 56183.67076788 34.37 270.519371  29.345428 28.846 -100.00 -100.00 -100.00
 155     0.765 56193.58640533 28.49 270.518446  29.341157 12.490 -100.00 -100.00 -100.00
 155     0.843 56193.58640592 29.26 270.519683  29.343574 14.364 -100.00 -100.00 -100.00
 156     0.920 56203.50204086 30.01 270.519040  29.341398 14.753 -100.00 -100.00 -100.00
 156     0.843 56203.50204145 32.75 270.520277  29.343815 20.270 -100.00 -100.00 -100.00
 157     0.644 56213.41767479 32.05 270.520709  29.342417 15.639 -100.00 -100.00 -100.00
 157     1.401 56213.41767538 35.34 270.521946  29.344833 23.644 -100.00 -100.00 -100.00
 157     1.449 56213.41767597 38.58 270.523184  29.347249 27.009 -100.00 -100.00 -100.00
 158     0.952 56223.33330827 38.69 270.523555  29.342966   -100 -100.00 -100.00 -100.00
 158     1.218 56223.33330886 32.23 270.524793  29.345382 14.443 -100.00 -100.00 -100.00
 158     1.016 56223.33330945 35.88 270.526030  29.347799 26.147 -100.00 -100.00 -100.00
 159     1.174 56233.24896346 44.51 270.519373  29.340984   -100 -100.00 -100.00 -100.00
 159     0.967 56233.24896405 38.94 270.520610  29.343401 29.476 -100.00 -100.00 -100.00
 159     1.101 56233.24896464 39.92 270.521847  29.345817 30.448 -100.00 -100.00 -100.00
 160     1.411 56243.16461531 28.10 270.517372  29.341109  9.977 -100.00 -100.00 -100.00
 160     0.961 56243.16461590 32.17 270.518610  29.343526 22.578 -100.00 -100.00 -100.00
 161     1.072 56253.08026287 40.80 270.515868  29.341953 24.264 -100.00 -100.00 -100.00
 161     0.614 56253.08026346 42.29 270.517105  29.344370 32.182 -100.00 -100.00 -100.00
 162     0.844 56262.99590594 29.79 270.514526  29.341573  8.099 -100.00 -100.00 -100.00
 162     0.642 56262.99590653 32.84 270.515763  29.343990 12.786 -100.00 -100.00 -100.00
 162     0.845 56262.99590712 38.60 270.517000  29.346406 26.624 -100.00 -100.00 -100.00
 163     1.145 56272.91154744 31.01 270.514317  29.341524 19.138 -100.00 -100.00 -100.00
 163     0.964 56272.91154803 29.71 270.515554  29.343941 16.169 -100.00 -100.00 -100.00
 163     0.921 56272.91154862 35.80 270.516792  29.346358   -100 -100.00 -100.00 -100.00
 164     0.296 56282.82719067 27.08 270.515069  29.341454  8.542 -100.00 -100.00 -100.00
 164     0.617 56282.82719126 27.58 270.516306  29.343870  8.546 -100.00 -100.00 -100.00
 164     0.789 56282.82719185 32.12 270.517544  29.346287 20.744 -100.00 -100.00 -100.00
 165     0.701 56292.74284325 29.86 270.515124  29.343252 12.280 -100.00 -100.00 -100.00
 165     0.880 56292.74284384 32.50 270.516361  29.345669 19.458 -100.00 -100.00 -100.00
 166     0.800 56302.65849037 37.54 270.513578  29.341032   -100 -100.00 -100.00 -100.00
 166     0.966 56302.65849096 34.50 270.514816  29.343448 23.102 -100.00 -100.00 -100.00
 166     0.917 56302.65849155 33.92 270.516053  29.345865 18.879 -100.00 -100.00 -100.00
 167     0.990 56312.57413428 38.03 270.514249  29.343446 23.486 -100.00 -100.00 -100.00
 167     0.525 56312.57413487 39.87 270.515487  29.345863 28.798 -100.00 -100.00 -100.00
 168     1.361 56322.48977470 27.62 270.512738  29.341503  9.629 -100.00 -100.00 -100.00
 168     0.721 56322.48977529 29.71 270.513976  29.343920 16.954 -100.00 -100.00 -100.00
 168     1.176 56322.48977588 33.55 270.515214  29.346337 25.121 -100.00 -100.00 -100.00
 169     1.282 56332.40541535 33.25 270.514094  29.343489 23.891 -100.00 -100.00 -100.00
 169     0.955 56332.40541594 40.77 270.515332  29.345905  0.093 -100.00 -100.00 -100.00
 170     1.352 56342.32105496 28.67 270.515841  29.342755 10.157 -100.00 -100.00 -100.00
 170     1.008 56342.32105555 34.39 270.517079  29.345172 26.691 -100.00 -100.00 -100.00
 171     1.083 56352.23669244 31.17 270.519244  29.342113 13.251 -100.00 -100.00 -100.00
 171     1.535 56352.23669303 34.34 270.520482  29.344529 21.945 -100.00 -100.00 -100.00
 172     1.137 56362.15233287 28.75 270.520672  29.341331 13.324 -100.00 -100.00 -100.00
 172     1.198 56362.15233346 32.20 270.521910  29.343748 20.524 -100.00 -100.00 -100.00
 172     1.475 56362.15233405 36.62 270.523147  29.346164   -100 -100.00 -100.00 -100.00
 173     1.438 56372.06798146 38.02 270.516954  29.340478   -100 -100.00 -100.00 -100.00
 173     1.263 56372.06798205 31.24 270.518192  29.342894 12.449 -100.00 -100.00 -100.00
 173     1.382 56372.06798264 35.77 270.519429  29.345311 22.929 -100.00 -100.00 -100.00
 175     1.195 56391.89927251 36.53 270.510904  29.341928   -100 -100.00 -100.00 -100.00
 175     1.171 56391.89927310 28.21 270.512142  29.344344 12.074 -100.00 -100.00 -100.00
 175     1.037 56391.89927370 33.48 270.513379  29.346761 25.038 -100.00 -100.00 -100.00
 176     1.096 56401.81491612 29.36 270.512628  29.343783 15.785 -100.00 -100.00 -100.00
 176     0.917 56401.81491671 32.95 270.513866  29.346200 26.705 -100.00 -100.00 -100.00
 177     1.485 56411.73055648 31.88 270.514881  29.343031 15.517 -100.00 -100.00 -100.00
 177     1.624 56411.73055707 38.52 270.516118  29.345448   -100 -100.00 -100.00 -100.00
 178     1.727 56421.64619193 29.07 270.518527  29.342355 11.155 -100.00 -100.00 -100.00
 178     1.644 56421.64619252 33.22 270.519764  29.344772 20.807 -100.00 -100.00 -100.00
 179     1.863 56431.56183135 33.11 270.518286  29.340530 19.277 -100.00 -100.00 -100.00
 179     1.556 56431.56183194 29.78 270.519524  29.342946 11.380 -100.00 -100.00 -100.00
 179     1.763 56431.56183253 34.84 270.520761  29.345363 18.625 -100.00 -100.00 -100.00
 180     0.967 56441.47748408 29.82 270.514567  29.343183 14.540 -100.00 -100.00 -100.00
 180     0.877 56441.47748467 36.94 270.515805  29.345599   -100 -100.00 -100.00 -100.00
 181     1.714 56451.39313355 28.53 270.511273  29.342584  8.846 -100.00 -100.00 -100.00
 181     1.514 56451.39313414 31.59 270.512510  29.345000 13.919 -100.00 -100.00 -100.00
 181     1.133 56451.39313473 35.92 270.513748  29.347417 26.463 -100.00 -100.00 -100.00
 182     1.562 56461.30878132 28.62 270.512143  29.343587 10.622 -100.00 -100.00 -100.00
 182     1.147 56461.30878191 33.15 270.513381  29.346004 21.598 -100.00 -100.00 -100.00
 183     1.646 56471.22442558 30.72 270.513749  29.343083 13.871 -100.00 -100.00 -100.00
 183     1.487 56471.22442617 36.64 270.514986  29.345499 30.559 -100.00 -100.00 -100.00
 184     1.188 56481.14006630 28.37 270.515632  29.342436 11.594 -100.00 -100.00 -100.00
 184     0.893 56481.14006689 33.61 270.516870  29.344853 26.973 -100.00 -100.00 -100.00
 185     1.273 56491.05570296 27.81 270.516009  29.340546  9.903 -100.00 -100.00 -100.00
 185     1.177 56491.05570355 29.20 270.517246  29.342962 14.073 -100.00 -100.00 -100.00
 185     1.186 56491.05570414 33.35 270.518484  29.345378 23.255 -100.00 -100.00 -100.00
 186     0.733 56500.97133825 30.24 270.518380  29.342241 15.437 -100.00 -100.00 -100.00
 186     0.612 56500.97133884 37.82 270.519618  29.344657   -100 -100.00 -100.00 -100.00
 187     0.745 56510.88697199 29.26 270.521394  29.342147 13.341 -100.00 -100.00 -100.00
 187     1.383 56510.88697258 30.94 270.522631  29.344564 17.746 -100.00 -100.00 -100.00
 187     0.611 56510.88697317 36.37 270.523869  29.346980   -100 -100.00 -100.00 -100.00
 188     0.937 56520.80261657 29.74 270.521705  29.341313  4.932 -100.00 -100.00 -100.00
 188     0.741 56520.80261716 34.58 270.522942  29.343729 12.684 -100.00 -100.00 -100.00
 188     0.780 56520.80261775 35.32 270.524180  29.346145 13.968 -100.00 -100.00 -100.00
 189     0.847 56530.71826995 28.44 270.519742  29.341169 10.565 -100.00 -100.00 -100.00
 189     1.269 56530.71827054 29.88 270.520979  29.343586 15.556 -100.00 -100.00 -100.00
 189     1.598 56530.71827113 36.78 270.522217  29.346002   -100 -100.00 -100.00 -100.00
 191     0.999 56550.54956491 29.66 270.516914  29.342694 14.564 -100.00 -100.00 -100.00
 191     0.995 56550.54956550 33.77 270.518151  29.345111 20.939 -100.00 -100.00 -100.00
 192     1.158 56560.46520707 26.68 270.513417  29.341412  9.009 -100.00 -100.00 -100.00
 192     0.912 56560.46520766 30.34 270.514654  29.343829 17.555 -100.00 -100.00 -100.00
 192     0.995 56560.46520825 36.67 270.515891  29.346245   -100 -100.00 -100.00 -100.00
 193     1.176 56570.38084866 30.04 270.512462  29.342150 18.078 -100.00 -100.00 -100.00
 193     0.932 56570.38084925 28.13 270.513699  29.344567 12.025 -100.00 -100.00 -100.00
 193     1.030 56570.38084984 36.36 270.514937  29.346983   -100 -100.00 -100.00 -100.00
 194     0.907 56580.29648882 34.55 270.513683  29.341762 22.853 -100.00 -100.00 -100.00
 194     1.004 56580.29648941 30.10 270.514920  29.344179 10.630 -100.00 -100.00 -100.00
 194     0.888 56580.29649000 36.04 270.516158  29.346595 28.524 -100.00 -100.00 -100.00
 195     1.044 56590.21212536 45.76 270.518708  29.341674   -100 -100.00 -100.00 -100.00
 195     0.908 56590.21212595 47.96 270.519945  29.344090   -100 -100.00 -100.00 -100.00
 196     0.946 56600.12777207 27.67 270.519931  29.342385  8.761 -100.00 -100.00 -100.00
 196     1.087 56600.12777266 34.22 270.521168  29.344801 21.521 -100.00 -100.00 -100.00
 197     0.983 56610.04342208 25.30 270.516467  29.341745  8.564 -100.00 -100.00 -100.00
 197     1.100 56610.04342267 27.08 270.517705  29.344162 11.766 -100.00 -100.00 -100.00
 198     1.081 56619.95906773 30.93 270.513563  29.341792 22.136 -100.00 -100.00 -100.00
 198     0.864 56619.95906832 28.88 270.514800  29.344208 14.332 -100.00 -100.00 -100.00
 198     0.606 56619.95906891 37.02 270.516038  29.346625   -100 -100.00 -100.00 -100.00
 199     0.777 56629.87471042 29.21 270.512221  29.341363 11.836 -100.00 -100.00 -100.00
 199     0.750 56629.87471101 29.88 270.513458  29.343779 14.174 -100.00 -100.00 -100.00
 199     0.427 56629.87471160 37.60 270.514696  29.346196   -100 -100.00 -100.00 -100.00
 200     0.859 56639.79035010 27.83 270.514540  29.340862  9.464 -100.00 -100.00 -100.00
 200     0.789 56639.79035069 28.34 270.515777  29.343279 10.383 -100.00 -100.00 -100.00
 200     0.754 56639.79035128 33.16 270.517015  29.345696 20.517 -100.00 -100.00 -100.00
 201     0.852 56649.70599695 28.04 270.517724  29.342641 11.306 -100.00 -100.00 -100.00
 201     0.826 56649.70599754 33.14 270.518962  29.345057 26.303 -100.00 -100.00 -100.00
 202     1.010 56659.62164809 29.84 270.516411  29.342034  8.981 -100.00 -100.00 -100.00
 202     1.084 56659.62164868 39.22 270.517648  29.344451   -100 -100.00 -100.00 -100.00
 203     1.177 56669.53729525 32.24 270.514236  29.342002  8.615 -100.00 -100.00 -100.00
 203     0.791 56669.53729584 34.40 270.515474  29.344419 11.351 -100.00 -100.00 -100.00
 203     0.836 56669.53729643 39.49 270.516712  29.346835 22.109 -100.00 -100.00 -100.00
 204     0.951 56679.45293971 38.38 270.511637  29.341475   -100 -100.00 -100.00 -100.00
 204     1.170 56679.45294030 29.32 270.512875  29.343892 12.422 -100.00 -100.00 -100.00
 204     0.971 56679.45294089 34.19 270.514113  29.346309 26.526 -100.00 -100.00 -100.00
 205     1.040 56689.36858296 33.77 270.511927  29.342517 18.646 -100.00 -100.00 -100.00
 205     1.152 56689.36858355 31.50 270.513165  29.344934 12.627 -100.00 -100.00 -100.00
 205     0.962 56689.36858414 37.39 270.514402  29.347351 28.117 -100.00 -100.00 -100.00
 206     0.806 56699.28422301 40.25 270.513809  29.341053   -100 -100.00 -100.00 -100.00
 206     1.079 56699.28422360 36.08 270.515047  29.343470 17.527 -100.00 -100.00 -100.00
 206     0.872 56699.28422420 36.69 270.516285  29.345887 18.505 -100.00 -100.00 -100.00
 207     1.306 56709.19985928 27.51 270.519138  29.342334  8.612 -100.00 -100.00 -100.00
 207     1.492 56709.19985987 33.64 270.520375  29.344751 19.459 -100.00 -100.00 -100.00
 208     0.957 56719.11549872 35.78 270.519875  29.341045 10.781 -100.00 -100.00 -100.00
 208     0.500 56719.11549931 38.25 270.521112  29.343461 14.397 -100.00 -100.00 -100.00
 208     0.620 56719.11549990 39.52 270.522350  29.345878 15.128 -100.00 -100.00 -100.00
 209     0.399 56729.03115064 29.56 270.515054  29.341149 13.332 -100.00 -100.00 -100.00
 209     0.917 56729.03115123 31.89 270.516292  29.343565 19.926 -100.00 -100.00 -100.00
 209     1.108 56729.03115182 34.56 270.517530  29.345982 26.065 -100.00 -100.00 -100.00
 210     1.420 56738.94679914 38.15 270.511134  29.342527   -100 -100.00 -100.00 -100.00
 210     1.362 56738.94679973 27.50 270.512371  29.344944  8.032 -100.00 -100.00 -100.00
 210     1.114 56738.94680032 31.92 270.513609  29.347360 16.000 -100.00 -100.00 -100.00
 211     1.080 56748.86244370 34.94 270.508891  29.342159   -100 -100.00 -100.00 -100.00
 211     1.078 56748.86244429 36.11 270.510128  29.344576   -100 -100.00 -100.00 -100.00
 211     1.278 56748.86244488 33.25 270.511366  29.346993 24.779 -100.00 -100.00 -100.00
 212     1.103 56758.77808395 31.90 270.511038  29.341708 19.313 -100.00 -100.00 -100.00
 212     1.058 56758.77808454 27.89 270.512275  29.344125  8.335 -100.00 -100.00 -100.00
 212     1.059 56758.77808513 30.33 270.513513  29.346542 13.709 -100.00 -100.00 -100.00
 213     1.627 56768.69371826 31.76 270.516370  29.341069 17.243 -100.00 -100.00 -100.00
 213     1.569 56768.69371885 28.77 270.517608  29.343486 10.518 -100.00 -100.00 -100.00
 213     1.396 56768.69371944 34.23 270.518845  29.345903 18.781 -100.00 -100.00 -100.00
 214     1.080 56778.60936618 26.51 270.516278  29.341129  8.632 -100.00 -100.00 -100.00
 214     1.243 56778.60936677 28.61 270.517515  29.343546 12.510 -100.00 -100.00 -100.00
 214     1.381 56778.60936736 35.96 270.518753  29.345963   -100 -100.00 -100.00 -100.00
 215     1.457 56788.52502197 28.09 270.513000  29.343281 10.207 -100.00 -100.00 -100.00
 215     1.335 56788.52502256 27.92 270.514238  29.345698  9.483 -100.00 -100.00 -100.00
 216     1.422 56798.44067350 37.37 270.508216  29.343084 26.699 -100.00 -100.00 -100.00
 216     1.425 56798.44067409 28.31 270.509454  29.345501  5.252 -100.00 -100.00 -100.00
 216     1.228 56798.44067468 32.11 270.510692  29.347918  9.711 -100.00 -100.00 -100.00
 217     0.709 56808.35631974 26.51 270.507059  29.344500 12.106 -100.00 -100.00 -100.00
 217     1.016 56808.35632034 28.06 270.508297  29.346916 14.514 -100.00 -100.00 -100.00
 217     0.990 56808.35632093 32.49 270.509534  29.349333 25.707 -100.00 -100.00 -100.00
 218     1.318 56818.27195989 28.14 270.508697  29.342959 13.592 -100.00 -100.00 -100.00
 218     1.059 56818.27196048 30.52 270.509934  29.345375 18.107 -100.00 -100.00 -100.00
 218     1.068 56818.27196107 31.60 270.511172  29.347792 16.734 -100.00 -100.00 -100.00
 219     1.225 56828.18759713 38.49 270.513698  29.343377 31.877 -100.00 -100.00 -100.00
 219     1.160 56828.18759772 33.15 270.514935  29.345794 13.438 -100.00 -100.00 -100.00
 220     0.559 56838.10323063 27.75 270.517824  29.340901  7.023 -100.00 -100.00 -100.00
 220     0.812 56838.10323122 27.10 270.519062  29.343317  5.809 -100.00 -100.00 -100.00
 221     0.984 56848.01886241 33.73 270.522590  29.342366 13.313 -100.00 -100.00 -100.00
 221     0.929 56848.01886300 35.82 270.523828  29.344783 20.262 -100.00 -100.00 -100.00
 221     0.891 56848.01886360 40.84 270.525065  29.347199   -100 -100.00 -100.00 -100.00
 222     0.986 56857.93451544 29.15 270.517770  29.342168  4.997 -100.00 -100.00 -100.00
 222     0.839 56857.93451603 31.59 270.519007  29.344585  8.016 -100.00 -100.00 -100.00
 223     1.344 56867.85016883 27.00 270.513980  29.342204  7.892 -100.00 -100.00 -100.00
 223     0.788 56867.85016942 29.48 270.515218  29.344621 14.751 -100.00 -100.00 -100.00
 223     0.804 56867.85017001 36.23 270.516455  29.347037   -100 -100.00 -100.00 -100.00
 224     0.062 56877.76582073 35.03 270.512473  29.342672  7.868 -100.00 -100.00 -100.00
 224     0.520 56877.76582132 35.06 270.513711  29.345089  7.646 -100.00 -100.00 -100.00
 224     0.636 56877.76582191 36.76 270.514948  29.347505  8.984 -100.00 -100.00 -100.00
 225     0.777 56887.68146945 25.91 270.511977  29.342837  9.094 -100.00 -100.00 -100.00
 225     0.647 56887.68147004 27.69 270.513215  29.345253 12.459 -100.00 -100.00 -100.00
 225     0.870 56887.68147063 33.69 270.514452  29.347670 25.795 -100.00 -100.00 -100.00
 226     1.137 56897.59711537 25.86 270.511535  29.343053  7.385 -100.00 -100.00 -100.00
 226     0.656 56897.59711596 28.07 270.512773  29.345469 13.554 -100.00 -100.00 -100.00
 226     0.912 56897.59711655 32.88 270.514010  29.347886 25.420 -100.00 -100.00 -100.00
 227     1.145 56907.51275816 32.77 270.509665  29.342604 23.945 -100.00 -100.00 -100.00
 227     0.834 56907.51275875 28.36 270.510902  29.345021 12.539 -100.00 -100.00 -100.00
 227     0.838 56907.51275934 31.91 270.512140  29.347437 19.071 -100.00 -100.00 -100.00
 228     0.901 56917.42839922 29.09 270.509100  29.344231 15.124 -100.00 -100.00 -100.00
 228     1.033 56917.42839981 28.04 270.510337  29.346647 11.626 -100.00 -100.00 -100.00
 228     1.273 56917.42840040 34.10 270.511575  29.349064 25.967 -100.00 -100.00 -100.00
 229     1.043 56927.34403808 28.99 270.510131  29.344436 10.131 -100.00 -100.00 -100.00
 229     1.128 56927.34403867 31.64 270.511368  29.346852 12.939 -100.00 -100.00 -100.00
 230     0.712 56937.25967307 27.26 270.513466  29.343159 10.534 -100.00 -100.00 -100.00
 230     0.720 56937.25967366 28.41 270.514703  29.345576 11.560 -100.00 -100.00 -100.00
 231     0.820 56947.17530395 34.47 270.519095  29.341165  7.262 -100.00 -100.00 -100.00
 231     1.041 56947.17530454 35.40 270.520333  29.343581  7.913 -100.00 -100.00 -100.00
 231     0.898 56947.17530513 42.82 270.521570  29.345998 25.620 -100.00 -100.00 -100.00
 232     1.291 56957.09095791 36.18 270.517579  29.342041 12.287 -100.00 -100.00 -100.00
 232     1.061 56957.09095850 35.92 270.518816  29.344458 12.769 -100.00 -100.00 -100.00
 233     0.968 56967.00660628 39.02 270.514995  29.341741   -100 -100.00 -100.00 -100.00
 233     0.942 56967.00660687 30.90 270.516232  29.344157 13.286 -100.00 -100.00 -100.00
 233     0.925 56967.00660746 35.19 270.517470  29.346574 21.596 -100.00 -100.00 -100.00
 234     0.390 56976.92225107 27.07 270.513645  29.342661 12.365 -100.00 -100.00 -100.00
 234     0.632 56976.92225166 30.38 270.514883  29.345077 20.480 -100.00 -100.00 -100.00
 235     1.054 56986.83789113 29.37 270.513356  29.341463 16.095 -100.00 -100.00 -100.00
 235     0.869 56986.83789172 32.56 270.514593  29.343880 28.633 -100.00 -100.00 -100.00
 235     1.023 56986.83789231 34.74 270.515831  29.346296   -100 -100.00 -100.00 -100.00
 236     0.537 56996.75352600 26.95 270.517505  29.341294  9.474 -100.00 -100.00 -100.00
 236     0.553 56996.75352659 28.75 270.518742  29.343711 12.722 -100.00 -100.00 -100.00
 237     0.540 57006.66917219 26.48 270.519867  29.342560  8.530 -100.00 -100.00 -100.00
 237     0.787 57006.66917278 29.30 270.521104  29.344977 16.185 -100.00 -100.00 -100.00
 238     0.752 57016.58482603 28.45 270.516899  29.340931  6.557 -100.00 -100.00 -100.00
 238     0.687 57016.58482662 28.64 270.518137  29.343348  6.397 -100.00 -100.00 -100.00
 238     1.128 57016.58482721 31.23 270.519375  29.345764 10.505 -100.00 -100.00 -100.00
 239     0.964 57026.50047656 29.91 270.515001  29.342336 11.301 -100.00 -100.00 -100.00
 239     0.868 57026.50047715 32.73 270.516239  29.344752 19.926 -100.00 -100.00 -100.00
 240     1.177 57036.41612464 26.70 270.512601  29.342562  9.649 -100.00 -100.00 -100.00
 240     0.842 57036.41612523 31.06 270.513838  29.344978 19.915 -100.00 -100.00 -100.00
 240     0.934 57036.41612582 33.83 270.515076  29.347395 25.614 -100.00 -100.00 -100.00
 241     1.081 57046.33176990 29.42 270.511587  29.341565 12.747 -100.00 -100.00 -100.00
 241     1.015 57046.33177049 29.60 270.512824  29.343981 14.830 -100.00 -100.00 -100.00
 241     1.051 57046.33177108 31.46 270.514062  29.346398 20.028 -100.00 -100.00 -100.00
 242     1.171 57056.24741241 34.94 270.513906  29.342688 32.339 -100.00 -100.00 -100.00
 242     1.059 57056.24741300 30.54 270.515143  29.345105 19.598 -100.00 -100.00 -100.00
 243     0.709 57066.16304954 28.05 270.516984  29.342565 15.351 -100.00 -100.00 -100.00
 243     0.602 57066.16305013 32.83 270.518222  29.344982 29.892 -100.00 -100.00 -100.00
 244     0.756 57076.07868209 45.95 270.519074  29.341509   -100 -100.00 -100.00 -100.00
 244     0.804 57076.07868268 46.98 270.520312  29.343926   -100 -100.00 -100.00 -100.00
 245     0.769 57085.99431200 27.78 270.521908  29.341102  6.993 -100.00 -100.00 -100.00
 245     1.303 57085.99431259 29.18 270.523146  29.343519  7.876 -100.00 -100.00 -100.00
 245     1.438 57085.99431318 33.05 270.524383  29.345935 15.472 -100.00 -100.00 -100.00
 246     1.402 57095.90996949 30.55 270.516575  29.342381  7.548 -100.00 -100.00 -100.00
 246     1.393 57095.90997008 30.81 270.517812  29.344797  8.793 -100.00 -100.00 -100.00
 247     1.812 57105.82562549 34.70 270.511885  29.341908 28.216 -100.00 -100.00 -100.00
 247     1.758 57105.82562608 32.38 270.513123  29.344325 18.609 -100.00 -100.00 -100.00
 247     1.627 57105.82562667 38.39 270.514360  29.346742   -100 -100.00 -100.00 -100.00
 248     1.972 57115.74127747 30.19 270.511193  29.342625 15.675 -100.00 -100.00 -100.00
 248     1.700 57115.74127806 28.86 270.512431  29.345042 10.801 -100.00 -100.00 -100.00
 248     1.251 57115.74127865 34.36 270.513668  29.347459 25.932 -100.00 -100.00 -100.00
 249     1.789 57125.65692284 27.73 270.511580  29.341489  8.192 -100.00 -100.00 -100.00
 249     1.665 57125.65692343 28.18 270.512818  29.343906  8.087 -100.00 -100.00 -100.00
 249     1.065 57125.65692402 30.57 270.514055  29.346323 14.247 -100.00 -100.00 -100.00
 250     1.527 57135.57256336 25.32 270.513632  29.342872  5.685 -100.00 -100.00 -100.00
 250     1.610 57135.57256396 28.96 270.514870  29.345288 10.789 -100.00 -100.00 -100.00
 251     1.237 57145.48819884 27.39 270.515296  29.341413  5.546 -100.00 -100.00 -100.00
 251     1.507 57145.48819943 29.24 270.516533  29.343830  8.044 -100.00 -100.00 -100.00
 251     0.962 57145.48820002 35.62 270.517771  29.346246 20.115 -100.00 -100.00 -100.00
 252     1.581 57155.40383225 28.14 270.518616  29.341909  4.587 -100.00 -100.00 -100.00
 252     1.408 57155.40383284 29.90 270.519854  29.344325  7.243 -100.00 -100.00 -100.00
 253     1.382 57165.31947187 27.76 270.519542  29.340814  7.613 -100.00 -100.00 -100.00
 253     1.270 57165.31947246 27.90 270.520779  29.343231  9.140 -100.00 -100.00 -100.00
 253     1.797 57165.31947305 29.82 270.522017  29.345648  9.861 -100.00 -100.00 -100.00
 254     1.334 57175.23512793 26.92 270.516704  29.341415  7.285 -100.00 -100.00 -100.00
 254     1.247 57175.23512852 27.90 270.517941  29.343831  8.989 -100.00 -100.00 -100.00
 255     0.758 57185.15078041 27.21 270.515339  29.341482  9.697 -100.00 -100.00 -100.00
 255     1.072 57185.15078100 30.33 270.516576  29.343898 16.642 -100.00 -100.00 -100.00
 255     1.215 57185.15078159 31.63 270.517814  29.346315 18.568 -100.00 -100.00 -100.00
 256     1.024 57195.06642916 29.10 270.514929  29.341949  7.610 -100.00 -100.00 -100.00
 256     1.074 57195.06642975 31.69 270.516166  29.344365 10.279 -100.00 -100.00 -100.00
 257     1.656 57204.98206426 27.39 270.513739  29.341771  7.979 -100.00 -100.00 -100.00
 257     1.199 57204.98206485 29.12 270.514977  29.344187  9.743 -100.00 -100.00 -100.00
 257     1.042 57204.98206544 34.32 270.516215  29.346603 24.958 -100.00 -100.00 -100.00
 258     1.314 57214.89771017 26.98 270.513611  29.343611  6.331 -100.00 -100.00 -100.00
 258     1.306 57214.89771076 31.83 270.514849  29.346027 14.839 -100.00 -100.00 -100.00
 259     1.579 57224.81335437 28.87 270.514016  29.343542 10.866 -100.00 -100.00 -100.00
 259     1.361 57224.81335496 31.34 270.515254  29.345958 16.653 -100.00 -100.00 -100.00
 260     1.173 57234.72899661 29.27 270.515213  29.342792 12.435 -100.00 -100.00 -100.00
 260     1.461 57234.72899720 33.57 270.516450  29.345209 22.492 -100.00 -100.00 -100.00
 261     1.103 57244.64463552 27.98 270.516671  29.342067  9.280 -100.00 -100.00 -100.00
 261     0.999 57244.64463611 33.16 270.517909  29.344483 21.866 -100.00 -100.00 -100.00
 262     1.149 57254.56027191 26.59 270.518192  29.342252  7.758 -100.00 -100.00 -100.00
 262     1.116 57254.56027250 28.20 270.519430  29.344668 11.369 -100.00 -100.00 -100.00
 263     0.889 57264.47590682 32.23 270.519477  29.342711  6.029 -100.00 -100.00 -100.00
 263     0.942 57264.47590741 32.82 270.520715  29.345128  7.527 -100.00 -100.00 -100.00
 264     1.124 57274.39154644 29.30 270.518959  29.340934  7.648 -100.00 -100.00 -100.00
 264     0.911 57274.39154703 33.87 270.520197  29.343350 16.223 -100.00 -100.00 -100.00
 264     0.804 57274.39154762 37.04 270.521434  29.345767 24.976 -100.00 -100.00 -100.00
 265     0.884 57284.30720332 28.84 270.516324  29.341727  7.859 -100.00 -100.00 -100.00
 265     1.054 57284.30720391 28.69 270.517561  29.344143  7.312 -100.00 -100.00 -100.00
 266     1.228 57294.22285738 38.94 270.514803  29.341791 31.121 -100.00 -100.00 -100.00
 266     1.064 57294.22285797 33.33 270.516040  29.344207 12.665 -100.00 -100.00 -100.00
 266     1.266 57294.22285856 37.14 270.517277  29.346624 19.973 -100.00 -100.00 -100.00
 267     0.793 57304.13850778 35.22 270.513291  29.341082 25.094 -100.00 -100.00 -100.00
 267     1.037 57304.13850838 31.73 270.514529  29.343498 14.452 -100.00 -100.00 -100.00
 267     0.808 57304.13850897 29.95 270.515766  29.345915 11.991 -100.00 -100.00 -100.00
 268     1.123 57314.05415486 27.49 270.512216  29.341919 11.876 -100.00 -100.00 -100.00
 268     0.846 57314.05415545 30.62 270.513453  29.344335 21.253 -100.00 -100.00 -100.00
 268     0.905 57314.05415604 32.14 270.514691  29.346752 25.339 -100.00 -100.00 -100.00
 269     1.104 57323.96979914 32.56 270.511363  29.343739 23.898 -100.00 -100.00 -100.00
 269     0.913 57323.96979973 32.47 270.512600  29.346155 23.873 -100.00 -100.00 -100.00
 270     1.192 57333.88544141 29.74 270.511419  29.343810 16.282 -100.00 -100.00 -100.00
 270     0.662 57333.88544200 31.59 270.512657  29.346226 26.210 -100.00 -100.00 -100.00
 271     0.800 57343.80108163 27.11 270.512841  29.342365 12.166 -100.00 -100.00 -100.00
 271     1.009 57343.80108222 28.75 270.514078  29.344781 15.988 -100.00 -100.00 -100.00
 271     0.976 57343.80108281 33.96 270.515316  29.347198 29.419 -100.00 -100.00 -100.00
 272     1.189 57353.71673552 28.26 270.511474  29.343168 13.312 -100.00 -100.00 -100.00
 272     0.932 57353.71673611 29.46 270.512711  29.345584 13.026 -100.00 -100.00 -100.00
 272     0.961 57353.71673670 34.28 270.513949  29.348001 29.818 -100.00 -100.00 -100.00
 273     1.156 57363.63238008 26.29 270.512775  29.343499  8.081 -100.00 -100.00 -100.00
 273     1.070 57363.63238067 28.85 270.514013  29.345915 11.762 -100.00 -100.00 -100.00
 274     1.492 57373.54802100 29.92 270.514043  29.343297 12.891 -100.00 -100.00 -100.00
 274     1.134 57373.54802160 35.86 270.515281  29.345713   -100 -100.00 -100.00 -100.00
 275     1.115 57383.46365956 27.71 270.514450  29.341968  8.852 -100.00 -100.00 -100.00
 275     1.286 57383.46366015 33.04 270.515688  29.344384 20.562 -100.00 -100.00 -100.00
 275     1.581 57383.46366074 36.01 270.516925  29.346801 29.396 -100.00 -100.00 -100.00
 276     1.184 57393.37929755 28.82 270.515629  29.340527  9.675 -100.00 -100.00 -100.00
 276     1.629 57393.37929814 30.20 270.516867  29.342943 11.820 -100.00 -100.00 -100.00
 276     1.714 57393.37929873 38.14 270.518105  29.345360   -100 -100.00 -100.00 -100.00
 277     1.624 57403.29493557 33.04 270.519989  29.342740 14.217 -100.00 -100.00 -100.00
 277     1.834 57403.29493616 38.78 270.521227  29.345157 28.601 -100.00 -100.00 -100.00
 278     1.905 57413.21058013 29.14 270.520580  29.342040 10.464 -100.00 -100.00 -100.00
 278     1.907 57413.21058072 35.92 270.521817  29.344457 24.867 -100.00 -100.00 -100.00
 278     1.976 57413.21058131 38.37 270.523055  29.346874 22.551 -100.00 -100.00 -100.00
 279     1.592 57423.12623134 28.58 270.517886  29.342241  8.579 -100.00 -100.00 -100.00
 279     1.675 57423.12623193 33.37 270.519123  29.344658 21.760 -100.00 -100.00 -100.00
 280     1.445 57433.04187957 28.13 270.513414  29.341374 10.231 -100.00 -100.00 -100.00
 280     1.550 57433.04188016 29.73 270.514652  29.343791 11.274 -100.00 -100.00 -100.00
 280     1.520 57433.04188075 37.44 270.515889  29.346207 29.254 -100.00 -100.00 -100.00
 281     1.257 57442.95752673 28.08 270.510740  29.342656  9.489 -100.00 -100.00 -100.00
 281     1.232 57442.95752732 30.10 270.511977  29.345073 13.811 -100.00 -100.00 -100.00
 281     1.141 57442.95752791 33.59 270.513215  29.347490 22.955 -100.00 -100.00 -100.00
 282     1.554 57452.87317365 35.49 270.510761  29.344346 21.296 -100.00 -100.00 -100.00
 282     1.486 57452.87317424 32.70 270.511999  29.346763 14.006 -100.00 -100.00 -100.00
 283     1.833 57462.78881849 29.51 270.511649  29.343499 12.083 -100.00 -100.00 -100.00
 283     1.348 57462.78881908 32.26 270.512886  29.345916 18.008 -100.00 -100.00 -100.00
 284     1.670 57472.70445973 29.45 270.514605  29.341801 13.077 -100.00 -100.00 -100.00
 284     1.120 57472.70446032 35.58 270.515843  29.344218   -100 -100.00 -100.00 -100.00
 284     1.367 57472.70446091 37.19 270.517080  29.346635 32.226 -100.00 -100.00 -100.00
 285     1.594 57482.62009752 31.24 270.518115  29.342450 15.271 -100.00 -100.00 -100.00
 285     1.455 57482.62009811 34.33 270.519352  29.344867 24.405 -100.00 -100.00 -100.00
 286     1.504 57492.53573189 27.51 270.520054  29.342818  9.724 -100.00 -100.00 -100.00
 286     1.664 57492.53573248 29.62 270.521291  29.345234 13.370 -100.00 -100.00 -100.00
 287     1.684 57502.45136380 35.13 270.521933  29.342236 15.127 -100.00 -100.00 -100.00
 287     1.576 57502.45136439 37.55 270.523171  29.344653 18.767 -100.00 -100.00 -100.00
 287     1.718 57502.45136499 41.84 270.524409  29.347069 26.521 -100.00 -100.00 -100.00
 288     1.348 57512.36701360 27.60 270.518919  29.341059 10.279 -100.00 -100.00 -100.00
 288     1.344 57512.36701419 33.88 270.520157  29.343476 27.355 -100.00 -100.00 -100.00
 288     1.415 57512.36701478 35.78 270.521394  29.345892   -100 -100.00 -100.00 -100.00
 289     1.627 57522.28266844 27.39 270.517511  29.342628  4.439 -100.00 -100.00 -100.00
 289     1.479 57522.28266903 31.56 270.518749  29.345045  9.939 -100.00 -100.00 -100.00
 290     1.503 57532.19832054 27.49 270.516524  29.341951  6.252 -100.00 -100.00 -100.00
 290     1.168 57532.19832113 31.75 270.517762  29.344367 14.883 -100.00 -100.00 -100.00
 291     1.388 57542.11396929 26.98 270.515194  29.340722  7.093 -100.00 -100.00 -100.00
 291     1.278 57542.11396988 28.49 270.516432  29.343139  8.832 -100.00 -100.00 -100.00
 291     0.978 57542.11397047 36.43 270.517669  29.345555 29.756 -100.00 -100.00 -100.00
 292     1.299 57552.02961595 27.86 270.514597  29.341990  3.487 -100.00 -100.00 -100.00
 292     1.116 57552.02961654 28.95 270.515835  29.344406  4.470 -100.00 -100.00 -100.00
 292     1.004 57552.02961713 35.50 270.517072  29.346822 13.595 -100.00 -100.00 -100.00
 293     1.247 57561.94526120 30.88 270.513468  29.342590 18.286 -100.00 -100.00 -100.00
 293     1.274 57561.94526179 28.98 270.514706  29.345006 13.059 -100.00 -100.00 -100.00
 294     0.611 57571.86090636 35.50 270.513300  29.343608 15.997 -100.00 -100.00 -100.00
 294     0.609 57571.86090695 36.85 270.514537  29.346025 24.774 -100.00 -100.00 -100.00
 295     1.118 57581.77655077 34.12 270.512855  29.341346 26.483 -100.00 -100.00 -100.00
 295     1.103 57581.77655137 28.98 270.514092  29.343762 12.547 -100.00 -100.00 -100.00
 295     0.900 57581.77655196 31.81 270.515329  29.346179 18.057 -100.00 -100.00 -100.00
 296     1.452 57591.69219406 32.75 270.514630  29.341629  8.323 -100.00 -100.00 -100.00
 296     0.952 57591.69219465 30.33 270.515867  29.344045  5.971 -100.00 -100.00 -100.00
 296     0.902 57591.69219524 33.59 270.517105  29.346462 10.239 -100.00 -100.00 -100.00
 297     1.310 57601.60783475 29.02 270.516044  29.342858  8.761 -100.00 -100.00 -100.00
 297     1.193 57601.60783534 34.10 270.517281  29.345274 19.714 -100.00 -100.00 -100.00
