#  174.146  -0.318   5.505 ;Mean Elev.(m), Avg Gradient(m/km), RMS Gradient(m/km) - SRTM1     
#  186.071   0.038   5.293 ;Mean Elev.(m), Avg Gradient(m/km), RMS Gradient(m/km) - ASTER GDEM
#  174.764  -0.367   5.563 ;Mean Elev.(m), Avg Gradient(m/km), RMS Gradient(m/km) - GMTED2010 
   1 269.767060  41.787335   174.870   174.865  3 54667.59552934 44.888
   2 269.763931  41.786176   174.416   174.414  4 54677.51117317 37.346
   3 269.761916  41.785331   171.161   171.164  4 54687.42681574 24.181
   4 269.763994  41.786159   174.394   174.387  4 54697.34245712 54.666
   5 269.768519  41.787706   174.494   174.516  3 54707.25809889 48.245
   6 269.768563  41.787657   174.184   174.191  4 54717.17375067 35.005
   7 269.768641  41.788368   174.311   174.272  4 54727.08940019 49.751
   8 269.764631  41.786911   174.202   174.193  4 54737.00504748 37.722
   9 269.759157  41.785056   174.653   174.079  5 54746.92069426 35.159
  10 269.753528  41.781259   174.339   174.313  5 54756.83634031 39.659
  11 269.755564  41.782728   174.220   174.204  5 54766.75198621 32.095
  12 269.761289  41.785371   174.168   174.169  4 54776.66762946 33.618
  13 269.765534  41.786843   174.237   174.227  4 54786.58326982 37.204
  14 269.767002  41.787509   174.397   174.181  3 54796.49890840 53.362
  15 269.766628  41.786887   174.220   174.227  4 54806.41454599 47.216
  16 269.768340  41.787493   174.280   174.303  4 54816.33018335 41.902
  17 269.766699  41.787215   174.313   174.288  4 54826.24583087 32.827
  18 269.763407  41.786441   174.189   174.190  4 54836.16146959 39.505
  19 269.757403  41.783709   174.184   174.198  4 54846.07711808 37.948
  20 269.753053  41.782222   174.410   174.441  5 54855.99276647 41.408
  21 269.747384  41.777887   174.128   174.120  3 54865.90841424 38.350
  22 269.746413  41.777066   174.774   174.849  3 54875.82406269 48.979
  23 269.750595  41.780033   174.329   174.422  5 54885.73970942 49.143
  24 269.754591  41.782492   174.238   174.230  5 54895.65535253 31.042
  25 269.755524  41.782313   174.587   174.582  5 54905.57099203 50.555
  26 269.757867  41.784627   175.902   175.007  5 54915.48663077 32.373
  27 269.757852  41.783934   175.269   175.251  5 54925.40226830 40.008
  28 269.761068  41.785383   175.375   175.471  5 54935.31790579 37.954
  29 269.767067  41.787501   174.898   174.891  4 54945.23354173 55.792
  30 269.778125  41.794045   175.451   175.454  3 54955.14917655 51.800
  31 269.775888  41.791654   175.881   174.788  3 54965.06482268 33.376
  32 269.771633  41.789788   174.554   174.584  4 54974.98047002 34.772
  33 269.767058  41.788036   174.610   174.568  4 54984.89611718 40.839
  34 269.763314  41.785532   174.511   174.503  4 54994.81176424 33.411
  35 269.762212  41.785626   174.643   174.634  4 55004.72741063 34.472
  36 269.759953  41.784312   174.274   174.297  5 55014.64305440 34.325
  37 269.759102  41.784796   174.158   174.078  5 55024.55869714 42.924
  38 269.756636  41.783337   174.302   174.246  5 55034.47433866 46.456
  39 269.758765  41.784933   174.041   173.975  5 55044.38998037 35.038
  40 269.763758  41.786096   174.514   174.513  4 55054.30562054 44.693
  41 269.770575  41.788498   174.828   174.478  4 55064.22125889 31.296
  42 269.769651  41.787650   174.766   174.772  4 55074.13690492 52.606
  43 269.766024  41.787015   174.145   174.140  3 55084.05255248 49.121
  44 269.760986  41.785004   174.065   174.066  4 55093.96819829 34.269
  45 269.759050  41.784778   174.017   173.949  5 55103.88384470 37.130
  46 269.758747  41.784660   174.387   174.468  5 55113.79949107 42.990
  47 269.760414  41.784676   174.368   174.472  5 55123.71513520 32.864
  48 269.763462  41.786069   174.711   174.652  4 55133.63077680 34.642
  49 269.765459  41.787178   174.803   174.861  3 55143.54641598 44.498
  50 269.764790  41.786558   174.434   174.434  4 55153.46205377 36.101
  51 269.765753  41.787360   174.471   174.381  3 55163.37769223 44.171
  52 269.767401  41.787522   174.434   174.427  4 55173.29333033 51.657
  53 269.770673  41.788326   174.276   174.259  4 55183.20896806 40.155
  54 269.766765  41.787914   174.912   174.919  4 55193.12461877 46.061
  55 269.759248  41.784562   174.400   174.345  5 55203.04026747 45.194
  56 269.753471  41.782051   174.552   174.539  5 55212.95591600 39.759
  57 269.751428  41.780802   174.594   174.583  4 55222.87156471 32.197
  58 269.752799  41.780829   174.281   174.359  5 55232.78721260 32.993
  59 269.758380  41.784051   174.568   174.483  5 55242.70285821 39.236
  60 269.759794  41.784595   174.253   174.248  4 55252.61849953 43.643
  61 269.758076  41.783937   174.649   174.582  5 55262.53413793 51.284
  62 269.757622  41.784493   175.412   175.385  5 55272.44977554 54.916
  63 269.759501  41.784462   176.032   176.101  5 55282.36541297 54.730
  64 269.766611  41.787761   176.306   176.305  3 55292.28105029 51.837
  65 269.773534  41.789963   175.623   175.641  4 55302.19668608 46.037
  66 269.771685  41.788666   174.725   174.695  4 55312.11233316 30.335
  67 269.769071  41.788426   174.615   174.671  4 55322.02797822 32.394
  68 269.764569  41.786495   175.094   175.074  4 55331.94362177 34.602
  69 269.761377  41.785008   174.865   174.932  5 55341.85926556 34.946
  70 269.762095  41.785575   174.541   174.447  4 55351.77490990 31.144
  71 269.763881  41.786325   174.597   174.600  4 55361.69055215 39.779
  72 269.763999  41.786280   175.268   175.264  4 55371.60619192 35.377
  73 269.763711  41.786538   175.458   175.499  4 55381.52183014 31.190
  74 269.763097  41.785667   175.245   175.246  4 55391.43746728 40.663
  75 269.767826  41.787803   175.817   175.878  3 55401.35310412 39.640
  76 269.770020  41.788682   175.440   175.436  4 55411.26875382 51.959
  77 269.770668  41.788342   174.978   174.983  4 55421.18440341 38.127
  78 269.769514  41.788151   175.680   175.701  4 55431.10005005 46.159
  79 269.763858  41.785899   174.808   174.832  4 55441.01569383 36.203
  80 269.759474  41.784478   174.734   174.730  4 55450.93133654 31.651
  81 269.759773  41.785059   174.686   174.672  5 55460.84697950 31.262
  82 269.763967  41.786392   176.377   176.385  4 55470.76262178 32.150
  83 269.768874  41.787515   176.554   176.548  4 55480.67826105 39.500
  84 269.773480  41.789937   175.488   175.515  4 55490.59389794 35.195
  85 269.775552  41.791592   174.959   174.953  4 55500.50953219 41.466
  86 269.770201  41.788449   175.682   175.711  4 55510.42517324 50.933
  87 269.765061  41.786864   175.196   175.188  3 55520.34082207 50.497
  88 269.762726  41.785927   174.874   174.842  4 55530.25647022 53.449
  89 269.762156  41.785535   174.364   174.380  4 55540.17211703 35.903
  90 269.761098  41.785040   174.884   174.849  4 55550.08776170 43.270
  91 269.758585  41.784858   174.957   175.019  5 55560.00340482 45.410
  92 269.755964  41.783568   174.835   174.775  5 55569.91904699 39.441
  93 269.757885  41.784576   174.964   175.082  5 55579.83468909 45.679
  94 269.763096  41.785655   174.489   174.448  4 55589.75032878 34.482
  95 269.771658  41.788995   174.882   174.799  4 55599.66596604 38.971
  96 269.778697  41.793301   175.929   175.929  2 55609.58160082 34.788
  97 269.779860  41.793895   175.186   175.186  2 55619.49723264 48.966
  98 269.770180  41.788589   175.100   175.053  3 55629.41288007 40.514
  99 269.766576  41.787521   174.912   174.899  3 55639.32853022 54.666
 100 269.767499  41.787537   176.448   176.462  4 55649.24417866 54.162
 101 269.770835  41.789419   176.961   176.959  4 55659.15982452 49.421
 102 269.770413  41.788647   177.778   177.769  4 55669.07546592 53.354
 103 269.768086  41.787739   177.155   177.142  3 55678.99110503 38.074
 104 269.766464  41.787137   176.538   176.534  3 55688.90674247 35.416
 105 269.767650  41.787753   175.958   175.963  4 55698.82237898 37.901
 106 269.771763  41.789852   175.778   175.772  4 55708.73801712 47.990
 107 269.768484  41.787653   175.813   175.793  4 55718.65366726 30.618
 108 269.765331  41.786709   175.561   175.572  4 55728.56931504 33.675
 109 269.762552  41.786186   175.397   175.387  4 55738.48496131 45.659
 110 269.759547  41.784510   175.734   175.730  4 55748.40060601 38.606
 111 269.760619  41.785002   175.111   175.112  5 55758.31624916 43.823
 112 269.765243  41.786754   175.448   175.436  3 55768.23189015 45.447
 113 269.771186  41.788960   175.637   175.631  4 55778.14752830 52.948
 114 269.777570  41.793139   175.330   175.310  3 55788.06316445 36.391
 115 269.778677  41.793235   174.757   174.757  2 55797.97879817 32.965
 116 269.773047  41.789550   174.669   174.682  4 55807.89444132 48.361
 117 269.769026  41.787576   174.409   174.440  4 55817.81008989 35.393
 118 269.771259  41.788852   174.247   174.276  4 55827.72573585 36.332
 119 269.776378  41.792384   174.384   174.419  3 55837.64137807 39.554
 120 269.779024  41.794051   174.717   174.740  3 55847.55701648 50.360
 121 269.779006  41.794210   174.511   174.338  3 55857.47265188 40.903
 122 269.770907  41.788467   174.205   174.211  4 55867.38829507 34.529
 123 269.766127  41.787566   174.634   174.648  4 55877.30394632 53.968
 124 269.765592  41.787585   174.165   174.163  4 55887.21959179 44.777
 125 269.766879  41.787244   174.312   174.298  4 55897.13523175 49.873
 126 269.771414  41.789364   174.211   174.177  4 55907.05086749 49.715
 127 269.767781  41.787391   174.273   174.265  3 55916.96651278 48.305
 128 269.762738  41.785995   174.232   174.230  4 55926.88216574 37.041
 129 269.760730  41.785031   174.373   174.377  4 55936.79781572 37.779
 130 269.762137  41.785345   174.287   174.311  4 55946.71346128 40.030
 131 269.765453  41.786832   174.218   174.205  3 55956.62910262 36.432
 132 269.767422  41.787488   174.329   174.334  3 55966.54474093 47.166
 133 269.767540  41.787340   174.236   174.228  4 55976.46037773 51.214
 134 269.769521  41.788387   174.249   174.222  4 55986.37601406 46.360
 135 269.774187  41.790749   174.248   174.251  3 55996.29165141 52.955
 136 269.771746  41.788978   175.008   175.011  4 56006.20730221 37.679
 137 269.771022  41.789013   174.547   174.543  4 56016.12294952 33.377
 138 269.767269  41.787287   174.381   174.377  3 56026.03859344 30.738
 139 269.763626  41.786176   174.228   174.308  5 56035.95423594 34.032
 140 269.762766  41.785904   174.697   174.697  5 56045.86987690 35.855
 141 269.764877  41.786934   174.835   174.835  3 56055.78551557 30.776
 142 269.769732  41.788500   175.490   175.595  4 56065.70115048 30.492
 143 269.768654  41.788354   174.890   174.884  4 56075.61679649 26.454
 144 269.763445  41.786005   175.411   175.400  4 56085.53244479 42.908
 145 269.761800  41.785835   175.308   175.302  5 56095.44809131 37.831
 146 269.762606  41.786024   175.232   175.238  5 56105.36373593 37.822
 147 269.765767  41.787015   175.444   175.449  3 56115.27936641 52.575
 148 269.770034  41.788472   174.705   174.707  4 56125.19500494 49.520
 149 269.775865  41.791710   174.339   174.339  3 56135.11064005 39.146
 150 269.775740  41.792105   174.277   174.336  4 56145.02628153 34.632
 151 269.769186  41.787905   174.103   174.103  4 56154.94193034 35.115
 152 269.766164  41.786951   174.205   174.220  4 56164.85757911 34.400
 153 269.765966  41.787114   174.201   174.199  3 56174.77322618 44.631
 154 269.767517  41.787054   174.033   174.076  4 56184.68886822 42.310
 155 269.770627  41.789088   174.172   174.195  4 56194.60450693 38.789
 156 269.771442  41.789572   174.001   173.999  4 56204.52014209 36.574
 157 269.771730  41.789180   174.297   174.217  4 56214.43577534 53.332
 158 269.774033  41.790776   174.129   174.070  4 56224.35141164 39.528
 159 269.768307  41.787340   174.206   174.210  4 56234.26706613 39.054
 160 269.766728  41.787638   174.176   174.157  4 56244.18271779 42.049
 161 269.763688  41.785810   174.218   174.227  4 56254.09836414 33.062
 162 269.761998  41.785331   174.336   174.290  5 56264.01400678 54.049
 163 269.761287  41.784950   174.041   174.037  4 56273.92964785 35.612
 164 269.762671  41.785629   174.258   174.213  5 56283.84529244 48.825
 165 269.763998  41.786906   174.180   174.193  4 56293.76094447 42.906
 166 269.764660  41.786949   174.288   174.284  4 56303.67659181 46.498
 167 269.763522  41.786157   174.081   174.065  5 56313.59223467 43.682
 168 269.761536  41.785180   174.359   174.375  4 56323.50787510 43.351
 169 269.761724  41.785618   174.240   174.259  4 56333.42351519 44.477
 170 269.764786  41.786514   174.113   174.111  4 56343.33915502 44.607
 171 269.771201  41.789337   174.334   174.285  4 56353.25479321 46.065
 172 269.772973  41.789673   175.069   175.066  4 56363.17043563 34.136
 173 269.768355  41.788010   174.520   174.508  4 56373.08608383 50.028
 175 269.756341  41.782632   175.409   175.355  5 56392.91737244 35.164
 176 269.757862  41.783939   177.012   177.015  5 56402.83301553 39.693
 177 269.761357  41.784862   176.219   176.241  4 56412.74865589 32.423
 178 269.767906  41.787346   176.388   176.401  4 56422.66429177 34.551
 179 269.768624  41.788228   176.170   176.170  3 56432.57993414 31.177
 180 269.761380  41.785513   176.093   176.113  4 56442.49558532 35.257
 181 269.755545  41.782224   176.570   176.508  5 56452.41123388 51.945
 182 269.757693  41.784198   175.974   175.949  5 56462.32688160 54.370
 183 269.761138  41.784992   177.061   177.064  5 56472.24252592 44.987
 184 269.765995  41.786891   176.277   176.287  4 56482.15816716 53.388
 185 269.768526  41.788221   175.204   175.197  4 56492.07380457 35.623
 186 269.769158  41.787932   174.531   174.488  4 56501.98943921 32.210
 187 269.773087  41.790021   174.372   174.464  5 56511.90507319 32.358
 188 269.772994  41.789991   174.303   174.232  5 56521.82071992 32.091
 189 269.770857  41.788831   174.517   174.523  4 56531.73637259 28.184
 191 269.766788  41.787447   175.243   174.264  4 56551.56766628 30.523
 192 269.761555  41.785129   174.169   174.167  5 56561.48330804 37.514
 193 269.759120  41.784808   174.319   174.340  5 56571.39894917 39.732
 194 269.760139  41.784797   174.361   174.323  5 56581.31458904 30.681
 195 269.768022  41.787835   174.279   174.272  3 56591.23022591 27.330
 196 269.769086  41.788275   174.408   174.510  3 56601.14587450 53.488
 197 269.765829  41.787389   174.356   174.347  3 56611.06152401 47.955
 198 269.760888  41.784838   174.245   174.223  4 56620.97716862 35.619
 199 269.758680  41.783813   174.356   174.320  5 56630.89281082 41.927
 200 269.763241  41.785952   174.266   174.160  4 56640.80845051 37.455
 201 269.767331  41.787852   221.510   221.734  4 56650.72409886 14.162
 202 269.767769  41.788187   174.076   174.064  4 56660.63974971 36.956
 203 269.765242  41.787237   174.133   174.121  4 56670.55539646 36.341
 204 269.759944  41.784506   174.130   174.110  4 56680.47104031 37.132
 205 269.758537  41.784002   174.178   174.188  5 56690.38668302 35.263
 206 269.762525  41.785758   174.077   174.080  4 56700.30232332 34.152
 207 269.769976  41.788429   174.396   174.471  3 56710.21795939 36.337
 208 269.771395  41.788985   173.948   173.944  4 56720.13360145 31.911
 209 269.765555  41.787629   174.754   174.665  4 56730.04925271 38.795
 210 269.757778  41.784289   174.837   174.836  5 56739.96489971 37.096
 211 269.753536  41.782194   174.787   174.762  5 56749.88054327 34.164
 212 269.755855  41.782374   174.999   175.055  5 56759.79618301 29.461
 213 269.765971  41.787601   176.632   176.647  3 56769.71181801 34.824
 214 269.765157  41.787185   176.247   176.239  4 56779.62746854 33.726
 215 269.759729  41.785029   177.048   177.050  5 56789.54312298 53.755
 216 269.751347  41.780071   176.803   176.801  5 56799.45877315 53.075
 217 269.747626  41.777722   176.030   176.019  4 56809.37441782 40.763
 218 269.753053  41.781775   175.757   175.701  5 56819.29005915 37.420
 219 269.761326  41.785435   176.444   176.446  4 56829.20569691 50.899
 220 269.769930  41.788220   177.264   177.262  4 56839.12133144 45.441
 221 269.778081  41.793544   177.335   177.327  3 56849.03696542 43.814
 222 269.768002  41.787859   175.537   175.533  3 56858.95261811 28.842
 223 269.761457  41.785488   174.502   174.514  4 56868.86827086 33.391
 224 269.759157  41.785127   175.292   174.958  5 56878.78392221 31.007
 225 269.758707  41.784654   175.316   175.589  5 56888.69957031 30.380
 226 269.758951  41.784983   174.852   174.530  5 56898.61521581 34.349
 227 269.755778  41.783200   174.707   174.716  5 56908.53085803 41.305
 228 269.752174  41.780915   175.519   175.470  5 56918.44649804 54.324
 229 269.752513  41.780861   174.647   174.634  5 56928.36213673 53.696
 230 269.759687  41.785082   174.554   174.558  5 56938.27777263 40.270
 231 269.767832  41.787847   174.514   174.431  3 56948.19340711 32.315
 232 269.766159  41.787482   174.254   174.250  4 56958.10906012 31.068
 233 269.763067  41.785961   174.570   174.588  4 56968.02470763 50.717
 234 269.760753  41.784739   174.496   174.538  4 56977.94035145 33.269
 235 269.762174  41.785862   174.248   174.244  4 56987.85599165 43.019
 236 269.768356  41.787984   174.483   174.369  4 56997.77162642 39.290
 237 269.769405  41.788059   174.424   174.455  4 57007.68727482 31.759
 238 269.767841  41.787882   174.762   174.774  3 57017.60292830 54.083
 239 269.765050  41.787118   221.784   222.003  4 57027.51857796 15.122
 240 269.761037  41.785472   174.245   174.226  5 57037.43422538 31.200
 241 269.759554  41.784894   174.583   174.612  5 57047.34987059 45.560
 242 269.761113  41.784922   174.384   174.401  5 57057.26551249 40.272
 243 269.766779  41.787864   174.327   174.329  4 57067.18114988 28.037
 244 269.770577  41.789136   173.935   173.919  4 57077.09678258 32.900
 245 269.774404  41.791001   174.062   174.002  3 57087.01241435 28.618
 246 269.763495  41.785769   174.452   174.442  4 57096.92807136 32.543
 247 269.756423  41.782621   174.546   174.510  5 57106.84372628 32.376
 248 269.755260  41.782078   174.278   174.238  5 57116.75937740 31.014
 249 269.758679  41.784750   174.909   174.822  5 57126.67502322 52.878
 250 269.760977  41.785368   174.631   174.631  5 57136.59066304 45.665
 251 269.765308  41.787617   177.296   177.900  4 57146.50629909 31.190
 252 269.769078  41.788185   174.540   174.549  4 57156.42193223 47.618
 253 269.770332  41.788717   174.727   174.720  4 57166.33757510 53.878
 254 269.766619  41.787597   175.381   175.403  3 57176.25323074 54.228
 255 269.764815  41.786708   175.529   175.503  4 57186.16888276 39.846
 256 269.764370  41.786709   175.126   175.153  3 57196.08453107 35.769
 257 269.762448  41.785565   174.749   174.749  4 57206.00016557 34.605
 258 269.761168  41.785546   174.620   174.601  5 57215.91581077 33.231
 259 269.761333  41.785508   174.767   174.784  4 57225.83145490 31.613
 260 269.762767  41.785425   174.557   174.480  4 57235.74709713 32.881
 261 269.765937  41.786983   174.508   174.543  3 57245.66273633 30.890
 262 269.767632  41.787428   174.311   174.260  4 57255.57837249 43.080
 263 269.768359  41.787712   174.552   174.490  4 57265.49400713 53.121
 264 269.767381  41.787436   174.450   174.499  4 57275.40964945 48.586
 265 269.763296  41.785959   174.551   174.533  4 57285.32530564 55.626
 266 269.762161  41.785885   174.294   174.291  5 57295.24095949 33.373
 267 269.760867  41.784970   174.261   174.205  5 57305.15660960 46.196
 268 269.758595  41.783903   174.187   174.074  5 57315.07225587 32.276
 269 269.755354  41.782141   174.198   174.258  5 57324.98789886 34.410
 270 269.756798  41.783705   174.517   174.514  5 57334.90354110 33.466
 271 269.760736  41.785098   177.424   178.035  4 57344.81918163 28.698
 272 269.758987  41.784688   175.278   175.272  5 57354.73483601 38.689
 273 269.760591  41.784877   174.848   174.841  4 57364.65048030 49.322
 274 269.762470  41.785668   175.524   175.512  5 57374.56612118 33.815
 275 269.763774  41.786340   175.685   175.641  4 57384.48175995 31.830
 276 269.765828  41.786801   174.544   174.532  4 57394.39739817 52.929
 277 269.770867  41.789342   174.519   174.550  4 57404.31303609 43.784
 278 269.771465  41.789616   174.595   174.606  4 57414.22868275 40.935
 279 269.766795  41.787046   174.960   174.796  4 57424.14433314 45.767
 280 269.760859  41.784826   174.696   174.684  4 57434.05998073 43.004
 281 269.755534  41.782950   174.638   174.608  5 57443.97562679 37.586
 282 269.752817  41.781148   174.711   174.675  5 57453.89127252 32.949
 283 269.756236  41.783529   176.232   175.130  5 57463.80691783 30.863
 284 269.762383  41.785249   176.416   176.410  4 57473.72255957 43.518
 286 269.771846  41.789891   175.460   175.473  4 57493.55383236 50.794
 287 269.773985  41.790645   174.854   174.950  3 57503.46946451 41.627
 288 269.768201  41.787903   175.392   175.378  3 57513.38511623 45.302
 289 269.766211  41.787324   175.268   175.276  3 57523.30077035 50.421
 290 269.766599  41.787257   174.699   174.699  4 57533.21642250 51.612
 291 269.766210  41.786930   174.875   174.893  4 57543.13207140 34.850
 292 269.764243  41.786472   175.391   175.385  4 57553.04771761 35.885
 293 269.760945  41.785020   175.073   174.988  5 57562.96336218 35.642
 294 269.759611  41.784787   174.796   174.672  5 57572.87900681 33.233
 295 269.760627  41.785093   174.799   174.775  5 57582.79465162 32.193
 296 269.762997  41.785699   175.383   175.379  4 57592.71029471 34.987
 297 269.765059  41.787157   175.619   175.613  3 57602.62593539 39.064
